# a = 0.100000
# b = 1.000000
# E = 3.162278
# tol = 0.000000
# s12 = 0.554977
# s13 = 0.152971
# psi0 = 0.822075 + I0.000000	0.548446 + I0.000000	0.152971 + I0.000000
# dh = 0.000100
# out = data191215/E0.5_tol-10.0.log
# model = sun
# H0 = 
#	 0.000000e+00 0.000000e+00 0.000000e+00
#	 0.000000e+00 4.204874e+04 0.000000e+00
#	 0.000000e+00 0.000000e+00 1.376211e+06
# W = 
#	 6.758072e-01 4.508635e-01 1.257533e-01
#	 4.508635e-01 3.007928e-01 8.389608e-02
#	 1.257533e-01 8.389608e-02 2.340000e-02
# H0W = 
#	 0.000000e+00 -1.895824e+04 -1.730630e+05
#	 1.895824e+04 0.000000e+00 -1.119309e+05
#	 1.730630e+05 1.119309e+05 0.000000e+00
# H0H0W = 
#	 0.000000e+00 7.971702e+08 2.381711e+11
#	 7.971702e+08 0.000000e+00 1.493340e+11
#	 2.381711e+11 1.493340e+11 0.000000e+00
# WH0W = 
#	 6.062164e+04 2.148538e+04 -1.617826e+05
#	 2.148538e+04 1.685972e+03 -1.114607e+05
#	 -1.617826e+05 -1.114607e+05 -6.230762e+04
#################################################
##            CALCULATION COMPLETED            ##
#################################################
# Psi[0]^2 = 0.409839 + I0.000000
# Psi[1]^2 = 0.565971 + I0.000000
# Psi[2]^2 = 0.024190 + I0.000000
# phi0 = 1.770481 
# phi1 = 1.045972 
# phi2 = 0.539715 
# Psi = 
#	6.274659e-01+i(-1.269877e-01)
#	6.510583e-01+i(3.769535e-01)
#	7.992592e-02+i(1.334229e-01)
#ProbSurv b 1-|Psi|^2 calls E tol dh dh(prev) dh(last)
0.447778380387	1	9.81726e-12	5885508	3.16228	1e-10	0.0001	1.52918e-07	1.35454e-07
# a = 0.100000
# b = 1.000000
# E = 3.162278
# tol = 0.010000
# s12 = 0.554977
# s13 = 0.152971
# psi0 = 0.822075 + I0.000000	0.548446 + I0.000000	0.152971 + I0.000000
# dh = 0.000100
# out = data191215/E0.5_tol-2.0.log
# model = sun
# H0 = 
#	 0.000000e+00 0.000000e+00 0.000000e+00
#	 0.000000e+00 4.204874e+04 0.000000e+00
#	 0.000000e+00 0.000000e+00 1.376211e+06
# W = 
#	 6.758072e-01 4.508635e-01 1.257533e-01
#	 4.508635e-01 3.007928e-01 8.389608e-02
#	 1.257533e-01 8.389608e-02 2.340000e-02
# H0W = 
#	 0.000000e+00 -1.895824e+04 -1.730630e+05
#	 1.895824e+04 0.000000e+00 -1.119309e+05
#	 1.730630e+05 1.119309e+05 0.000000e+00
# H0H0W = 
#	 0.000000e+00 7.971702e+08 2.381711e+11
#	 7.971702e+08 0.000000e+00 1.493340e+11
#	 2.381711e+11 1.493340e+11 0.000000e+00
# WH0W = 
#	 6.062164e+04 2.148538e+04 -1.617826e+05
#	 2.148538e+04 1.685972e+03 -1.114607e+05
#	 -1.617826e+05 -1.114607e+05 -6.230762e+04
#################################################
##            CALCULATION COMPLETED            ##
#################################################
# Psi[0]^2 = 0.409839 + I0.000000
# Psi[1]^2 = 0.565994 + I0.000000
# Psi[2]^2 = 0.024166 + I0.000000
# phi0 = 1.770463 
# phi1 = 1.045942 
# phi2 = 0.539300 
# Psi = 
#	6.274682e-01+i(-1.269763e-01)
#	6.510607e-01+i(3.769805e-01)
#	7.983175e-02+i(1.333913e-01)
#ProbSurv b 1-|Psi|^2 calls E tol dh dh(prev) dh(last)
  0.4477848957	1	-3.42741e-11	12681	3.16228	0.01	0.0001	7.09783e-05	6.88473e-05
# a = 0.100000
# b = 1.000000
# E = 3.162278
# tol = 0.003162
# s12 = 0.554977
# s13 = 0.152971
# psi0 = 0.822075 + I0.000000	0.548446 + I0.000000	0.152971 + I0.000000
# dh = 0.000100
# out = data191215/E0.5_tol-2.5.log
# model = sun
# H0 = 
#	 0.000000e+00 0.000000e+00 0.000000e+00
#	 0.000000e+00 4.204874e+04 0.000000e+00
#	 0.000000e+00 0.000000e+00 1.376211e+06
# W = 
#	 6.758072e-01 4.508635e-01 1.257533e-01
#	 4.508635e-01 3.007928e-01 8.389608e-02
#	 1.257533e-01 8.389608e-02 2.340000e-02
# H0W = 
#	 0.000000e+00 -1.895824e+04 -1.730630e+05
#	 1.895824e+04 0.000000e+00 -1.119309e+05
#	 1.730630e+05 1.119309e+05 0.000000e+00
# H0H0W = 
#	 0.000000e+00 7.971702e+08 2.381711e+11
#	 7.971702e+08 0.000000e+00 1.493340e+11
#	 2.381711e+11 1.493340e+11 0.000000e+00
# WH0W = 
#	 6.062164e+04 2.148538e+04 -1.617826e+05
#	 2.148538e+04 1.685972e+03 -1.114607e+05
#	 -1.617826e+05 -1.114607e+05 -6.230762e+04
#################################################
##            CALCULATION COMPLETED            ##
#################################################
# Psi[0]^2 = 0.409839 + I0.000000
# Psi[1]^2 = 0.565971 + I0.000000
# Psi[2]^2 = 0.024190 + I0.000000
# phi0 = 1.770478 
# phi1 = 1.045967 
# phi2 = 0.539649 
# Psi = 
#	6.274663e-01+i(-1.269857e-01)
#	6.510566e-01+i(3.769564e-01)
#	7.991708e-02+i(1.334282e-01)
#ProbSurv b 1-|Psi|^2 calls E tol dh dh(prev) dh(last)
0.447778380569	1	-4.39173e-11	18613	3.16228	0.00316228	0.0001	4.83569e-05	3.88447e-05
# a = 0.100000
# b = 1.000000
# E = 3.162278
# tol = 0.001000
# s12 = 0.554977
# s13 = 0.152971
# psi0 = 0.822075 + I0.000000	0.548446 + I0.000000	0.152971 + I0.000000
# dh = 0.000100
# out = data191215/E0.5_tol-3.0.log
# model = sun
# H0 = 
#	 0.000000e+00 0.000000e+00 0.000000e+00
#	 0.000000e+00 4.204874e+04 0.000000e+00
#	 0.000000e+00 0.000000e+00 1.376211e+06
# W = 
#	 6.758072e-01 4.508635e-01 1.257533e-01
#	 4.508635e-01 3.007928e-01 8.389608e-02
#	 1.257533e-01 8.389608e-02 2.340000e-02
# H0W = 
#	 0.000000e+00 -1.895824e+04 -1.730630e+05
#	 1.895824e+04 0.000000e+00 -1.119309e+05
#	 1.730630e+05 1.119309e+05 0.000000e+00
# H0H0W = 
#	 0.000000e+00 7.971702e+08 2.381711e+11
#	 7.971702e+08 0.000000e+00 1.493340e+11
#	 2.381711e+11 1.493340e+11 0.000000e+00
# WH0W = 
#	 6.062164e+04 2.148538e+04 -1.617826e+05
#	 2.148538e+04 1.685972e+03 -1.114607e+05
#	 -1.617826e+05 -1.114607e+05 -6.230762e+04
#################################################
##            CALCULATION COMPLETED            ##
#################################################
# Psi[0]^2 = 0.409839 + I0.000000
# Psi[1]^2 = 0.565971 + I0.000000
# Psi[2]^2 = 0.024190 + I0.000000
# phi0 = 1.770481 
# phi1 = 1.045968 
# phi2 = 0.539610 
# Psi = 
#	6.274660e-01+i(-1.269875e-01)
#	6.510568e-01+i(3.769561e-01)
#	7.991188e-02+i(1.334313e-01)
#ProbSurv b 1-|Psi|^2 calls E tol dh dh(prev) dh(last)
 0.44777838025	1	-3.14255e-11	27320	3.16228	0.001	0.0001	3.29452e-05	1.81612e-05
# a = 0.100000
# b = 1.000000
# E = 3.162278
# tol = 0.000316
# s12 = 0.554977
# s13 = 0.152971
# psi0 = 0.822075 + I0.000000	0.548446 + I0.000000	0.152971 + I0.000000
# dh = 0.000100
# out = data191215/E0.5_tol-3.5.log
# model = sun
# H0 = 
#	 0.000000e+00 0.000000e+00 0.000000e+00
#	 0.000000e+00 4.204874e+04 0.000000e+00
#	 0.000000e+00 0.000000e+00 1.376211e+06
# W = 
#	 6.758072e-01 4.508635e-01 1.257533e-01
#	 4.508635e-01 3.007928e-01 8.389608e-02
#	 1.257533e-01 8.389608e-02 2.340000e-02
# H0W = 
#	 0.000000e+00 -1.895824e+04 -1.730630e+05
#	 1.895824e+04 0.000000e+00 -1.119309e+05
#	 1.730630e+05 1.119309e+05 0.000000e+00
# H0H0W = 
#	 0.000000e+00 7.971702e+08 2.381711e+11
#	 7.971702e+08 0.000000e+00 1.493340e+11
#	 2.381711e+11 1.493340e+11 0.000000e+00
# WH0W = 
#	 6.062164e+04 2.148538e+04 -1.617826e+05
#	 2.148538e+04 1.685972e+03 -1.114607e+05
#	 -1.617826e+05 -1.114607e+05 -6.230762e+04
#################################################
##            CALCULATION COMPLETED            ##
#################################################
# Psi[0]^2 = 0.409839 + I0.000000
# Psi[1]^2 = 0.565971 + I0.000000
# Psi[2]^2 = 0.024190 + I0.000000
# phi0 = 1.770481 
# phi1 = 1.045968 
# phi2 = 0.539603 
# Psi = 
#	6.274659e-01+i(-1.269877e-01)
#	6.510570e-01+i(3.769558e-01)
#	7.991096e-02+i(1.334319e-01)
#ProbSurv b 1-|Psi|^2 calls E tol dh dh(prev) dh(last)
0.447778380337	1	-1.16289e-11	40099	3.16228	0.000316228	0.0001	2.24453e-05	1.67313e-05
# a = 0.100000
# b = 1.000000
# E = 3.162278
# tol = 0.000100
# s12 = 0.554977
# s13 = 0.152971
# psi0 = 0.822075 + I0.000000	0.548446 + I0.000000	0.152971 + I0.000000
# dh = 0.000100
# out = data191215/E0.5_tol-4.0.log
# model = sun
# H0 = 
#	 0.000000e+00 0.000000e+00 0.000000e+00
#	 0.000000e+00 4.204874e+04 0.000000e+00
#	 0.000000e+00 0.000000e+00 1.376211e+06
# W = 
#	 6.758072e-01 4.508635e-01 1.257533e-01
#	 4.508635e-01 3.007928e-01 8.389608e-02
#	 1.257533e-01 8.389608e-02 2.340000e-02
# H0W = 
#	 0.000000e+00 -1.895824e+04 -1.730630e+05
#	 1.895824e+04 0.000000e+00 -1.119309e+05
#	 1.730630e+05 1.119309e+05 0.000000e+00
# H0H0W = 
#	 0.000000e+00 7.971702e+08 2.381711e+11
#	 7.971702e+08 0.000000e+00 1.493340e+11
#	 2.381711e+11 1.493340e+11 0.000000e+00
# WH0W = 
#	 6.062164e+04 2.148538e+04 -1.617826e+05
#	 2.148538e+04 1.685972e+03 -1.114607e+05
#	 -1.617826e+05 -1.114607e+05 -6.230762e+04
#################################################
##            CALCULATION COMPLETED            ##
#################################################
# Psi[0]^2 = 0.409839 + I0.000000
# Psi[1]^2 = 0.565971 + I0.000000
# Psi[2]^2 = 0.024190 + I0.000000
# phi0 = 1.770481 
# phi1 = 1.045968 
# phi2 = 0.539600 
# Psi = 
#	6.274659e-01+i(-1.269877e-01)
#	6.510570e-01+i(3.769558e-01)
#	7.991064e-02+i(1.334321e-01)
#ProbSurv b 1-|Psi|^2 calls E tol dh dh(prev) dh(last)
0.447778380391	1	-1.52505e-11	58857	3.16228	0.0001	0.0001	1.52918e-05	8.16361e-06
# a = 0.100000
# b = 1.000000
# E = 3.162278
# tol = 0.000032
# s12 = 0.554977
# s13 = 0.152971
# psi0 = 0.822075 + I0.000000	0.548446 + I0.000000	0.152971 + I0.000000
# dh = 0.000100
# out = data191215/E0.5_tol-4.5.log
# model = sun
# H0 = 
#	 0.000000e+00 0.000000e+00 0.000000e+00
#	 0.000000e+00 4.204874e+04 0.000000e+00
#	 0.000000e+00 0.000000e+00 1.376211e+06
# W = 
#	 6.758072e-01 4.508635e-01 1.257533e-01
#	 4.508635e-01 3.007928e-01 8.389608e-02
#	 1.257533e-01 8.389608e-02 2.340000e-02
# H0W = 
#	 0.000000e+00 -1.895824e+04 -1.730630e+05
#	 1.895824e+04 0.000000e+00 -1.119309e+05
#	 1.730630e+05 1.119309e+05 0.000000e+00
# H0H0W = 
#	 0.000000e+00 7.971702e+08 2.381711e+11
#	 7.971702e+08 0.000000e+00 1.493340e+11
#	 2.381711e+11 1.493340e+11 0.000000e+00
# WH0W = 
#	 6.062164e+04 2.148538e+04 -1.617826e+05
#	 2.148538e+04 1.685972e+03 -1.114607e+05
#	 -1.617826e+05 -1.114607e+05 -6.230762e+04
#################################################
##            CALCULATION COMPLETED            ##
#################################################
# Psi[0]^2 = 0.409839 + I0.000000
# Psi[1]^2 = 0.565971 + I0.000000
# Psi[2]^2 = 0.024190 + I0.000000
# phi0 = 1.770481 
# phi1 = 1.045968 
# phi2 = 0.539601 
# Psi = 
#	6.274659e-01+i(-1.269877e-01)
#	6.510570e-01+i(3.769557e-01)
#	7.991077e-02+i(1.334320e-01)
#ProbSurv b 1-|Psi|^2 calls E tol dh dh(prev) dh(last)
0.447778380374	1	-7.47025e-12	86389	3.16228	3.16228e-05	0.0001	1.04182e-05	7.42442e-06
# a = 0.100000
# b = 1.000000
# E = 3.162278
# tol = 0.000010
# s12 = 0.554977
# s13 = 0.152971
# psi0 = 0.822075 + I0.000000	0.548446 + I0.000000	0.152971 + I0.000000
# dh = 0.000100
# out = data191215/E0.5_tol-5.0.log
# model = sun
# H0 = 
#	 0.000000e+00 0.000000e+00 0.000000e+00
#	 0.000000e+00 4.204874e+04 0.000000e+00
#	 0.000000e+00 0.000000e+00 1.376211e+06
# W = 
#	 6.758072e-01 4.508635e-01 1.257533e-01
#	 4.508635e-01 3.007928e-01 8.389608e-02
#	 1.257533e-01 8.389608e-02 2.340000e-02
# H0W = 
#	 0.000000e+00 -1.895824e+04 -1.730630e+05
#	 1.895824e+04 0.000000e+00 -1.119309e+05
#	 1.730630e+05 1.119309e+05 0.000000e+00
# H0H0W = 
#	 0.000000e+00 7.971702e+08 2.381711e+11
#	 7.971702e+08 0.000000e+00 1.493340e+11
#	 2.381711e+11 1.493340e+11 0.000000e+00
# WH0W = 
#	 6.062164e+04 2.148538e+04 -1.617826e+05
#	 2.148538e+04 1.685972e+03 -1.114607e+05
#	 -1.617826e+05 -1.114607e+05 -6.230762e+04
#################################################
##            CALCULATION COMPLETED            ##
#################################################
# Psi[0]^2 = 0.409839 + I0.000000
# Psi[1]^2 = 0.565971 + I0.000000
# Psi[2]^2 = 0.024190 + I0.000000
# phi0 = 1.770481 
# phi1 = 1.045968 
# phi2 = 0.539593 
# Psi = 
#	6.274659e-01+i(-1.269877e-01)
#	6.510569e-01+i(3.769559e-01)
#	7.990962e-02+i(1.334327e-01)
#ProbSurv b 1-|Psi|^2 calls E tol dh dh(prev) dh(last)
0.447778380363	1	1.67258e-11	126801	3.16228	1e-05	0.0001	7.09783e-06	4.96691e-06
# a = 0.100000
# b = 1.000000
# E = 3.162278
# tol = 0.000003
# s12 = 0.554977
# s13 = 0.152971
# psi0 = 0.822075 + I0.000000	0.548446 + I0.000000	0.152971 + I0.000000
# dh = 0.000100
# out = data191215/E0.5_tol-5.5.log
# model = sun
# H0 = 
#	 0.000000e+00 0.000000e+00 0.000000e+00
#	 0.000000e+00 4.204874e+04 0.000000e+00
#	 0.000000e+00 0.000000e+00 1.376211e+06
# W = 
#	 6.758072e-01 4.508635e-01 1.257533e-01
#	 4.508635e-01 3.007928e-01 8.389608e-02
#	 1.257533e-01 8.389608e-02 2.340000e-02
# H0W = 
#	 0.000000e+00 -1.895824e+04 -1.730630e+05
#	 1.895824e+04 0.000000e+00 -1.119309e+05
#	 1.730630e+05 1.119309e+05 0.000000e+00
# H0H0W = 
#	 0.000000e+00 7.971702e+08 2.381711e+11
#	 7.971702e+08 0.000000e+00 1.493340e+11
#	 2.381711e+11 1.493340e+11 0.000000e+00
# WH0W = 
#	 6.062164e+04 2.148538e+04 -1.617826e+05
#	 2.148538e+04 1.685972e+03 -1.114607e+05
#	 -1.617826e+05 -1.114607e+05 -6.230762e+04
#################################################
##            CALCULATION COMPLETED            ##
#################################################
# Psi[0]^2 = 0.409839 + I0.000000
# Psi[1]^2 = 0.565971 + I0.000000
# Psi[2]^2 = 0.024190 + I0.000000
# phi0 = 1.770481 
# phi1 = 1.045968 
# phi2 = 0.539604 
# Psi = 
#	6.274659e-01+i(-1.269877e-01)
#	6.510570e-01+i(3.769557e-01)
#	7.991115e-02+i(1.334317e-01)
#ProbSurv b 1-|Psi|^2 calls E tol dh dh(prev) dh(last)
0.447778380416	1	-5.26446e-12	186118	3.16228	3.16228e-06	0.0001	4.83569e-06	2.57696e-06
# a = 0.100000
# b = 1.000000
# E = 3.162278
# tol = 0.000001
# s12 = 0.554977
# s13 = 0.152971
# psi0 = 0.822075 + I0.000000	0.548446 + I0.000000	0.152971 + I0.000000
# dh = 0.000100
# out = data191215/E0.5_tol-6.0.log
# model = sun
# H0 = 
#	 0.000000e+00 0.000000e+00 0.000000e+00
#	 0.000000e+00 4.204874e+04 0.000000e+00
#	 0.000000e+00 0.000000e+00 1.376211e+06
# W = 
#	 6.758072e-01 4.508635e-01 1.257533e-01
#	 4.508635e-01 3.007928e-01 8.389608e-02
#	 1.257533e-01 8.389608e-02 2.340000e-02
# H0W = 
#	 0.000000e+00 -1.895824e+04 -1.730630e+05
#	 1.895824e+04 0.000000e+00 -1.119309e+05
#	 1.730630e+05 1.119309e+05 0.000000e+00
# H0H0W = 
#	 0.000000e+00 7.971702e+08 2.381711e+11
#	 7.971702e+08 0.000000e+00 1.493340e+11
#	 2.381711e+11 1.493340e+11 0.000000e+00
# WH0W = 
#	 6.062164e+04 2.148538e+04 -1.617826e+05
#	 2.148538e+04 1.685972e+03 -1.114607e+05
#	 -1.617826e+05 -1.114607e+05 -6.230762e+04
#################################################
##            CALCULATION COMPLETED            ##
#################################################
# Psi[0]^2 = 0.409839 + I0.000000
# Psi[1]^2 = 0.565971 + I0.000000
# Psi[2]^2 = 0.024190 + I0.000000
# phi0 = 1.770481 
# phi1 = 1.045968 
# phi2 = 0.539606 
# Psi = 
#	6.274659e-01+i(-1.269877e-01)
#	6.510570e-01+i(3.769556e-01)
#	7.991139e-02+i(1.334316e-01)
#ProbSurv b 1-|Psi|^2 calls E tol dh dh(prev) dh(last)
0.447778380362	1	3.22449e-11	273183	3.16228	1e-06	0.0001	3.29452e-06	1.68859e-06
# a = 0.100000
# b = 1.000000
# E = 3.162278
# tol = 0.000000
# s12 = 0.554977
# s13 = 0.152971
# psi0 = 0.822075 + I0.000000	0.548446 + I0.000000	0.152971 + I0.000000
# dh = 0.000100
# out = data191215/E0.5_tol-6.5.log
# model = sun
# H0 = 
#	 0.000000e+00 0.000000e+00 0.000000e+00
#	 0.000000e+00 4.204874e+04 0.000000e+00
#	 0.000000e+00 0.000000e+00 1.376211e+06
# W = 
#	 6.758072e-01 4.508635e-01 1.257533e-01
#	 4.508635e-01 3.007928e-01 8.389608e-02
#	 1.257533e-01 8.389608e-02 2.340000e-02
# H0W = 
#	 0.000000e+00 -1.895824e+04 -1.730630e+05
#	 1.895824e+04 0.000000e+00 -1.119309e+05
#	 1.730630e+05 1.119309e+05 0.000000e+00
# H0H0W = 
#	 0.000000e+00 7.971702e+08 2.381711e+11
#	 7.971702e+08 0.000000e+00 1.493340e+11
#	 2.381711e+11 1.493340e+11 0.000000e+00
# WH0W = 
#	 6.062164e+04 2.148538e+04 -1.617826e+05
#	 2.148538e+04 1.685972e+03 -1.114607e+05
#	 -1.617826e+05 -1.114607e+05 -6.230762e+04
#################################################
##            CALCULATION COMPLETED            ##
#################################################
# Psi[0]^2 = 0.409839 + I0.000000
# Psi[1]^2 = 0.565971 + I0.000000
# Psi[2]^2 = 0.024190 + I0.000000
# phi0 = 1.770481 
# phi1 = 1.045968 
# phi2 = 0.539585 
# Psi = 
#	6.274659e-01+i(-1.269877e-01)
#	6.510568e-01+i(3.769561e-01)
#	7.990855e-02+i(1.334333e-01)
#ProbSurv b 1-|Psi|^2 calls E tol dh dh(prev) dh(last)
0.447778380341	1	6.79335e-11	400976	3.16228	3.16228e-07	0.0001	2.24453e-06	2.14189e-06
# a = 0.100000
# b = 1.000000
# E = 3.162278
# tol = 0.000000
# s12 = 0.554977
# s13 = 0.152971
# psi0 = 0.822075 + I0.000000	0.548446 + I0.000000	0.152971 + I0.000000
# dh = 0.000100
# out = data191215/E0.5_tol-7.0.log
# model = sun
# H0 = 
#	 0.000000e+00 0.000000e+00 0.000000e+00
#	 0.000000e+00 4.204874e+04 0.000000e+00
#	 0.000000e+00 0.000000e+00 1.376211e+06
# W = 
#	 6.758072e-01 4.508635e-01 1.257533e-01
#	 4.508635e-01 3.007928e-01 8.389608e-02
#	 1.257533e-01 8.389608e-02 2.340000e-02
# H0W = 
#	 0.000000e+00 -1.895824e+04 -1.730630e+05
#	 1.895824e+04 0.000000e+00 -1.119309e+05
#	 1.730630e+05 1.119309e+05 0.000000e+00
# H0H0W = 
#	 0.000000e+00 7.971702e+08 2.381711e+11
#	 7.971702e+08 0.000000e+00 1.493340e+11
#	 2.381711e+11 1.493340e+11 0.000000e+00
# WH0W = 
#	 6.062164e+04 2.148538e+04 -1.617826e+05
#	 2.148538e+04 1.685972e+03 -1.114607e+05
#	 -1.617826e+05 -1.114607e+05 -6.230762e+04
#################################################
##            CALCULATION COMPLETED            ##
#################################################
# Psi[0]^2 = 0.409839 + I0.000000
# Psi[1]^2 = 0.565971 + I0.000000
# Psi[2]^2 = 0.024190 + I0.000000
# phi0 = 1.770481 
# phi1 = 1.045969 
# phi2 = 0.539607 
# Psi = 
#	6.274659e-01+i(-1.269877e-01)
#	6.510570e-01+i(3.769556e-01)
#	7.991154e-02+i(1.334315e-01)
#ProbSurv b 1-|Psi|^2 calls E tol dh dh(prev) dh(last)
0.447778380341	1	7.05813e-11	588552	3.16228	1e-07	0.0001	1.52918e-06	1.2823e-06
# a = 0.100000
# b = 1.000000
# E = 3.162278
# tol = 0.000000
# s12 = 0.554977
# s13 = 0.152971
# psi0 = 0.822075 + I0.000000	0.548446 + I0.000000	0.152971 + I0.000000
# dh = 0.000100
# out = data191215/E0.5_tol-7.5.log
# model = sun
# H0 = 
#	 0.000000e+00 0.000000e+00 0.000000e+00
#	 0.000000e+00 4.204874e+04 0.000000e+00
#	 0.000000e+00 0.000000e+00 1.376211e+06
# W = 
#	 6.758072e-01 4.508635e-01 1.257533e-01
#	 4.508635e-01 3.007928e-01 8.389608e-02
#	 1.257533e-01 8.389608e-02 2.340000e-02
# H0W = 
#	 0.000000e+00 -1.895824e+04 -1.730630e+05
#	 1.895824e+04 0.000000e+00 -1.119309e+05
#	 1.730630e+05 1.119309e+05 0.000000e+00
# H0H0W = 
#	 0.000000e+00 7.971702e+08 2.381711e+11
#	 7.971702e+08 0.000000e+00 1.493340e+11
#	 2.381711e+11 1.493340e+11 0.000000e+00
# WH0W = 
#	 6.062164e+04 2.148538e+04 -1.617826e+05
#	 2.148538e+04 1.685972e+03 -1.114607e+05
#	 -1.617826e+05 -1.114607e+05 -6.230762e+04
#################################################
##            CALCULATION COMPLETED            ##
#################################################
# Psi[0]^2 = 0.409839 + I0.000000
# Psi[1]^2 = 0.565971 + I0.000000
# Psi[2]^2 = 0.024190 + I0.000000
# phi0 = 1.770481 
# phi1 = 1.045969 
# phi2 = 0.539621 
# Psi = 
#	6.274659e-01+i(-1.269877e-01)
#	6.510572e-01+i(3.769553e-01)
#	7.991347e-02+i(1.334304e-01)
#ProbSurv b 1-|Psi|^2 calls E tol dh dh(prev) dh(last)
0.447778380349	1	5.68542e-11	863876	3.16228	3.16228e-08	0.0001	1.04182e-06	6.5261e-07
# a = 0.100000
# b = 1.000000
# E = 3.162278
# tol = 0.000000
# s12 = 0.554977
# s13 = 0.152971
# psi0 = 0.822075 + I0.000000	0.548446 + I0.000000	0.152971 + I0.000000
# dh = 0.000100
# out = data191215/E0.5_tol-8.0.log
# model = sun
# H0 = 
#	 0.000000e+00 0.000000e+00 0.000000e+00
#	 0.000000e+00 4.204874e+04 0.000000e+00
#	 0.000000e+00 0.000000e+00 1.376211e+06
# W = 
#	 6.758072e-01 4.508635e-01 1.257533e-01
#	 4.508635e-01 3.007928e-01 8.389608e-02
#	 1.257533e-01 8.389608e-02 2.340000e-02
# H0W = 
#	 0.000000e+00 -1.895824e+04 -1.730630e+05
#	 1.895824e+04 0.000000e+00 -1.119309e+05
#	 1.730630e+05 1.119309e+05 0.000000e+00
# H0H0W = 
#	 0.000000e+00 7.971702e+08 2.381711e+11
#	 7.971702e+08 0.000000e+00 1.493340e+11
#	 2.381711e+11 1.493340e+11 0.000000e+00
# WH0W = 
#	 6.062164e+04 2.148538e+04 -1.617826e+05
#	 2.148538e+04 1.685972e+03 -1.114607e+05
#	 -1.617826e+05 -1.114607e+05 -6.230762e+04
#################################################
##            CALCULATION COMPLETED            ##
#################################################
# Psi[0]^2 = 0.409839 + I0.000000
# Psi[1]^2 = 0.565971 + I0.000000
# Psi[2]^2 = 0.024190 + I0.000000
# phi0 = 1.770481 
# phi1 = 1.045969 
# phi2 = 0.539619 
# Psi = 
#	6.274659e-01+i(-1.269877e-01)
#	6.510572e-01+i(3.769554e-01)
#	7.991312e-02+i(1.334306e-01)
#ProbSurv b 1-|Psi|^2 calls E tol dh dh(prev) dh(last)
0.447778380356	1	4.21273e-11	1267995	3.16228	1e-08	0.0001	7.09783e-07	7.08227e-07
# a = 0.100000
# b = 1.000000
# E = 3.162278
# tol = 0.000000
# s12 = 0.554977
# s13 = 0.152971
# psi0 = 0.822075 + I0.000000	0.548446 + I0.000000	0.152971 + I0.000000
# dh = 0.000100
# out = data191215/E0.5_tol-8.5.log
# model = sun
# H0 = 
#	 0.000000e+00 0.000000e+00 0.000000e+00
#	 0.000000e+00 4.204874e+04 0.000000e+00
#	 0.000000e+00 0.000000e+00 1.376211e+06
# W = 
#	 6.758072e-01 4.508635e-01 1.257533e-01
#	 4.508635e-01 3.007928e-01 8.389608e-02
#	 1.257533e-01 8.389608e-02 2.340000e-02
# H0W = 
#	 0.000000e+00 -1.895824e+04 -1.730630e+05
#	 1.895824e+04 0.000000e+00 -1.119309e+05
#	 1.730630e+05 1.119309e+05 0.000000e+00
# H0H0W = 
#	 0.000000e+00 7.971702e+08 2.381711e+11
#	 7.971702e+08 0.000000e+00 1.493340e+11
#	 2.381711e+11 1.493340e+11 0.000000e+00
# WH0W = 
#	 6.062164e+04 2.148538e+04 -1.617826e+05
#	 2.148538e+04 1.685972e+03 -1.114607e+05
#	 -1.617826e+05 -1.114607e+05 -6.230762e+04
#################################################
##            CALCULATION COMPLETED            ##
#################################################
# Psi[0]^2 = 0.409839 + I0.000000
# Psi[1]^2 = 0.565971 + I0.000000
# Psi[2]^2 = 0.024190 + I0.000000
# phi0 = 1.770481 
# phi1 = 1.045967 
# phi2 = 0.539542 
# Psi = 
#	6.274659e-01+i(-1.269877e-01)
#	6.510563e-01+i(3.769569e-01)
#	7.990291e-02+i(1.334367e-01)
#ProbSurv b 1-|Psi|^2 calls E tol dh dh(prev) dh(last)
0.447778380349	1	3.01849e-11	1861162	3.16228	3.16228e-09	0.0001	4.83569e-07	4.00879e-07
# a = 0.100000
# b = 1.000000
# E = 3.162278
# tol = 0.000000
# s12 = 0.554977
# s13 = 0.152971
# psi0 = 0.822075 + I0.000000	0.548446 + I0.000000	0.152971 + I0.000000
# dh = 0.000100
# out = data191215/E0.5_tol-9.0.log
# model = sun
# H0 = 
#	 0.000000e+00 0.000000e+00 0.000000e+00
#	 0.000000e+00 4.204874e+04 0.000000e+00
#	 0.000000e+00 0.000000e+00 1.376211e+06
# W = 
#	 6.758072e-01 4.508635e-01 1.257533e-01
#	 4.508635e-01 3.007928e-01 8.389608e-02
#	 1.257533e-01 8.389608e-02 2.340000e-02
# H0W = 
#	 0.000000e+00 -1.895824e+04 -1.730630e+05
#	 1.895824e+04 0.000000e+00 -1.119309e+05
#	 1.730630e+05 1.119309e+05 0.000000e+00
# H0H0W = 
#	 0.000000e+00 7.971702e+08 2.381711e+11
#	 7.971702e+08 0.000000e+00 1.493340e+11
#	 2.381711e+11 1.493340e+11 0.000000e+00
# WH0W = 
#	 6.062164e+04 2.148538e+04 -1.617826e+05
#	 2.148538e+04 1.685972e+03 -1.114607e+05
#	 -1.617826e+05 -1.114607e+05 -6.230762e+04
#################################################
##            CALCULATION COMPLETED            ##
#################################################
# Psi[0]^2 = 0.409839 + I0.000000
# Psi[1]^2 = 0.565971 + I0.000000
# Psi[2]^2 = 0.024190 + I0.000000
# phi0 = 1.770481 
# phi1 = 1.045970 
# phi2 = 0.539664 
# Psi = 
#	6.274659e-01+i(-1.269877e-01)
#	6.510577e-01+i(3.769545e-01)
#	7.991910e-02+i(1.334270e-01)
#ProbSurv b 1-|Psi|^2 calls E tol dh dh(prev) dh(last)
0.447778380373	1	2.05272e-11	2731812	3.16228	1e-09	0.0001	3.29452e-07	2.06073e-07
# a = 0.100000
# b = 1.000000
# E = 3.162278
# tol = 0.000000
# s12 = 0.554977
# s13 = 0.152971
# psi0 = 0.822075 + I0.000000	0.548446 + I0.000000	0.152971 + I0.000000
# dh = 0.000100
# out = data191215/E0.5_tol-9.5.log
# model = sun
# H0 = 
#	 0.000000e+00 0.000000e+00 0.000000e+00
#	 0.000000e+00 4.204874e+04 0.000000e+00
#	 0.000000e+00 0.000000e+00 1.376211e+06
# W = 
#	 6.758072e-01 4.508635e-01 1.257533e-01
#	 4.508635e-01 3.007928e-01 8.389608e-02
#	 1.257533e-01 8.389608e-02 2.340000e-02
# H0W = 
#	 0.000000e+00 -1.895824e+04 -1.730630e+05
#	 1.895824e+04 0.000000e+00 -1.119309e+05
#	 1.730630e+05 1.119309e+05 0.000000e+00
# H0H0W = 
#	 0.000000e+00 7.971702e+08 2.381711e+11
#	 7.971702e+08 0.000000e+00 1.493340e+11
#	 2.381711e+11 1.493340e+11 0.000000e+00
# WH0W = 
#	 6.062164e+04 2.148538e+04 -1.617826e+05
#	 2.148538e+04 1.685972e+03 -1.114607e+05
#	 -1.617826e+05 -1.114607e+05 -6.230762e+04
#################################################
##            CALCULATION COMPLETED            ##
#################################################
# Psi[0]^2 = 0.409839 + I0.000000
# Psi[1]^2 = 0.565971 + I0.000000
# Psi[2]^2 = 0.024190 + I0.000000
# phi0 = 1.770481 
# phi1 = 1.045970 
# phi2 = 0.539644 
# Psi = 
#	6.274659e-01+i(-1.269877e-01)
#	6.510575e-01+i(3.769549e-01)
#	7.991653e-02+i(1.334285e-01)
#ProbSurv b 1-|Psi|^2 calls E tol dh dh(prev) dh(last)
0.447778380374	1	1.36507e-11	4009751	3.16228	3.16228e-10	0.0001	2.24453e-07	1.21838e-07
