# a = 0.100000
# b = 1.000000
# E = 0.316228
# tol = 0.003162
# s12 = 0.554977
# s13 = 0.152971
# psi0 = 0.822075 + I0.000000	0.548446 + I0.000000	0.152971 + I0.000000
# dh = 0.000100
# out = data191215/E-0.5_tol-2.5.log
# model = sun
# H0 = 
#	 0.000000e+00 0.000000e+00 0.000000e+00
#	 0.000000e+00 4.204874e+05 0.000000e+00
#	 0.000000e+00 0.000000e+00 1.376211e+07
# W = 
#	 6.758072e-01 4.508635e-01 1.257533e-01
#	 4.508635e-01 3.007928e-01 8.389608e-02
#	 1.257533e-01 8.389608e-02 2.340000e-02
# H0W = 
#	 0.000000e+00 -1.895824e+05 -1.730630e+06
#	 1.895824e+05 0.000000e+00 -1.119309e+06
#	 1.730630e+06 1.119309e+06 0.000000e+00
# H0H0W = 
#	 0.000000e+00 7.971702e+10 2.381711e+13
#	 7.971702e+10 0.000000e+00 1.493340e+13
#	 2.381711e+13 1.493340e+13 0.000000e+00
# WH0W = 
#	 6.062164e+05 2.148538e+05 -1.617826e+06
#	 2.148538e+05 1.685972e+04 -1.114607e+06
#	 -1.617826e+06 -1.114607e+06 -6.230762e+05
#################################################
##            CALCULATION COMPLETED            ##
#################################################
# Psi[0]^2 = 0.652858 + I0.000000
# Psi[1]^2 = 0.323665 + I0.000000
# Psi[2]^2 = 0.023477 + I0.000000
# phi0 = -0.860220 
# phi1 = -0.069355 
# phi2 = -1.005202 
# Psi = 
#	-6.124501e-01+i(5.270320e-01)
#	-3.942529e-02+i(5.675478e-01)
#	-1.293615e-01+i(8.211494e-02)
#ProbSurv b 1-|Psi|^2 calls E tol dh dh(prev) dh(last)
0.539111493281	1	2.11293e-11	406497	0.316228	0.00316228	0.0001	2.21404e-06	2.18579e-06
