# a = 0.100000
# b = 1.000000
# E = 0.316228
# tol = 0.000000
# s12 = 0.554977
# s13 = 0.152971
# psi0 = 0.822075 + I0.000000	0.548446 + I0.000000	0.152971 + I0.000000
# dh = 0.000100
# out = data191215/E-0.5_tol-10.0.log
# model = sun
# H0 = 
#	 0.000000e+00 0.000000e+00 0.000000e+00
#	 0.000000e+00 4.204874e+05 0.000000e+00
#	 0.000000e+00 0.000000e+00 1.376211e+07
# W = 
#	 6.758072e-01 4.508635e-01 1.257533e-01
#	 4.508635e-01 3.007928e-01 8.389608e-02
#	 1.257533e-01 8.389608e-02 2.340000e-02
# H0W = 
#	 0.000000e+00 -1.895824e+05 -1.730630e+06
#	 1.895824e+05 0.000000e+00 -1.119309e+06
#	 1.730630e+06 1.119309e+06 0.000000e+00
# H0H0W = 
#	 0.000000e+00 7.971702e+10 2.381711e+13
#	 7.971702e+10 0.000000e+00 1.493340e+13
#	 2.381711e+13 1.493340e+13 0.000000e+00
# WH0W = 
#	 6.062164e+05 2.148538e+05 -1.617826e+06
#	 2.148538e+05 1.685972e+04 -1.114607e+06
#	 -1.617826e+06 -1.114607e+06 -6.230762e+05
#################################################
##            CALCULATION COMPLETED            ##
#################################################
# Psi[0]^2 = 0.652858 + I0.000000
# Psi[1]^2 = 0.323665 + I0.000000
# Psi[2]^2 = 0.023477 + I0.000000
# phi0 = -0.860220 
# phi1 = -0.070258 
# phi2 = -1.034772 
# Psi = 
#	-6.124501e-01+i(5.270321e-01)
#	-3.993801e-02+i(5.675119e-01)
#	-1.317328e-01+i(7.825427e-02)
#ProbSurv b 1-|Psi|^2 calls E tol dh dh(prev) dh(last)
0.539111493666	1	8.6246e-11	128545315	0.316228	1e-10	0.0001	7.00142e-09	5.59127e-09
# a = 0.100000
# b = 1.000000
# E = 0.316228
# tol = 0.010000
# s12 = 0.554977
# s13 = 0.152971
# psi0 = 0.822075 + I0.000000	0.548446 + I0.000000	0.152971 + I0.000000
# dh = 0.000100
# out = data191215/E-0.5_tol-2.0.log
# model = sun
# H0 = 
#	 0.000000e+00 0.000000e+00 0.000000e+00
#	 0.000000e+00 4.204874e+05 0.000000e+00
#	 0.000000e+00 0.000000e+00 1.376211e+07
# W = 
#	 6.758072e-01 4.508635e-01 1.257533e-01
#	 4.508635e-01 3.007928e-01 8.389608e-02
#	 1.257533e-01 8.389608e-02 2.340000e-02
# H0W = 
#	 0.000000e+00 -1.895824e+05 -1.730630e+06
#	 1.895824e+05 0.000000e+00 -1.119309e+06
#	 1.730630e+06 1.119309e+06 0.000000e+00
# H0H0W = 
#	 0.000000e+00 7.971702e+10 2.381711e+13
#	 7.971702e+10 0.000000e+00 1.493340e+13
#	 2.381711e+13 1.493340e+13 0.000000e+00
# WH0W = 
#	 6.062164e+05 2.148538e+05 -1.617826e+06
#	 2.148538e+05 1.685972e+04 -1.114607e+06
#	 -1.617826e+06 -1.114607e+06 -6.230762e+05
#################################################
##            CALCULATION COMPLETED            ##
#################################################
# Psi[0]^2 = 0.652858 + I0.000000
# Psi[1]^2 = 0.323665 + I0.000000
# Psi[2]^2 = 0.023477 + I0.000000
# phi0 = -0.860220 
# phi1 = -0.069350 
# phi2 = -1.005041 
# Psi = 
#	-6.124501e-01+i(5.270320e-01)
#	-3.942251e-02+i(5.675480e-01)
#	-1.293484e-01+i(8.213567e-02)
#ProbSurv b 1-|Psi|^2 calls E tol dh dh(prev) dh(last)
0.539111493285	1	-7.01292e-11	276944	0.316228	0.01	0.0001	3.24977e-06	2.41055e-06
# a = 0.100000
# b = 1.000000
# E = 0.316228
# tol = 0.003162
# s12 = 0.554977
# s13 = 0.152971
# psi0 = 0.822075 + I0.000000	0.548446 + I0.000000	0.152971 + I0.000000
# dh = 0.000100
# out = data191215/E-0.5_tol-2.5.log
# model = sun
# H0 = 
#	 0.000000e+00 0.000000e+00 0.000000e+00
#	 0.000000e+00 4.204874e+05 0.000000e+00
#	 0.000000e+00 0.000000e+00 1.376211e+07
# W = 
#	 6.758072e-01 4.508635e-01 1.257533e-01
#	 4.508635e-01 3.007928e-01 8.389608e-02
#	 1.257533e-01 8.389608e-02 2.340000e-02
# H0W = 
#	 0.000000e+00 -1.895824e+05 -1.730630e+06
#	 1.895824e+05 0.000000e+00 -1.119309e+06
#	 1.730630e+06 1.119309e+06 0.000000e+00
# H0H0W = 
#	 0.000000e+00 7.971702e+10 2.381711e+13
#	 7.971702e+10 0.000000e+00 1.493340e+13
#	 2.381711e+13 1.493340e+13 0.000000e+00
# WH0W = 
#	 6.062164e+05 2.148538e+05 -1.617826e+06
#	 2.148538e+05 1.685972e+04 -1.114607e+06
#	 -1.617826e+06 -1.114607e+06 -6.230762e+05
#################################################
##            CALCULATION COMPLETED            ##
#################################################
# Psi[0]^2 = 0.652858 + I0.000000
# Psi[1]^2 = 0.323665 + I0.000000
# Psi[2]^2 = 0.023477 + I0.000000
# phi0 = -0.860220 
# phi1 = -0.069355 
# phi2 = -1.005202 
# Psi = 
#	-6.124501e-01+i(5.270320e-01)
#	-3.942529e-02+i(5.675478e-01)
#	-1.293615e-01+i(8.211494e-02)
#ProbSurv b 1-|Psi|^2 calls E tol dh dh(prev) dh(last)
0.539111493281	1	2.11293e-11	406497	0.316228	0.00316228	0.0001	2.21404e-06	2.18579e-06
# a = 0.100000
# b = 1.000000
# E = 0.316228
# tol = 0.001000
# s12 = 0.554977
# s13 = 0.152971
# psi0 = 0.822075 + I0.000000	0.548446 + I0.000000	0.152971 + I0.000000
# dh = 0.000100
# out = data191215/E-0.5_tol-3.0.log
# model = sun
# H0 = 
#	 0.000000e+00 0.000000e+00 0.000000e+00
#	 0.000000e+00 4.204874e+05 0.000000e+00
#	 0.000000e+00 0.000000e+00 1.376211e+07
# W = 
#	 6.758072e-01 4.508635e-01 1.257533e-01
#	 4.508635e-01 3.007928e-01 8.389608e-02
#	 1.257533e-01 8.389608e-02 2.340000e-02
# H0W = 
#	 0.000000e+00 -1.895824e+05 -1.730630e+06
#	 1.895824e+05 0.000000e+00 -1.119309e+06
#	 1.730630e+06 1.119309e+06 0.000000e+00
# H0H0W = 
#	 0.000000e+00 7.971702e+10 2.381711e+13
#	 7.971702e+10 0.000000e+00 1.493340e+13
#	 2.381711e+13 1.493340e+13 0.000000e+00
# WH0W = 
#	 6.062164e+05 2.148538e+05 -1.617826e+06
#	 2.148538e+05 1.685972e+04 -1.114607e+06
#	 -1.617826e+06 -1.114607e+06 -6.230762e+05
#################################################
##            CALCULATION COMPLETED            ##
#################################################
# Psi[0]^2 = 0.652858 + I0.000000
# Psi[1]^2 = 0.323665 + I0.000000
# Psi[2]^2 = 0.023477 + I0.000000
# phi0 = -0.860220 
# phi1 = -0.069355 
# phi2 = -1.005218 
# Psi = 
#	-6.124501e-01+i(5.270320e-01)
#	-3.942556e-02+i(5.675477e-01)
#	-1.293629e-01+i(8.211284e-02)
#ProbSurv b 1-|Psi|^2 calls E tol dh dh(prev) dh(last)
 0.53911149327	1	-4.13953e-11	596656	0.316228	0.001	0.0001	1.50841e-06	1.1265e-06
# a = 0.100000
# b = 1.000000
# E = 0.316228
# tol = 0.000316
# s12 = 0.554977
# s13 = 0.152971
# psi0 = 0.822075 + I0.000000	0.548446 + I0.000000	0.152971 + I0.000000
# dh = 0.000100
# out = data191215/E-0.5_tol-3.5.log
# model = sun
# H0 = 
#	 0.000000e+00 0.000000e+00 0.000000e+00
#	 0.000000e+00 4.204874e+05 0.000000e+00
#	 0.000000e+00 0.000000e+00 1.376211e+07
# W = 
#	 6.758072e-01 4.508635e-01 1.257533e-01
#	 4.508635e-01 3.007928e-01 8.389608e-02
#	 1.257533e-01 8.389608e-02 2.340000e-02
# H0W = 
#	 0.000000e+00 -1.895824e+05 -1.730630e+06
#	 1.895824e+05 0.000000e+00 -1.119309e+06
#	 1.730630e+06 1.119309e+06 0.000000e+00
# H0H0W = 
#	 0.000000e+00 7.971702e+10 2.381711e+13
#	 7.971702e+10 0.000000e+00 1.493340e+13
#	 2.381711e+13 1.493340e+13 0.000000e+00
# WH0W = 
#	 6.062164e+05 2.148538e+05 -1.617826e+06
#	 2.148538e+05 1.685972e+04 -1.114607e+06
#	 -1.617826e+06 -1.114607e+06 -6.230762e+05
#################################################
##            CALCULATION COMPLETED            ##
#################################################
# Psi[0]^2 = 0.652858 + I0.000000
# Psi[1]^2 = 0.323665 + I0.000000
# Psi[2]^2 = 0.023477 + I0.000000
# phi0 = -0.860220 
# phi1 = -0.069350 
# phi2 = -1.005048 
# Psi = 
#	-6.124501e-01+i(5.270320e-01)
#	-3.942263e-02+i(5.675479e-01)
#	-1.293490e-01+i(8.213475e-02)
#ProbSurv b 1-|Psi|^2 calls E tol dh dh(prev) dh(last)
0.539111493264	1	-1.63896e-11	875771	0.316228	0.000316228	0.0001	1.02767e-06	5.28625e-07
# a = 0.100000
# b = 1.000000
# E = 0.316228
# tol = 0.000100
# s12 = 0.554977
# s13 = 0.152971
# psi0 = 0.822075 + I0.000000	0.548446 + I0.000000	0.152971 + I0.000000
# dh = 0.000100
# out = data191215/E-0.5_tol-4.0.log
# model = sun
# H0 = 
#	 0.000000e+00 0.000000e+00 0.000000e+00
#	 0.000000e+00 4.204874e+05 0.000000e+00
#	 0.000000e+00 0.000000e+00 1.376211e+07
# W = 
#	 6.758072e-01 4.508635e-01 1.257533e-01
#	 4.508635e-01 3.007928e-01 8.389608e-02
#	 1.257533e-01 8.389608e-02 2.340000e-02
# H0W = 
#	 0.000000e+00 -1.895824e+05 -1.730630e+06
#	 1.895824e+05 0.000000e+00 -1.119309e+06
#	 1.730630e+06 1.119309e+06 0.000000e+00
# H0H0W = 
#	 0.000000e+00 7.971702e+10 2.381711e+13
#	 7.971702e+10 0.000000e+00 1.493340e+13
#	 2.381711e+13 1.493340e+13 0.000000e+00
# WH0W = 
#	 6.062164e+05 2.148538e+05 -1.617826e+06
#	 2.148538e+05 1.685972e+04 -1.114607e+06
#	 -1.617826e+06 -1.114607e+06 -6.230762e+05
#################################################
##            CALCULATION COMPLETED            ##
#################################################
# Psi[0]^2 = 0.652858 + I0.000000
# Psi[1]^2 = 0.323665 + I0.000000
# Psi[2]^2 = 0.023477 + I0.000000
# phi0 = -0.860220 
# phi1 = -0.069357 
# phi2 = -1.005284 
# Psi = 
#	-6.124501e-01+i(5.270320e-01)
#	-3.942672e-02+i(5.675477e-01)
#	-1.293683e-01+i(8.210422e-02)
#ProbSurv b 1-|Psi|^2 calls E tol dh dh(prev) dh(last)
0.539111493185	1	2.0842e-10	1285455	0.316228	0.0001	0.0001	7.00142e-07	3.98742e-07
# a = 0.100000
# b = 1.000000
# E = 0.316228
# tol = 0.000032
# s12 = 0.554977
# s13 = 0.152971
# psi0 = 0.822075 + I0.000000	0.548446 + I0.000000	0.152971 + I0.000000
# dh = 0.000100
# out = data191215/E-0.5_tol-4.5.log
# model = sun
# H0 = 
#	 0.000000e+00 0.000000e+00 0.000000e+00
#	 0.000000e+00 4.204874e+05 0.000000e+00
#	 0.000000e+00 0.000000e+00 1.376211e+07
# W = 
#	 6.758072e-01 4.508635e-01 1.257533e-01
#	 4.508635e-01 3.007928e-01 8.389608e-02
#	 1.257533e-01 8.389608e-02 2.340000e-02
# H0W = 
#	 0.000000e+00 -1.895824e+05 -1.730630e+06
#	 1.895824e+05 0.000000e+00 -1.119309e+06
#	 1.730630e+06 1.119309e+06 0.000000e+00
# H0H0W = 
#	 0.000000e+00 7.971702e+10 2.381711e+13
#	 7.971702e+10 0.000000e+00 1.493340e+13
#	 2.381711e+13 1.493340e+13 0.000000e+00
# WH0W = 
#	 6.062164e+05 2.148538e+05 -1.617826e+06
#	 2.148538e+05 1.685972e+04 -1.114607e+06
#	 -1.617826e+06 -1.114607e+06 -6.230762e+05
#################################################
##            CALCULATION COMPLETED            ##
#################################################
# Psi[0]^2 = 0.652858 + I0.000000
# Psi[1]^2 = 0.323665 + I0.000000
# Psi[2]^2 = 0.023477 + I0.000000
# phi0 = -0.860220 
# phi1 = -0.069339 
# phi2 = -1.004688 
# Psi = 
#	-6.124501e-01+i(5.270320e-01)
#	-3.941638e-02+i(5.675484e-01)
#	-1.293193e-01+i(8.218135e-02)
#ProbSurv b 1-|Psi|^2 calls E tol dh dh(prev) dh(last)
0.539111493293	1	-1.74218e-11	1886789	0.316228	3.16228e-05	0.0001	4.77001e-07	2.80507e-07
# a = 0.100000
# b = 1.000000
# E = 0.316228
# tol = 0.000010
# s12 = 0.554977
# s13 = 0.152971
# psi0 = 0.822075 + I0.000000	0.548446 + I0.000000	0.152971 + I0.000000
# dh = 0.000100
# out = data191215/E-0.5_tol-5.0.log
# model = sun
# H0 = 
#	 0.000000e+00 0.000000e+00 0.000000e+00
#	 0.000000e+00 4.204874e+05 0.000000e+00
#	 0.000000e+00 0.000000e+00 1.376211e+07
# W = 
#	 6.758072e-01 4.508635e-01 1.257533e-01
#	 4.508635e-01 3.007928e-01 8.389608e-02
#	 1.257533e-01 8.389608e-02 2.340000e-02
# H0W = 
#	 0.000000e+00 -1.895824e+05 -1.730630e+06
#	 1.895824e+05 0.000000e+00 -1.119309e+06
#	 1.730630e+06 1.119309e+06 0.000000e+00
# H0H0W = 
#	 0.000000e+00 7.971702e+10 2.381711e+13
#	 7.971702e+10 0.000000e+00 1.493340e+13
#	 2.381711e+13 1.493340e+13 0.000000e+00
# WH0W = 
#	 6.062164e+05 2.148538e+05 -1.617826e+06
#	 2.148538e+05 1.685972e+04 -1.114607e+06
#	 -1.617826e+06 -1.114607e+06 -6.230762e+05
#################################################
##            CALCULATION COMPLETED            ##
#################################################
# Psi[0]^2 = 0.652858 + I0.000000
# Psi[1]^2 = 0.323665 + I0.000000
# Psi[2]^2 = 0.023477 + I0.000000
# phi0 = -0.860220 
# phi1 = -0.069347 
# phi2 = -1.004948 
# Psi = 
#	-6.124501e-01+i(5.270320e-01)
#	-3.942087e-02+i(5.675481e-01)
#	-1.293407e-01+i(8.214780e-02)
#ProbSurv b 1-|Psi|^2 calls E tol dh dh(prev) dh(last)
0.539111493139	1	3.5066e-10	2769426	0.316228	1e-05	0.0001	3.24977e-07	2.98202e-07
# a = 0.100000
# b = 1.000000
# E = 0.316228
# tol = 0.000003
# s12 = 0.554977
# s13 = 0.152971
# psi0 = 0.822075 + I0.000000	0.548446 + I0.000000	0.152971 + I0.000000
# dh = 0.000100
# out = data191215/E-0.5_tol-5.5.log
# model = sun
# H0 = 
#	 0.000000e+00 0.000000e+00 0.000000e+00
#	 0.000000e+00 4.204874e+05 0.000000e+00
#	 0.000000e+00 0.000000e+00 1.376211e+07
# W = 
#	 6.758072e-01 4.508635e-01 1.257533e-01
#	 4.508635e-01 3.007928e-01 8.389608e-02
#	 1.257533e-01 8.389608e-02 2.340000e-02
# H0W = 
#	 0.000000e+00 -1.895824e+05 -1.730630e+06
#	 1.895824e+05 0.000000e+00 -1.119309e+06
#	 1.730630e+06 1.119309e+06 0.000000e+00
# H0H0W = 
#	 0.000000e+00 7.971702e+10 2.381711e+13
#	 7.971702e+10 0.000000e+00 1.493340e+13
#	 2.381711e+13 1.493340e+13 0.000000e+00
# WH0W = 
#	 6.062164e+05 2.148538e+05 -1.617826e+06
#	 2.148538e+05 1.685972e+04 -1.114607e+06
#	 -1.617826e+06 -1.114607e+06 -6.230762e+05
#################################################
##            CALCULATION COMPLETED            ##
#################################################
# Psi[0]^2 = 0.652858 + I0.000000
# Psi[1]^2 = 0.323665 + I0.000000
# Psi[2]^2 = 0.023477 + I0.000000
# phi0 = -0.860220 
# phi1 = -0.069385 
# phi2 = -1.006187 
# Psi = 
#	-6.124501e-01+i(5.270320e-01)
#	-3.944238e-02+i(5.675466e-01)
#	-1.294424e-01+i(8.198740e-02)
#ProbSurv b 1-|Psi|^2 calls E tol dh dh(prev) dh(last)
0.539111492944	1	6.98218e-10	4064961	0.316228	3.16228e-06	0.0001	2.21404e-07	1.93115e-07
# a = 0.100000
# b = 1.000000
# E = 0.316228
# tol = 0.000001
# s12 = 0.554977
# s13 = 0.152971
# psi0 = 0.822075 + I0.000000	0.548446 + I0.000000	0.152971 + I0.000000
# dh = 0.000100
# out = data191215/E-0.5_tol-6.0.log
# model = sun
# H0 = 
#	 0.000000e+00 0.000000e+00 0.000000e+00
#	 0.000000e+00 4.204874e+05 0.000000e+00
#	 0.000000e+00 0.000000e+00 1.376211e+07
# W = 
#	 6.758072e-01 4.508635e-01 1.257533e-01
#	 4.508635e-01 3.007928e-01 8.389608e-02
#	 1.257533e-01 8.389608e-02 2.340000e-02
# H0W = 
#	 0.000000e+00 -1.895824e+05 -1.730630e+06
#	 1.895824e+05 0.000000e+00 -1.119309e+06
#	 1.730630e+06 1.119309e+06 0.000000e+00
# H0H0W = 
#	 0.000000e+00 7.971702e+10 2.381711e+13
#	 7.971702e+10 0.000000e+00 1.493340e+13
#	 2.381711e+13 1.493340e+13 0.000000e+00
# WH0W = 
#	 6.062164e+05 2.148538e+05 -1.617826e+06
#	 2.148538e+05 1.685972e+04 -1.114607e+06
#	 -1.617826e+06 -1.114607e+06 -6.230762e+05
#################################################
##            CALCULATION COMPLETED            ##
#################################################
# Psi[0]^2 = 0.652858 + I0.000000
# Psi[1]^2 = 0.323665 + I0.000000
# Psi[2]^2 = 0.023477 + I0.000000
# phi0 = -0.860220 
# phi1 = -0.069283 
# phi2 = -1.002850 
# Psi = 
#	-6.124502e-01+i(5.270320e-01)
#	-3.938451e-02+i(5.675506e-01)
#	-1.291681e-01+i(8.241889e-02)
#ProbSurv b 1-|Psi|^2 calls E tol dh dh(prev) dh(last)
0.539111492871	1	7.14625e-10	5966546	0.316228	1e-06	0.0001	1.50841e-07	1.46123e-07
# a = 0.100000
# b = 1.000000
# E = 0.316228
# tol = 0.000000
# s12 = 0.554977
# s13 = 0.152971
# psi0 = 0.822075 + I0.000000	0.548446 + I0.000000	0.152971 + I0.000000
# dh = 0.000100
# out = data191215/E-0.5_tol-6.5.log
# model = sun
# H0 = 
#	 0.000000e+00 0.000000e+00 0.000000e+00
#	 0.000000e+00 4.204874e+05 0.000000e+00
#	 0.000000e+00 0.000000e+00 1.376211e+07
# W = 
#	 6.758072e-01 4.508635e-01 1.257533e-01
#	 4.508635e-01 3.007928e-01 8.389608e-02
#	 1.257533e-01 8.389608e-02 2.340000e-02
# H0W = 
#	 0.000000e+00 -1.895824e+05 -1.730630e+06
#	 1.895824e+05 0.000000e+00 -1.119309e+06
#	 1.730630e+06 1.119309e+06 0.000000e+00
# H0H0W = 
#	 0.000000e+00 7.971702e+10 2.381711e+13
#	 7.971702e+10 0.000000e+00 1.493340e+13
#	 2.381711e+13 1.493340e+13 0.000000e+00
# WH0W = 
#	 6.062164e+05 2.148538e+05 -1.617826e+06
#	 2.148538e+05 1.685972e+04 -1.114607e+06
#	 -1.617826e+06 -1.114607e+06 -6.230762e+05
#################################################
##            CALCULATION COMPLETED            ##
#################################################
# Psi[0]^2 = 0.652858 + I0.000000
# Psi[1]^2 = 0.323665 + I0.000000
# Psi[2]^2 = 0.023477 + I0.000000
# phi0 = -0.860221 
# phi1 = -0.069431 
# phi2 = -1.007697 
# Psi = 
#	-6.124502e-01+i(5.270320e-01)
#	-3.946857e-02+i(5.675448e-01)
#	-1.295660e-01+i(8.179190e-02)
#ProbSurv b 1-|Psi|^2 calls E tol dh dh(prev) dh(last)
0.539111493003	1	5.81494e-10	8757692	0.316228	3.16228e-07	0.0001	1.02767e-07	6.60779e-08
# a = 0.100000
# b = 1.000000
# E = 0.316228
# tol = 0.000000
# s12 = 0.554977
# s13 = 0.152971
# psi0 = 0.822075 + I0.000000	0.548446 + I0.000000	0.152971 + I0.000000
# dh = 0.000100
# out = data191215/E-0.5_tol-7.0.log
# model = sun
# H0 = 
#	 0.000000e+00 0.000000e+00 0.000000e+00
#	 0.000000e+00 4.204874e+05 0.000000e+00
#	 0.000000e+00 0.000000e+00 1.376211e+07
# W = 
#	 6.758072e-01 4.508635e-01 1.257533e-01
#	 4.508635e-01 3.007928e-01 8.389608e-02
#	 1.257533e-01 8.389608e-02 2.340000e-02
# H0W = 
#	 0.000000e+00 -1.895824e+05 -1.730630e+06
#	 1.895824e+05 0.000000e+00 -1.119309e+06
#	 1.730630e+06 1.119309e+06 0.000000e+00
# H0H0W = 
#	 0.000000e+00 7.971702e+10 2.381711e+13
#	 7.971702e+10 0.000000e+00 1.493340e+13
#	 2.381711e+13 1.493340e+13 0.000000e+00
# WH0W = 
#	 6.062164e+05 2.148538e+05 -1.617826e+06
#	 2.148538e+05 1.685972e+04 -1.114607e+06
#	 -1.617826e+06 -1.114607e+06 -6.230762e+05
#################################################
##            CALCULATION COMPLETED            ##
#################################################
# Psi[0]^2 = 0.652858 + I0.000000
# Psi[1]^2 = 0.323665 + I0.000000
# Psi[2]^2 = 0.023477 + I0.000000
# phi0 = -0.860220 
# phi1 = -0.069310 
# phi2 = -1.003743 
# Psi = 
#	-6.124501e-01+i(5.270321e-01)
#	-3.939997e-02+i(5.675495e-01)
#	-1.292416e-01+i(8.230351e-02)
#ProbSurv b 1-|Psi|^2 calls E tol dh dh(prev) dh(last)
0.539111493036	1	4.29451e-10	12854533	0.316228	1e-07	0.0001	7.00142e-08	4.87271e-08
# a = 0.100000
# b = 1.000000
# E = 0.316228
# tol = 0.000000
# s12 = 0.554977
# s13 = 0.152971
# psi0 = 0.822075 + I0.000000	0.548446 + I0.000000	0.152971 + I0.000000
# dh = 0.000100
# out = data191215/E-0.5_tol-7.5.log
# model = sun
# H0 = 
#	 0.000000e+00 0.000000e+00 0.000000e+00
#	 0.000000e+00 4.204874e+05 0.000000e+00
#	 0.000000e+00 0.000000e+00 1.376211e+07
# W = 
#	 6.758072e-01 4.508635e-01 1.257533e-01
#	 4.508635e-01 3.007928e-01 8.389608e-02
#	 1.257533e-01 8.389608e-02 2.340000e-02
# H0W = 
#	 0.000000e+00 -1.895824e+05 -1.730630e+06
#	 1.895824e+05 0.000000e+00 -1.119309e+06
#	 1.730630e+06 1.119309e+06 0.000000e+00
# H0H0W = 
#	 0.000000e+00 7.971702e+10 2.381711e+13
#	 7.971702e+10 0.000000e+00 1.493340e+13
#	 2.381711e+13 1.493340e+13 0.000000e+00
# WH0W = 
#	 6.062164e+05 2.148538e+05 -1.617826e+06
#	 2.148538e+05 1.685972e+04 -1.114607e+06
#	 -1.617826e+06 -1.114607e+06 -6.230762e+05
#################################################
##            CALCULATION COMPLETED            ##
#################################################
# Psi[0]^2 = 0.652858 + I0.000000
# Psi[1]^2 = 0.323665 + I0.000000
# Psi[2]^2 = 0.023477 + I0.000000
# phi0 = -0.860220 
# phi1 = -0.069323 
# phi2 = -1.004158 
# Psi = 
#	-6.124501e-01+i(5.270321e-01)
#	-3.940715e-02+i(5.675490e-01)
#	-1.292757e-01+i(8.224994e-02)
#ProbSurv b 1-|Psi|^2 calls E tol dh dh(prev) dh(last)
0.539111493114	1	3.05635e-10	18867873	0.316228	3.16228e-08	0.0001	4.77001e-08	4.20251e-08
# a = 0.100000
# b = 1.000000
# E = 0.316228
# tol = 0.000000
# s12 = 0.554977
# s13 = 0.152971
# psi0 = 0.822075 + I0.000000	0.548446 + I0.000000	0.152971 + I0.000000
# dh = 0.000100
# out = data191215/E-0.5_tol-8.0.log
# model = sun
# H0 = 
#	 0.000000e+00 0.000000e+00 0.000000e+00
#	 0.000000e+00 4.204874e+05 0.000000e+00
#	 0.000000e+00 0.000000e+00 1.376211e+07
# W = 
#	 6.758072e-01 4.508635e-01 1.257533e-01
#	 4.508635e-01 3.007928e-01 8.389608e-02
#	 1.257533e-01 8.389608e-02 2.340000e-02
# H0W = 
#	 0.000000e+00 -1.895824e+05 -1.730630e+06
#	 1.895824e+05 0.000000e+00 -1.119309e+06
#	 1.730630e+06 1.119309e+06 0.000000e+00
# H0H0W = 
#	 0.000000e+00 7.971702e+10 2.381711e+13
#	 7.971702e+10 0.000000e+00 1.493340e+13
#	 2.381711e+13 1.493340e+13 0.000000e+00
# WH0W = 
#	 6.062164e+05 2.148538e+05 -1.617826e+06
#	 2.148538e+05 1.685972e+04 -1.114607e+06
#	 -1.617826e+06 -1.114607e+06 -6.230762e+05
#################################################
##            CALCULATION COMPLETED            ##
#################################################
# Psi[0]^2 = 0.652858 + I0.000000
# Psi[1]^2 = 0.323665 + I0.000000
# Psi[2]^2 = 0.023477 + I0.000000
# phi0 = -0.860220 
# phi1 = -0.069581 
# phi2 = -1.012617 
# Psi = 
#	-6.124500e-01+i(5.270322e-01)
#	-3.955378e-02+i(5.675388e-01)
#	-1.299669e-01+i(8.115343e-02)
#ProbSurv b 1-|Psi|^2 calls E tol dh dh(prev) dh(last)
 0.53911149328	1	2.11869e-10	27694250	0.316228	1e-08	0.0001	3.24977e-08	2.16925e-08
# a = 0.100000
# b = 1.000000
# E = 0.316228
# tol = 0.000000
# s12 = 0.554977
# s13 = 0.152971
# psi0 = 0.822075 + I0.000000	0.548446 + I0.000000	0.152971 + I0.000000
# dh = 0.000100
# out = data191215/E-0.5_tol-8.5.log
# model = sun
# H0 = 
#	 0.000000e+00 0.000000e+00 0.000000e+00
#	 0.000000e+00 4.204874e+05 0.000000e+00
#	 0.000000e+00 0.000000e+00 1.376211e+07
# W = 
#	 6.758072e-01 4.508635e-01 1.257533e-01
#	 4.508635e-01 3.007928e-01 8.389608e-02
#	 1.257533e-01 8.389608e-02 2.340000e-02
# H0W = 
#	 0.000000e+00 -1.895824e+05 -1.730630e+06
#	 1.895824e+05 0.000000e+00 -1.119309e+06
#	 1.730630e+06 1.119309e+06 0.000000e+00
# H0H0W = 
#	 0.000000e+00 7.971702e+10 2.381711e+13
#	 7.971702e+10 0.000000e+00 1.493340e+13
#	 2.381711e+13 1.493340e+13 0.000000e+00
# WH0W = 
#	 6.062164e+05 2.148538e+05 -1.617826e+06
#	 2.148538e+05 1.685972e+04 -1.114607e+06
#	 -1.617826e+06 -1.114607e+06 -6.230762e+05
#################################################
##            CALCULATION COMPLETED            ##
#################################################
# Psi[0]^2 = 0.652858 + I0.000000
# Psi[1]^2 = 0.323665 + I0.000000
# Psi[2]^2 = 0.023477 + I0.000000
# phi0 = -0.860220 
# phi1 = -0.069736 
# phi2 = -1.017703 
# Psi = 
#	-6.124500e-01+i(5.270322e-01)
#	-3.964199e-02+i(5.675327e-01)
#	-1.303780e-01+i(8.049135e-02)
#ProbSurv b 1-|Psi|^2 calls E tol dh dh(prev) dh(last)
0.539111493386	1	1.50709e-10	40649599	0.316228	3.16228e-09	0.0001	2.21404e-08	1.55735e-08
# a = 0.100000
# b = 1.000000
# E = 0.316228
# tol = 0.000000
# s12 = 0.554977
# s13 = 0.152971
# psi0 = 0.822075 + I0.000000	0.548446 + I0.000000	0.152971 + I0.000000
# dh = 0.000100
# out = data191215/E-0.5_tol-9.0.log
# model = sun
# H0 = 
#	 0.000000e+00 0.000000e+00 0.000000e+00
#	 0.000000e+00 4.204874e+05 0.000000e+00
#	 0.000000e+00 0.000000e+00 1.376211e+07
# W = 
#	 6.758072e-01 4.508635e-01 1.257533e-01
#	 4.508635e-01 3.007928e-01 8.389608e-02
#	 1.257533e-01 8.389608e-02 2.340000e-02
# H0W = 
#	 0.000000e+00 -1.895824e+05 -1.730630e+06
#	 1.895824e+05 0.000000e+00 -1.119309e+06
#	 1.730630e+06 1.119309e+06 0.000000e+00
# H0H0W = 
#	 0.000000e+00 7.971702e+10 2.381711e+13
#	 7.971702e+10 0.000000e+00 1.493340e+13
#	 2.381711e+13 1.493340e+13 0.000000e+00
# WH0W = 
#	 6.062164e+05 2.148538e+05 -1.617826e+06
#	 2.148538e+05 1.685972e+04 -1.114607e+06
#	 -1.617826e+06 -1.114607e+06 -6.230762e+05
#################################################
##            CALCULATION COMPLETED            ##
#################################################
# Psi[0]^2 = 0.652858 + I0.000000
# Psi[1]^2 = 0.323665 + I0.000000
# Psi[2]^2 = 0.023477 + I0.000000
# phi0 = -0.860221 
# phi1 = -0.069500 
# phi2 = -1.009941 
# Psi = 
#	-6.124504e-01+i(5.270317e-01)
#	-3.950761e-02+i(5.675420e-01)
#	-1.297492e-01+i(8.150097e-02)
#ProbSurv b 1-|Psi|^2 calls E tol dh dh(prev) dh(last)
0.539111493309	1	1.11818e-10	59665451	0.316228	1e-09	0.0001	1.50841e-08	1.0108e-08
# a = 0.100000
# b = 1.000000
# E = 0.316228
# tol = 0.000000
# s12 = 0.554977
# s13 = 0.152971
# psi0 = 0.822075 + I0.000000	0.548446 + I0.000000	0.152971 + I0.000000
# dh = 0.000100
# out = data191215/E-0.5_tol-9.5.log
# model = sun
# H0 = 
#	 0.000000e+00 0.000000e+00 0.000000e+00
#	 0.000000e+00 4.204874e+05 0.000000e+00
#	 0.000000e+00 0.000000e+00 1.376211e+07
# W = 
#	 6.758072e-01 4.508635e-01 1.257533e-01
#	 4.508635e-01 3.007928e-01 8.389608e-02
#	 1.257533e-01 8.389608e-02 2.340000e-02
# H0W = 
#	 0.000000e+00 -1.895824e+05 -1.730630e+06
#	 1.895824e+05 0.000000e+00 -1.119309e+06
#	 1.730630e+06 1.119309e+06 0.000000e+00
# H0H0W = 
#	 0.000000e+00 7.971702e+10 2.381711e+13
#	 7.971702e+10 0.000000e+00 1.493340e+13
#	 2.381711e+13 1.493340e+13 0.000000e+00
# WH0W = 
#	 6.062164e+05 2.148538e+05 -1.617826e+06
#	 2.148538e+05 1.685972e+04 -1.114607e+06
#	 -1.617826e+06 -1.114607e+06 -6.230762e+05
#################################################
##            CALCULATION COMPLETED            ##
#################################################
# Psi[0]^2 = 0.652858 + I0.000000
# Psi[1]^2 = 0.323665 + I0.000000
# Psi[2]^2 = 0.023477 + I0.000000
# phi0 = -0.860220 
# phi1 = -0.068623 
# phi2 = -0.981260 
# Psi = 
#	-6.124498e-01+i(5.270324e-01)
#	-3.900995e-02+i(5.675765e-01)
#	-1.273587e-01+i(8.518820e-02)
#ProbSurv b 1-|Psi|^2 calls E tol dh dh(prev) dh(last)
0.539111492949	1	8.68818e-11	87576905	0.316228	3.16228e-10	0.0001	1.02767e-08	5.37828e-09
