# a = 0.100000
# b = 1.000000
# E = 0.100000
# tol = 0.000000
# s12 = 0.554977
# s13 = 0.152971
# psi0 = 0.822075 + I0.000000	0.548446 + I0.000000	0.152971 + I0.000000
# dh = 0.000100
# out = data191215/E-1.0_tol-9.5.log
# model = sun
# H0 = 
#	 0.000000e+00 0.000000e+00 0.000000e+00
#	 0.000000e+00 1.329698e+06 0.000000e+00
#	 0.000000e+00 0.000000e+00 4.351960e+07
# W = 
#	 6.758072e-01 4.508635e-01 1.257533e-01
#	 4.508635e-01 3.007928e-01 8.389608e-02
#	 1.257533e-01 8.389608e-02 2.340000e-02
# H0W = 
#	 0.000000e+00 -5.995123e+05 -5.472733e+06
#	 5.995123e+05 0.000000e+00 -3.539567e+06
#	 5.472733e+06 3.539567e+06 0.000000e+00
# H0H0W = 
#	 0.000000e+00 7.971702e+11 2.381711e+14
#	 7.971702e+11 0.000000e+00 1.493340e+14
#	 2.381711e+14 1.493340e+14 0.000000e+00
# WH0W = 
#	 1.917025e+06 6.794272e+05 -5.116015e+06
#	 6.794272e+05 5.331512e+04 -3.524697e+06
#	 -5.116015e+06 -3.524697e+06 -1.970340e+06
#################################################
##            CALCULATION COMPLETED            ##
#################################################
# Psi[0]^2 = 0.668694 + I0.000000
# Psi[1]^2 = 0.307882 + I0.000000
# Psi[2]^2 = 0.023424 + I0.000000
# phi0 = 1.310510 
# phi1 = 2.832965 
# phi2 = -1.613374 
# Psi = 
#	7.901927e-01+i(2.104508e-01)
#	1.685430e-01+i(-5.286538e-01)
#	-1.529116e-01+i(-6.514582e-03)
#ProbSurv b 1-|Psi|^2 calls E tol dh dh(prev) dh(last)
0.545064918105	1	3.8445e-10	710774159	0.1	3.16228e-10	0.0001	1.26622e-09	1.04809e-09
