# a = 0.100000
# b = 1.000000
# E = 3.162278
# tol = 0.000000
# s12 = 0.554977
# s13 = 0.152971
# psi0 = 0.822075 + I0.000000	0.548446 + I0.000000	0.152971 + I0.000000
# dh = 0.000100
# out = data191215/E0.5_tol-8.0.log
# model = sun
# H0 = 
#	 0.000000e+00 0.000000e+00 0.000000e+00
#	 0.000000e+00 4.204874e+04 0.000000e+00
#	 0.000000e+00 0.000000e+00 1.376211e+06
# W = 
#	 6.758072e-01 4.508635e-01 1.257533e-01
#	 4.508635e-01 3.007928e-01 8.389608e-02
#	 1.257533e-01 8.389608e-02 2.340000e-02
# H0W = 
#	 0.000000e+00 -1.895824e+04 -1.730630e+05
#	 1.895824e+04 0.000000e+00 -1.119309e+05
#	 1.730630e+05 1.119309e+05 0.000000e+00
# H0H0W = 
#	 0.000000e+00 7.971702e+08 2.381711e+11
#	 7.971702e+08 0.000000e+00 1.493340e+11
#	 2.381711e+11 1.493340e+11 0.000000e+00
# WH0W = 
#	 6.062164e+04 2.148538e+04 -1.617826e+05
#	 2.148538e+04 1.685972e+03 -1.114607e+05
#	 -1.617826e+05 -1.114607e+05 -6.230762e+04
#################################################
##            CALCULATION COMPLETED            ##
#################################################
# Psi[0]^2 = 0.409839 + I0.000000
# Psi[1]^2 = 0.565971 + I0.000000
# Psi[2]^2 = 0.024190 + I0.000000
# phi0 = 1.770481 
# phi1 = 1.045969 
# phi2 = 0.539619 
# Psi = 
#	6.274659e-01+i(-1.269877e-01)
#	6.510572e-01+i(3.769554e-01)
#	7.991312e-02+i(1.334306e-01)
#ProbSurv b 1-|Psi|^2 calls E tol dh dh(prev) dh(last)
0.447778380356	1	4.21273e-11	1267995	3.16228	1e-08	0.0001	7.09783e-07	7.08227e-07
