# a = 0.100000
# b = 1.000000
# E = 10.000000
# tol = 0.000000
# s12 = 0.554977
# s13 = 0.152971
# psi0 = 0.822075 + I0.000000	0.548446 + I0.000000	0.152971 + I0.000000
# dh = 0.000100
# out = data191215/E1.0_tol-9.5.log
# model = sun
# H0 = 
#	 0.000000e+00 0.000000e+00 0.000000e+00
#	 0.000000e+00 1.329698e+04 0.000000e+00
#	 0.000000e+00 0.000000e+00 4.351960e+05
# W = 
#	 6.758072e-01 4.508635e-01 1.257533e-01
#	 4.508635e-01 3.007928e-01 8.389608e-02
#	 1.257533e-01 8.389608e-02 2.340000e-02
# H0W = 
#	 0.000000e+00 -5.995123e+03 -5.472733e+04
#	 5.995123e+03 0.000000e+00 -3.539567e+04
#	 5.472733e+04 3.539567e+04 0.000000e+00
# H0H0W = 
#	 0.000000e+00 7.971702e+07 2.381711e+10
#	 7.971702e+07 0.000000e+00 1.493340e+10
#	 2.381711e+10 1.493340e+10 0.000000e+00
# WH0W = 
#	 1.917025e+04 6.794272e+03 -5.116015e+04
#	 6.794272e+03 5.331512e+02 -3.524697e+04
#	 -5.116015e+04 -3.524697e+04 -1.970340e+04
#################################################
##            CALCULATION COMPLETED            ##
#################################################
# Psi[0]^2 = 0.089744 + I0.000000
# Psi[1]^2 = 0.884219 + I0.000000
# Psi[2]^2 = 0.026037 + I0.000000
# phi0 = -0.974030 
# phi1 = 0.413306 
# phi2 = -1.091491 
# Psi = 
#	-2.477942e-01+i(1.683515e-01)
#	3.776728e-01+i(8.611518e-01)
#	-1.431760e-01+i(7.441266e-02)
#ProbSurv b 1-|Psi|^2 calls E tol dh dh(prev) dh(last)
0.327225787681	1	3.91687e-12	1337078	10	3.16228e-10	0.0001	6.73111e-07	3.70251e-07
