# a = 0.100000
# b = 1.000000
# E = 10.000000
# tol = 0.000100
# s12 = 0.554977
# s13 = 0.152971
# psi0 = 0.822075 + I0.000000	0.548446 + I0.000000	0.152971 + I0.000000
# dh = 0.000100
# out = data/E1.0e1.0_tol1e-4.log
# model = sun
# scan_steps = 100.000000
# H0 = 
#	 0.000000e+00 0.000000e+00 0.000000e+00
#	 0.000000e+00 1.329698e+04 0.000000e+00
#	 0.000000e+00 0.000000e+00 4.351960e+05
# W = 
#	 6.758072e-01 4.508635e-01 1.257533e-01
#	 4.508635e-01 3.007928e-01 8.389608e-02
#	 1.257533e-01 8.389608e-02 2.340000e-02
# H0W = 
#	 0.000000e+00 -5.995123e+03 -5.472733e+04
#	 5.995123e+03 0.000000e+00 -3.539567e+04
#	 5.472733e+04 3.539567e+04 0.000000e+00
# H0H0W = 
#	 0.000000e+00 7.971702e+07 2.381711e+10
#	 7.971702e+07 0.000000e+00 1.493340e+10
#	 2.381711e+10 1.493340e+10 0.000000e+00
# WH0W = 
#	 1.917025e+04 6.794272e+03 -5.116015e+04
#	 6.794272e+03 5.331512e+02 -3.524697e+04
#	 -5.116015e+04 -3.524697e+04 -1.970340e+04
#################################################
##            CALCULATION COMPLETED            ##
#################################################
# Psi[0]^2 = 0.089744 + I0.000000
# Psi[1]^2 = 0.884188 + I0.000000
# Psi[2]^2 = 0.026068 + I0.000000
# phi0 = -0.974029 
# phi1 = 0.413375 
# phi2 = -1.089106 
# Psi = 
#	-2.477940e-01+i(1.683517e-01)
#	3.777260e-01+i(8.611105e-01)
#	-1.430832e-01+i(7.479833e-02)
#ProbSurv b 1-|Psi|^2 calls E tol dh dh(prev) dh(last)
0.327217192598	1	-9.50906e-12	19627	10	0.0001	0.0001	4.58585e-05	3.6531e-05
