# a = 0.100000
# b = 1.000000
# E = 1100.000000
# tol = 0.000100
# s12 = 0.554977
# s13 = 0.152971
# psi0 = 0.822075 + I0.000000	0.548446 + I0.000000	0.152971 + I0.000000
# dh = 0.000100
# out = data/E1.1e3.0_tol1e-4.log
# model = sun
# scan_steps = 100.000000
# H0 = 
#	 0.000000e+00 0.000000e+00 0.000000e+00
#	 0.000000e+00 1.208816e+02 0.000000e+00
#	 0.000000e+00 0.000000e+00 3.956327e+03
# W = 
#	 6.758072e-01 4.508635e-01 1.257533e-01
#	 4.508635e-01 3.007928e-01 8.389608e-02
#	 1.257533e-01 8.389608e-02 2.340000e-02
# H0W = 
#	 0.000000e+00 -5.450112e+01 -4.975211e+02
#	 5.450112e+01 0.000000e+00 -3.217788e+02
#	 4.975211e+02 3.217788e+02 0.000000e+00
# H0H0W = 
#	 0.000000e+00 6.588184e+03 1.968356e+06
#	 6.588184e+03 0.000000e+00 1.234165e+06
#	 1.968356e+06 1.234165e+06 0.000000e+00
# WH0W = 
#	 1.742750e+02 6.176611e+01 -4.650923e+02
#	 6.176611e+01 4.846829e+00 -3.204270e+02
#	 -4.650923e+02 -3.204270e+02 -1.791218e+02
#################################################
##            CALCULATION COMPLETED            ##
#################################################
# Psi[0]^2 = 0.000007 + I0.000000
# Psi[1]^2 = 0.000941 + I0.000000
# Psi[2]^2 = 0.999053 + I0.000000
# phi0 = 2.689744 
# phi1 = 2.760846 
# phi2 = -0.013078 
# Psi = 
#	1.140662e-03+i(-2.350244e-03)
#	1.139684e-02+i(-2.847228e-02)
#	-1.307110e-02+i(9.994407e-01)
#ProbSurv b 1-|Psi|^2 calls E tol dh dh(prev) dh(last)
0.023665356728	1	-4.24105e-14	9001	1100	0.0001	0.0001	0.0001	5e-05
