# a = 0.100000
# b = 1.000000
# E = 3478.505426
# tol = 0.000100
# s12 = 0.554977
# s13 = 0.152971
# psi0 = 0.822075 + I0.000000	0.548446 + I0.000000	0.152971 + I0.000000
# dh = 0.000100
# out = data/E1.1e3.5_tol1e-4.log
# model = sun
# scan_steps = 100.000000
# H0 = 
#	 0.000000e+00 0.000000e+00 0.000000e+00
#	 0.000000e+00 3.822613e+01 0.000000e+00
#	 0.000000e+00 0.000000e+00 1.251101e+03
# W = 
#	 6.758072e-01 4.508635e-01 1.257533e-01
#	 4.508635e-01 3.007928e-01 8.389608e-02
#	 1.257533e-01 8.389608e-02 2.340000e-02
# H0W = 
#	 0.000000e+00 -1.723477e+01 -1.573300e+02
#	 1.723477e+01 0.000000e+00 -1.017554e+02
#	 1.573300e+02 1.017554e+02 0.000000e+00
# H0H0W = 
#	 0.000000e+00 6.588184e+02 1.968356e+05
#	 6.588184e+02 0.000000e+00 1.234165e+05
#	 1.968356e+05 1.234165e+05 0.000000e+00
# WH0W = 
#	 5.511058e+01 1.953216e+01 -1.470751e+02
#	 1.953216e+01 1.532702e+00 -1.013279e+02
#	 -1.470751e+02 -1.013279e+02 -5.664329e+01
#################################################
##            CALCULATION COMPLETED            ##
#################################################
# Psi[0]^2 = 0.000000 + I0.000000
# Psi[1]^2 = 0.000070 + I0.000000
# Psi[2]^2 = 0.999930 + I0.000000
# phi0 = -0.302131 
# phi1 = 0.081293 
# phi2 = -2.755093 
# Psi = 
#	-1.671002e-04+i(5.361406e-04)
#	6.790989e-04+i(8.335330e-03)
#	-3.769352e-01+i(-9.262017e-01)
#ProbSurv b 1-|Psi|^2 calls E tol dh dh(prev) dh(last)
0.023419606298	1	-5.66214e-14	9001	3478.51	0.0001	0.0001	0.0001	5e-05
