# a = 0.100000
# b = 1.000000
# E = 0.347851
# tol = 0.000100
# s12 = 0.554977
# s13 = 0.152971
# psi0 = 0.822075 + I0.000000	0.548446 + I0.000000	0.152971 + I0.000000
# dh = 0.000100
# out = data/E1.1e-0.5_tol1e-4.log
# model = sun
# scan_steps = 100.000000
# H0 = 
#	 0.000000e+00 0.000000e+00 0.000000e+00
#	 0.000000e+00 3.822613e+05 0.000000e+00
#	 0.000000e+00 0.000000e+00 1.251101e+07
# W = 
#	 6.758072e-01 4.508635e-01 1.257533e-01
#	 4.508635e-01 3.007928e-01 8.389608e-02
#	 1.257533e-01 8.389608e-02 2.340000e-02
# H0W = 
#	 0.000000e+00 -1.723477e+05 -1.573300e+06
#	 1.723477e+05 0.000000e+00 -1.017554e+06
#	 1.573300e+06 1.017554e+06 0.000000e+00
# H0H0W = 
#	 0.000000e+00 6.588184e+10 1.968356e+13
#	 6.588184e+10 0.000000e+00 1.234165e+13
#	 1.968356e+13 1.234165e+13 0.000000e+00
# WH0W = 
#	 5.511058e+05 1.953216e+05 -1.470751e+06
#	 1.953216e+05 1.532702e+04 -1.013279e+06
#	 -1.470751e+06 -1.013279e+06 -5.664329e+05
#################################################
##            CALCULATION COMPLETED            ##
#################################################
# Psi[0]^2 = 0.650491 + I0.000000
# Psi[1]^2 = 0.326024 + I0.000000
# Psi[2]^2 = 0.023485 + I0.000000
# phi0 = -2.109257 
# phi1 = -1.898153 
# phi2 = -0.693351 
# Psi = 
#	-6.924054e-01+i(-4.136012e-01)
#	-5.406631e-01+i(-1.835953e-01)
#	-9.794369e-02+i(1.178646e-01)
#ProbSurv b 1-|Psi|^2 calls E tol dh dh(prev) dh(last)
0.538221768905	1	4.37275e-11	1972094	0.347851	0.0001	0.0001	4.56368e-07	3.0006e-07
