# a = 0.100000
# b = 1.000000
# E = 11.000000
# tol = 0.000100
# s12 = 0.554977
# s13 = 0.152971
# psi0 = 0.822075 + I0.000000	0.548446 + I0.000000	0.152971 + I0.000000
# dh = 0.000100
# out = data/E1.1e1.0_tol1e-4.log
# model = sun
# scan_steps = 100.000000
# H0 = 
#	 0.000000e+00 0.000000e+00 0.000000e+00
#	 0.000000e+00 1.208816e+04 0.000000e+00
#	 0.000000e+00 0.000000e+00 3.956327e+05
# W = 
#	 6.758072e-01 4.508635e-01 1.257533e-01
#	 4.508635e-01 3.007928e-01 8.389608e-02
#	 1.257533e-01 8.389608e-02 2.340000e-02
# H0W = 
#	 0.000000e+00 -5.450112e+03 -4.975211e+04
#	 5.450112e+03 0.000000e+00 -3.217788e+04
#	 4.975211e+04 3.217788e+04 0.000000e+00
# H0H0W = 
#	 0.000000e+00 6.588184e+07 1.968356e+10
#	 6.588184e+07 0.000000e+00 1.234165e+10
#	 1.968356e+10 1.234165e+10 0.000000e+00
# WH0W = 
#	 1.742750e+04 6.176611e+03 -4.650923e+04
#	 6.176611e+03 4.846829e+02 -3.204270e+04
#	 -4.650923e+04 -3.204270e+04 -1.791218e+04
#################################################
##            CALCULATION COMPLETED            ##
#################################################
# Psi[0]^2 = 0.074567 + I0.000000
# Psi[1]^2 = 0.899116 + I0.000000
# Psi[2]^2 = 0.026318 + I0.000000
# phi0 = 1.908253 
# phi1 = 2.727697 
# phi2 = -1.082194 
# Psi = 
#	2.576677e-01+i(-9.040978e-02)
#	3.813528e-01+i(-8.681507e-01)
#	-1.432454e-01+i(7.614839e-02)
#ProbSurv b 1-|Psi|^2 calls E tol dh dh(prev) dh(last)
0.321455966921	1	-8.45524e-12	17551	11	0.0001	0.0001	5.12846e-05	2.87183e-05
