# a = 0.100000
# b = 1.000000
# E = 347.850543
# tol = 0.000100
# s12 = 0.554977
# s13 = 0.152971
# psi0 = 0.822075 + I0.000000	0.548446 + I0.000000	0.152971 + I0.000000
# dh = 0.000100
# out = data/E1.1e2.5_tol1e-4.log
# model = sun
# scan_steps = 100.000000
# H0 = 
#	 0.000000e+00 0.000000e+00 0.000000e+00
#	 0.000000e+00 3.822613e+02 0.000000e+00
#	 0.000000e+00 0.000000e+00 1.251101e+04
# W = 
#	 6.758072e-01 4.508635e-01 1.257533e-01
#	 4.508635e-01 3.007928e-01 8.389608e-02
#	 1.257533e-01 8.389608e-02 2.340000e-02
# H0W = 
#	 0.000000e+00 -1.723477e+02 -1.573300e+03
#	 1.723477e+02 0.000000e+00 -1.017554e+03
#	 1.573300e+03 1.017554e+03 0.000000e+00
# H0H0W = 
#	 0.000000e+00 6.588184e+04 1.968356e+07
#	 6.588184e+04 0.000000e+00 1.234165e+07
#	 1.968356e+07 1.234165e+07 0.000000e+00
# WH0W = 
#	 5.511058e+02 1.953216e+02 -1.470751e+03
#	 1.953216e+02 1.532702e+01 -1.013279e+03
#	 -1.470751e+03 -1.013279e+03 -5.664329e+02
#################################################
##            CALCULATION COMPLETED            ##
#################################################
# Psi[0]^2 = 0.000063 + I0.000000
# Psi[1]^2 = 0.025915 + I0.000000
# Psi[2]^2 = 0.974022 + I0.000000
# phi0 = 2.581343 
# phi1 = 1.513836 
# phi2 = 0.104481 
# Psi = 
#	4.226278e-03+i(-6.737284e-03)
#	1.607194e-01+i(9.164604e-03)
#	1.029279e-01+i(9.815436e-01)
#ProbSurv b 1-|Psi|^2 calls E tol dh dh(prev) dh(last)
0.0306298209534	1	-3.82361e-13	9001	347.851	0.0001	0.0001	0.0001	5e-05
