# a = 0.100000
# b = 1.000000
# E = 110.000000
# tol = 0.000100
# s12 = 0.554977
# s13 = 0.152971
# psi0 = 0.822075 + I0.000000	0.548446 + I0.000000	0.152971 + I0.000000
# dh = 0.000100
# out = data/E1.1e2.0_tol1e-4.log
# model = sun
# scan_steps = 100.000000
# H0 = 
#	 0.000000e+00 0.000000e+00 0.000000e+00
#	 0.000000e+00 1.208816e+03 0.000000e+00
#	 0.000000e+00 0.000000e+00 3.956327e+04
# W = 
#	 6.758072e-01 4.508635e-01 1.257533e-01
#	 4.508635e-01 3.007928e-01 8.389608e-02
#	 1.257533e-01 8.389608e-02 2.340000e-02
# H0W = 
#	 0.000000e+00 -5.450112e+02 -4.975211e+03
#	 5.450112e+02 0.000000e+00 -3.217788e+03
#	 4.975211e+03 3.217788e+03 0.000000e+00
# H0H0W = 
#	 0.000000e+00 6.588184e+05 1.968356e+08
#	 6.588184e+05 0.000000e+00 1.234165e+08
#	 1.968356e+08 1.234165e+08 0.000000e+00
# WH0W = 
#	 1.742750e+03 6.176611e+02 -4.650923e+03
#	 6.176611e+02 4.846829e+01 -3.204270e+03
#	 -4.650923e+03 -3.204270e+03 -1.791218e+03
#################################################
##            CALCULATION COMPLETED            ##
#################################################
# Psi[0]^2 = 0.000651 + I0.000000
# Psi[1]^2 = 0.885053 + I0.000000
# Psi[2]^2 = 0.114297 + I0.000000
# phi0 = 2.192499 
# phi1 = 2.963734 
# phi2 = 1.279642 
# Psi = 
#	2.073427e-02+i(-1.485574e-02)
#	1.664439e-01+i(-9.259315e-01)
#	3.238494e-01+i(9.704799e-02)
#ProbSurv b 1-|Psi|^2 calls E tol dh dh(prev) dh(last)
0.269331692134	1	1.62714e-12	9001	110	0.0001	0.0001	0.0001	5e-05
