# a = 0.100000
# b = 1.000000
# E = 0.110000
# tol = 0.000100
# s12 = 0.554977
# s13 = 0.152971
# psi0 = 0.822075 + I0.000000	0.548446 + I0.000000	0.152971 + I0.000000
# dh = 0.000100
# out = data/E1.1e-1.0_tol1e-4.log
# model = sun
# scan_steps = 100.000000
# H0 = 
#	 0.000000e+00 0.000000e+00 0.000000e+00
#	 0.000000e+00 1.208816e+06 0.000000e+00
#	 0.000000e+00 0.000000e+00 3.956327e+07
# W = 
#	 6.758072e-01 4.508635e-01 1.257533e-01
#	 4.508635e-01 3.007928e-01 8.389608e-02
#	 1.257533e-01 8.389608e-02 2.340000e-02
# H0W = 
#	 0.000000e+00 -5.450112e+05 -4.975211e+06
#	 5.450112e+05 0.000000e+00 -3.217788e+06
#	 4.975211e+06 3.217788e+06 0.000000e+00
# H0H0W = 
#	 0.000000e+00 6.588184e+11 1.968356e+14
#	 6.588184e+11 0.000000e+00 1.234165e+14
#	 1.968356e+14 1.234165e+14 0.000000e+00
# WH0W = 
#	 1.742750e+06 6.176611e+05 -4.650923e+06
#	 6.176611e+05 4.846829e+04 -3.204270e+06
#	 -4.650923e+06 -3.204270e+06 -1.791218e+06
#################################################
##            CALCULATION COMPLETED            ##
#################################################
# Psi[0]^2 = 0.667975 + I0.000000
# Psi[1]^2 = 0.308598 + I0.000000
# Psi[2]^2 = 0.023427 + I0.000000
# phi0 = 0.922895 
# phi1 = 3.139556 
# phi2 = -1.565869 
# Psi = 
#	6.516736e-01+i(4.932508e-01)
#	1.131354e-03+i(-5.555151e-01)
#	-1.530564e-01+i(7.541912e-04)
#ProbSurv b 1-|Psi|^2 calls E tol dh dh(prev) dh(last)
0.544794556774	1	1.40112e-09	8935693	0.11	0.0001	0.0001	1.0072e-07	6.52764e-08
