# a = 0.100000
# b = 1.000000
# E = 34.785054
# tol = 0.000100
# s12 = 0.554977
# s13 = 0.152971
# psi0 = 0.822075 + I0.000000	0.548446 + I0.000000	0.152971 + I0.000000
# dh = 0.000100
# out = data/E1.1e1.5_tol1e-4.log
# model = sun
# scan_steps = 100.000000
# H0 = 
#	 0.000000e+00 0.000000e+00 0.000000e+00
#	 0.000000e+00 3.822613e+03 0.000000e+00
#	 0.000000e+00 0.000000e+00 1.251101e+05
# W = 
#	 6.758072e-01 4.508635e-01 1.257533e-01
#	 4.508635e-01 3.007928e-01 8.389608e-02
#	 1.257533e-01 8.389608e-02 2.340000e-02
# H0W = 
#	 0.000000e+00 -1.723477e+03 -1.573300e+04
#	 1.723477e+03 0.000000e+00 -1.017554e+04
#	 1.573300e+04 1.017554e+04 0.000000e+00
# H0H0W = 
#	 0.000000e+00 6.588184e+06 1.968356e+09
#	 6.588184e+06 0.000000e+00 1.234165e+09
#	 1.968356e+09 1.234165e+09 0.000000e+00
# WH0W = 
#	 5.511058e+03 1.953216e+03 -1.470751e+04
#	 1.953216e+03 1.532702e+02 -1.013279e+04
#	 -1.470751e+04 -1.013279e+04 -5.664329e+03
#################################################
##            CALCULATION COMPLETED            ##
#################################################
# Psi[0]^2 = 0.006801 + I0.000000
# Psi[1]^2 = 0.958419 + I0.000000
# Psi[2]^2 = 0.034780 + I0.000000
# phi0 = 0.555403 
# phi1 = 0.645934 
# phi2 = -0.610432 
# Psi = 
#	4.348449e-02+i(7.007250e-02)
#	5.892969e-01+i(7.817596e-01)
#	-1.069024e-01+i(1.528133e-01)
#ProbSurv b 1-|Psi|^2 calls E tol dh dh(prev) dh(last)
0.293695565209	1	-2.08744e-12	9001	34.7851	0.0001	0.0001	0.0001	5e-05
