# a = 0.100000
# b = 1.000000
# E = 1.100000
# tol = 0.000100
# s12 = 0.554977
# s13 = 0.152971
# psi0 = 0.822075 + I0.000000	0.548446 + I0.000000	0.152971 + I0.000000
# dh = 0.000100
# out = data/E1.1e0.0_tol1e-4.log
# model = sun
# scan_steps = 100.000000
# H0 = 
#	 0.000000e+00 0.000000e+00 0.000000e+00
#	 0.000000e+00 1.208816e+05 0.000000e+00
#	 0.000000e+00 0.000000e+00 3.956327e+06
# W = 
#	 6.758072e-01 4.508635e-01 1.257533e-01
#	 4.508635e-01 3.007928e-01 8.389608e-02
#	 1.257533e-01 8.389608e-02 2.340000e-02
# H0W = 
#	 0.000000e+00 -5.450112e+04 -4.975211e+05
#	 5.450112e+04 0.000000e+00 -3.217788e+05
#	 4.975211e+05 3.217788e+05 0.000000e+00
# H0H0W = 
#	 0.000000e+00 6.588184e+09 1.968356e+12
#	 6.588184e+09 0.000000e+00 1.234165e+12
#	 1.968356e+12 1.234165e+12 0.000000e+00
# WH0W = 
#	 1.742750e+05 6.176611e+04 -4.650923e+05
#	 6.176611e+04 4.846829e+03 -3.204270e+05
#	 -4.650923e+05 -3.204270e+05 -1.791218e+05
#################################################
##            CALCULATION COMPLETED            ##
#################################################
# Psi[0]^2 = 0.590677 + I0.000000
# Psi[1]^2 = 0.385653 + I0.000000
# Psi[2]^2 = 0.023670 + I0.000000
# phi0 = -1.317184 
# phi1 = -2.003381 
# phi2 = -2.932717 
# Psi = 
#	-7.439707e-01+i(1.928323e-01)
#	-5.638055e-01+i(-2.603386e-01)
#	-3.190269e-02+i(-1.505079e-01)
#ProbSurv b 1-|Psi|^2 calls E tol dh dh(prev) dh(last)
0.515739080602	1	4.94191e-11	383215	1.1	0.0001	0.0001	2.34856e-06	1.38455e-06
