# a = 0.100000
# b = 1.000000
# E = 34785.054262
# tol = 0.000100
# s12 = 0.554977
# s13 = 0.152971
# psi0 = 0.822075 + I0.000000	0.548446 + I0.000000	0.152971 + I0.000000
# dh = 0.000100
# out = data/E1.1e4.5_tol1e-4.log
# model = sun
# scan_steps = 100.000000
# H0 = 
#	 0.000000e+00 0.000000e+00 0.000000e+00
#	 0.000000e+00 3.822613e+00 0.000000e+00
#	 0.000000e+00 0.000000e+00 1.251101e+02
# W = 
#	 6.758072e-01 4.508635e-01 1.257533e-01
#	 4.508635e-01 3.007928e-01 8.389608e-02
#	 1.257533e-01 8.389608e-02 2.340000e-02
# H0W = 
#	 0.000000e+00 -1.723477e+00 -1.573300e+01
#	 1.723477e+00 0.000000e+00 -1.017554e+01
#	 1.573300e+01 1.017554e+01 0.000000e+00
# H0H0W = 
#	 0.000000e+00 6.588184e+00 1.968356e+03
#	 6.588184e+00 0.000000e+00 1.234165e+03
#	 1.968356e+03 1.234165e+03 0.000000e+00
# WH0W = 
#	 5.511058e+00 1.953216e+00 -1.470751e+01
#	 1.953216e+00 1.532702e-01 -1.013279e+01
#	 -1.470751e+01 -1.013279e+01 -5.664329e+00
#################################################
##            CALCULATION COMPLETED            ##
#################################################
# Psi[0]^2 = 0.086619 + I0.000000
# Psi[1]^2 = 0.090162 + I0.000000
# Psi[2]^2 = 0.823220 + I0.000000
# phi0 = -1.730292 
# phi1 = -1.182245 
# phi2 = 0.850894 
# Psi = 
#	-2.905749e-01+i(-4.674254e-02)
#	-2.778871e-01+i(1.137567e-01)
#	6.821825e-01+i(5.982027e-01)
#ProbSurv b 1-|Psi|^2 calls E tol dh dh(prev) dh(last)
0.104920861095	1	-1.0858e-13	9001	34785.1	0.0001	0.0001	0.0001	5e-05
