# a = 0.100000
# b = 1.000000
# E = 11000.000000
# tol = 0.000100
# s12 = 0.554977
# s13 = 0.152971
# psi0 = 0.822075 + I0.000000	0.548446 + I0.000000	0.152971 + I0.000000
# dh = 0.000100
# out = data/E1.1e4.0_tol1e-4.log
# model = sun
# scan_steps = 100.000000
# H0 = 
#	 0.000000e+00 0.000000e+00 0.000000e+00
#	 0.000000e+00 1.208816e+01 0.000000e+00
#	 0.000000e+00 0.000000e+00 3.956327e+02
# W = 
#	 6.758072e-01 4.508635e-01 1.257533e-01
#	 4.508635e-01 3.007928e-01 8.389608e-02
#	 1.257533e-01 8.389608e-02 2.340000e-02
# H0W = 
#	 0.000000e+00 -5.450112e+00 -4.975211e+01
#	 5.450112e+00 0.000000e+00 -3.217788e+01
#	 4.975211e+01 3.217788e+01 0.000000e+00
# H0H0W = 
#	 0.000000e+00 6.588184e+01 1.968356e+04
#	 6.588184e+01 0.000000e+00 1.234165e+04
#	 1.968356e+04 1.234165e+04 0.000000e+00
# WH0W = 
#	 1.742750e+01 6.176611e+00 -4.650923e+01
#	 6.176611e+00 4.846829e-01 -3.204270e+01
#	 -4.650923e+01 -3.204270e+01 -1.791218e+01
#################################################
##            CALCULATION COMPLETED            ##
#################################################
# Psi[0]^2 = 0.000555 + I0.000000
# Psi[1]^2 = 0.003949 + I0.000000
# Psi[2]^2 = 0.995496 + I0.000000
# phi0 = 2.323245 
# phi1 = -1.974038 
# phi2 = 1.689721 
# Psi = 
#	1.719155e-02+i(-1.609438e-02)
#	-5.780102e-02+i(-2.465903e-02)
#	9.906984e-01+i(-1.183772e-01)
#ProbSurv b 1-|Psi|^2 calls E tol dh dh(prev) dh(last)
0.0248572423362	1	-9.85878e-14	9001	11000	0.0001	0.0001	0.0001	5e-05
