# a = 0.100000
# b = 1.000000
# E = 3.478505
# tol = 0.000100
# s12 = 0.554977
# s13 = 0.152971
# psi0 = 0.822075 + I0.000000	0.548446 + I0.000000	0.152971 + I0.000000
# dh = 0.000100
# out = data/E1.1e0.5_tol1e-4.log
# model = sun
# scan_steps = 100.000000
# H0 = 
#	 0.000000e+00 0.000000e+00 0.000000e+00
#	 0.000000e+00 3.822613e+04 0.000000e+00
#	 0.000000e+00 0.000000e+00 1.251101e+06
# W = 
#	 6.758072e-01 4.508635e-01 1.257533e-01
#	 4.508635e-01 3.007928e-01 8.389608e-02
#	 1.257533e-01 8.389608e-02 2.340000e-02
# H0W = 
#	 0.000000e+00 -1.723477e+04 -1.573300e+05
#	 1.723477e+04 0.000000e+00 -1.017554e+05
#	 1.573300e+05 1.017554e+05 0.000000e+00
# H0H0W = 
#	 0.000000e+00 6.588184e+08 1.968356e+11
#	 6.588184e+08 0.000000e+00 1.234165e+11
#	 1.968356e+11 1.234165e+11 0.000000e+00
# WH0W = 
#	 5.511058e+04 1.953216e+04 -1.470751e+05
#	 1.953216e+04 1.532702e+03 -1.013279e+05
#	 -1.470751e+05 -1.013279e+05 -5.664329e+04
#################################################
##            CALCULATION COMPLETED            ##
#################################################
# Psi[0]^2 = 0.383109 + I0.000000
# Psi[1]^2 = 0.592620 + I0.000000
# Psi[2]^2 = 0.024271 + I0.000000
# phi0 = -0.219846 
# phi1 = -0.455612 
# phi2 = 2.498330 
# Psi = 
#	-1.349818e-01+i(6.040601e-01)
#	-3.387296e-01+i(6.912905e-01)
#	9.344527e-02+i(-1.246556e-01)
#ProbSurv b 1-|Psi|^2 calls E tol dh dh(prev) dh(last)
 0.43773144709	1	-2.12739e-11	43635	3.47851	0.0001	0.0001	2.06265e-05	1.28488e-05
