# a = 0.100000
# b = 1.000000
# E = 347850.542619
# tol = 0.000100
# s12 = 0.554977
# s13 = 0.152971
# psi0 = 0.822075 + I0.000000	0.548446 + I0.000000	0.152971 + I0.000000
# dh = 0.000100
# out = data/E1.1e5.5_tol1e-4.log
# model = sun
# scan_steps = 100.000000
# H0 = 
#	 0.000000e+00 0.000000e+00 0.000000e+00
#	 0.000000e+00 3.822613e-01 0.000000e+00
#	 0.000000e+00 0.000000e+00 1.251101e+01
# W = 
#	 6.758072e-01 4.508635e-01 1.257533e-01
#	 4.508635e-01 3.007928e-01 8.389608e-02
#	 1.257533e-01 8.389608e-02 2.340000e-02
# H0W = 
#	 0.000000e+00 -1.723477e-01 -1.573300e+00
#	 1.723477e-01 0.000000e+00 -1.017554e+00
#	 1.573300e+00 1.017554e+00 0.000000e+00
# H0H0W = 
#	 0.000000e+00 6.588184e-02 1.968356e+01
#	 6.588184e-02 0.000000e+00 1.234165e+01
#	 1.968356e+01 1.234165e+01 0.000000e+00
# WH0W = 
#	 5.511058e-01 1.953216e-01 -1.470751e+00
#	 1.953216e-01 1.532702e-02 -1.013279e+00
#	 -1.470751e+00 -1.013279e+00 -5.664329e-01
#################################################
##            CALCULATION COMPLETED            ##
#################################################
# Psi[0]^2 = 0.568556 + I0.000000
# Psi[1]^2 = 0.276203 + I0.000000
# Psi[2]^2 = 0.155241 + I0.000000
# phi0 = 2.504829 
# phi1 = 2.557613 
# phi2 = -1.711166 
# Psi = 
#	4.483417e-01+i(-6.062553e-01)
#	2.897616e-01+i(-4.384535e-01)
#	-3.901311e-01+i(-5.512520e-02)
#ProbSurv b 1-|Psi|^2 calls E tol dh dh(prev) dh(last)
0.470946640722	1	-1.17462e-13	9001	347851	0.0001	0.0001	0.0001	5e-05
