# a = 0.100000
# b = 1.000000
# E = 37947.331922
# tol = 0.000100
# s12 = 0.554977
# s13 = 0.152971
# psi0 = 0.822075 + I0.000000	0.548446 + I0.000000	0.152971 + I0.000000
# dh = 0.000100
# out = data/E1.2e4.5_tol1e-4.log
# model = sun
# scan_steps = 100.000000
# H0 = 
#	 0.000000e+00 0.000000e+00 0.000000e+00
#	 0.000000e+00 3.504062e+00 0.000000e+00
#	 0.000000e+00 0.000000e+00 1.146842e+02
# W = 
#	 6.758072e-01 4.508635e-01 1.257533e-01
#	 4.508635e-01 3.007928e-01 8.389608e-02
#	 1.257533e-01 8.389608e-02 2.340000e-02
# H0W = 
#	 0.000000e+00 -1.579854e+00 -1.442192e+01
#	 1.579854e+00 0.000000e+00 -9.327579e+00
#	 1.442192e+01 9.327579e+00 0.000000e+00
# H0H0W = 
#	 0.000000e+00 5.535904e+00 1.653966e+03
#	 5.535904e+00 0.000000e+00 1.037042e+03
#	 1.653966e+03 1.037042e+03 0.000000e+00
# WH0W = 
#	 5.051804e+00 1.790448e+00 -1.348188e+01
#	 1.790448e+00 1.404977e-01 -9.288392e+00
#	 -1.348188e+01 -9.288392e+00 -5.192301e+00
#################################################
##            CALCULATION COMPLETED            ##
#################################################
# Psi[0]^2 = 0.104468 + I0.000000
# Psi[1]^2 = 0.100530 + I0.000000
# Psi[2]^2 = 0.795002 + I0.000000
# phi0 = -1.911436 
# phi1 = -1.408407 
# phi2 = 2.720154 
# Psi = 
#	-3.046440e-01+i(-1.079832e-01)
#	-3.128930e-01+i(5.126189e-02)
#	3.647418e-01+i(-8.136125e-01)
#ProbSurv b 1-|Psi|^2 calls E tol dh dh(prev) dh(last)
0.119442167119	1	-8.54872e-14	9001	37947.3	0.0001	0.0001	0.0001	5e-05
