# a = 0.100000
# b = 1.000000
# E = 379.473319
# tol = 0.000100
# s12 = 0.554977
# s13 = 0.152971
# psi0 = 0.822075 + I0.000000	0.548446 + I0.000000	0.152971 + I0.000000
# dh = 0.000100
# out = data/E1.2e2.5_tol1e-4.log
# model = sun
# scan_steps = 100.000000
# H0 = 
#	 0.000000e+00 0.000000e+00 0.000000e+00
#	 0.000000e+00 3.504062e+02 0.000000e+00
#	 0.000000e+00 0.000000e+00 1.146842e+04
# W = 
#	 6.758072e-01 4.508635e-01 1.257533e-01
#	 4.508635e-01 3.007928e-01 8.389608e-02
#	 1.257533e-01 8.389608e-02 2.340000e-02
# H0W = 
#	 0.000000e+00 -1.579854e+02 -1.442192e+03
#	 1.579854e+02 0.000000e+00 -9.327579e+02
#	 1.442192e+03 9.327579e+02 0.000000e+00
# H0H0W = 
#	 0.000000e+00 5.535904e+04 1.653966e+07
#	 5.535904e+04 0.000000e+00 1.037042e+07
#	 1.653966e+07 1.037042e+07 0.000000e+00
# WH0W = 
#	 5.051804e+02 1.790448e+02 -1.348188e+03
#	 1.790448e+02 1.404977e+01 -9.288392e+02
#	 -1.348188e+03 -9.288392e+02 -5.192301e+02
#################################################
##            CALCULATION COMPLETED            ##
#################################################
# Psi[0]^2 = 0.000049 + I0.000000
# Psi[1]^2 = 0.018813 + I0.000000
# Psi[2]^2 = 0.981138 + I0.000000
# phi0 = 1.404741 
# phi1 = -2.656384 
# phi2 = -0.144801 
# Psi = 
#	6.886395e-03+i(1.154149e-03)
#	-6.397056e-02+i(-1.213290e-01)
#	-1.429284e-01+i(9.801580e-01)
#ProbSurv b 1-|Psi|^2 calls E tol dh dh(prev) dh(last)
0.0286503857795	1	-3.92575e-13	9001	379.473	0.0001	0.0001	0.0001	5e-05
