# a = 0.100000
# b = 1.000000
# E = 3794.733192
# tol = 0.000100
# s12 = 0.554977
# s13 = 0.152971
# psi0 = 0.822075 + I0.000000	0.548446 + I0.000000	0.152971 + I0.000000
# dh = 0.000100
# out = data/E1.2e3.5_tol1e-4.log
# model = sun
# scan_steps = 100.000000
# H0 = 
#	 0.000000e+00 0.000000e+00 0.000000e+00
#	 0.000000e+00 3.504062e+01 0.000000e+00
#	 0.000000e+00 0.000000e+00 1.146842e+03
# W = 
#	 6.758072e-01 4.508635e-01 1.257533e-01
#	 4.508635e-01 3.007928e-01 8.389608e-02
#	 1.257533e-01 8.389608e-02 2.340000e-02
# H0W = 
#	 0.000000e+00 -1.579854e+01 -1.442192e+02
#	 1.579854e+01 0.000000e+00 -9.327579e+01
#	 1.442192e+02 9.327579e+01 0.000000e+00
# H0H0W = 
#	 0.000000e+00 5.535904e+02 1.653966e+05
#	 5.535904e+02 0.000000e+00 1.037042e+05
#	 1.653966e+05 1.037042e+05 0.000000e+00
# WH0W = 
#	 5.051804e+01 1.790448e+01 -1.348188e+02
#	 1.790448e+01 1.404977e+00 -9.288392e+01
#	 -1.348188e+02 -9.288392e+01 -5.192301e+01
#################################################
##            CALCULATION COMPLETED            ##
#################################################
# Psi[0]^2 = 0.000001 + I0.000000
# Psi[1]^2 = 0.000058 + I0.000000
# Psi[2]^2 = 0.999942 + I0.000000
# phi0 = -0.945364 
# phi1 = 2.283001 
# phi2 = 0.048257 
# Psi = 
#	-6.513774e-04+i(4.703866e-04)
#	5.753237e-03+i(-4.967168e-03)
#	4.823717e-02+i(9.988067e-01)
#ProbSurv b 1-|Psi|^2 calls E tol dh dh(prev) dh(last)
0.0234164468395	1	-3.08642e-14	9001	3794.73	0.0001	0.0001	0.0001	5e-05
