# a = 0.100000
# b = 1.000000
# E = 3.794733
# tol = 0.000100
# s12 = 0.554977
# s13 = 0.152971
# psi0 = 0.822075 + I0.000000	0.548446 + I0.000000	0.152971 + I0.000000
# dh = 0.000100
# out = data/E1.2e0.5_tol1e-4.log
# model = sun
# scan_steps = 100.000000
# H0 = 
#	 0.000000e+00 0.000000e+00 0.000000e+00
#	 0.000000e+00 3.504062e+04 0.000000e+00
#	 0.000000e+00 0.000000e+00 1.146842e+06
# W = 
#	 6.758072e-01 4.508635e-01 1.257533e-01
#	 4.508635e-01 3.007928e-01 8.389608e-02
#	 1.257533e-01 8.389608e-02 2.340000e-02
# H0W = 
#	 0.000000e+00 -1.579854e+04 -1.442192e+05
#	 1.579854e+04 0.000000e+00 -9.327579e+04
#	 1.442192e+05 9.327579e+04 0.000000e+00
# H0H0W = 
#	 0.000000e+00 5.535904e+08 1.653966e+11
#	 5.535904e+08 0.000000e+00 1.037042e+11
#	 1.653966e+11 1.037042e+11 0.000000e+00
# WH0W = 
#	 5.051804e+04 1.790448e+04 -1.348188e+05
#	 1.790448e+04 1.404977e+03 -9.288392e+04
#	 -1.348188e+05 -9.288392e+04 -5.192301e+04
#################################################
##            CALCULATION COMPLETED            ##
#################################################
# Psi[0]^2 = 0.357302 + I0.000000
# Psi[1]^2 = 0.618345 + I0.000000
# Psi[2]^2 = 0.024353 + I0.000000
# phi0 = -2.268144 
# phi1 = -0.277254 
# phi2 = 3.090676 
# Psi = 
#	-4.582023e-01+i(-3.838658e-01)
#	-2.152362e-01+i(7.563191e-01)
#	7.942331e-03+i(-1.558507e-01)
#ProbSurv b 1-|Psi|^2 calls E tol dh dh(prev) dh(last)
0.428031116372	1	-1.49596e-11	36372	3.79473	0.0001	0.0001	2.47456e-05	1.28685e-05
