# a = 0.100000
# b = 1.000000
# E = 120.000000
# tol = 0.000100
# s12 = 0.554977
# s13 = 0.152971
# psi0 = 0.822075 + I0.000000	0.548446 + I0.000000	0.152971 + I0.000000
# dh = 0.000100
# out = data/E1.2e2.0_tol1e-4.log
# model = sun
# scan_steps = 100.000000
# H0 = 
#	 0.000000e+00 0.000000e+00 0.000000e+00
#	 0.000000e+00 1.108082e+03 0.000000e+00
#	 0.000000e+00 0.000000e+00 3.626633e+04
# W = 
#	 6.758072e-01 4.508635e-01 1.257533e-01
#	 4.508635e-01 3.007928e-01 8.389608e-02
#	 1.257533e-01 8.389608e-02 2.340000e-02
# H0W = 
#	 0.000000e+00 -4.995936e+02 -4.560611e+03
#	 4.995936e+02 0.000000e+00 -2.949639e+03
#	 4.560611e+03 2.949639e+03 0.000000e+00
# H0H0W = 
#	 0.000000e+00 5.535904e+05 1.653966e+08
#	 5.535904e+05 0.000000e+00 1.037042e+08
#	 1.653966e+08 1.037042e+08 0.000000e+00
# WH0W = 
#	 1.597521e+03 5.661894e+02 -4.263346e+03
#	 5.661894e+02 4.442926e+01 -2.937247e+03
#	 -4.263346e+03 -2.937247e+03 -1.641950e+03
#################################################
##            CALCULATION COMPLETED            ##
#################################################
# Psi[0]^2 = 0.000521 + I0.000000
# Psi[1]^2 = 0.859200 + I0.000000
# Psi[2]^2 = 0.140279 + I0.000000
# phi0 = -1.578399 
# phi1 = 0.180263 
# phi2 = -2.716138 
# Psi = 
#	-2.281515e-02+i(-1.734506e-04)
#	1.661878e-01+i(9.119110e-01)
#	-1.545853e-01+i(-3.411491e-01)
#ProbSurv b 1-|Psi|^2 calls E tol dh dh(prev) dh(last)
0.262075538092	1	1.63092e-12	9001	120	0.0001	0.0001	0.0001	5e-05
