# a = 0.100000
# b = 1.000000
# E = 37.947332
# tol = 0.000100
# s12 = 0.554977
# s13 = 0.152971
# psi0 = 0.822075 + I0.000000	0.548446 + I0.000000	0.152971 + I0.000000
# dh = 0.000100
# out = data/E1.2e1.5_tol1e-4.log
# model = sun
# scan_steps = 100.000000
# H0 = 
#	 0.000000e+00 0.000000e+00 0.000000e+00
#	 0.000000e+00 3.504062e+03 0.000000e+00
#	 0.000000e+00 0.000000e+00 1.146842e+05
# W = 
#	 6.758072e-01 4.508635e-01 1.257533e-01
#	 4.508635e-01 3.007928e-01 8.389608e-02
#	 1.257533e-01 8.389608e-02 2.340000e-02
# H0W = 
#	 0.000000e+00 -1.579854e+03 -1.442192e+04
#	 1.579854e+03 0.000000e+00 -9.327579e+03
#	 1.442192e+04 9.327579e+03 0.000000e+00
# H0H0W = 
#	 0.000000e+00 5.535904e+06 1.653966e+09
#	 5.535904e+06 0.000000e+00 1.037042e+09
#	 1.653966e+09 1.037042e+09 0.000000e+00
# WH0W = 
#	 5.051804e+03 1.790448e+03 -1.348188e+04
#	 1.790448e+03 1.404977e+02 -9.288392e+03
#	 -1.348188e+04 -9.288392e+03 -5.192301e+03
#################################################
##            CALCULATION COMPLETED            ##
#################################################
# Psi[0]^2 = 0.005612 + I0.000000
# Psi[1]^2 = 0.958195 + I0.000000
# Psi[2]^2 = 0.036193 + I0.000000
# phi0 = 2.820710 
# phi1 = 0.159926 
# phi2 = -2.518968 
# Psi = 
#	2.362760e-02+i(-7.108850e-02)
#	1.558806e-01+i(9.663830e-01)
#	-1.109451e-01+i(-1.545458e-01)
#ProbSurv b 1-|Psi|^2 calls E tol dh dh(prev) dh(last)
0.292857576864	1	-5.44675e-13	9001	37.9473	0.0001	0.0001	0.0001	5e-05
