# a = 0.100000
# b = 1.000000
# E = 120000.000000
# tol = 0.000100
# s12 = 0.554977
# s13 = 0.152971
# psi0 = 0.822075 + I0.000000	0.548446 + I0.000000	0.152971 + I0.000000
# dh = 0.000100
# out = data/E1.2e5.0_tol1e-4.log
# model = sun
# scan_steps = 100.000000
# H0 = 
#	 0.000000e+00 0.000000e+00 0.000000e+00
#	 0.000000e+00 1.108082e+00 0.000000e+00
#	 0.000000e+00 0.000000e+00 3.626633e+01
# W = 
#	 6.758072e-01 4.508635e-01 1.257533e-01
#	 4.508635e-01 3.007928e-01 8.389608e-02
#	 1.257533e-01 8.389608e-02 2.340000e-02
# H0W = 
#	 0.000000e+00 -4.995936e-01 -4.560611e+00
#	 4.995936e-01 0.000000e+00 -2.949639e+00
#	 4.560611e+00 2.949639e+00 0.000000e+00
# H0H0W = 
#	 0.000000e+00 5.535904e-01 1.653966e+02
#	 5.535904e-01 0.000000e+00 1.037042e+02
#	 1.653966e+02 1.037042e+02 0.000000e+00
# WH0W = 
#	 1.597521e+00 5.661894e-01 -4.263346e+00
#	 5.661894e-01 4.442926e-02 -2.937247e+00
#	 -4.263346e+00 -2.937247e+00 -1.641950e+00
#################################################
##            CALCULATION COMPLETED            ##
#################################################
# Psi[0]^2 = 0.386366 + I0.000000
# Psi[1]^2 = 0.220791 + I0.000000
# Psi[2]^2 = 0.392843 + I0.000000
# phi0 = 2.985008 
# phi1 = 3.139312 
# phi2 = -1.568706 
# Psi = 
#	9.693315e-02+i(-6.139789e-01)
#	1.071478e-03+i(-4.698831e-01)
#	-6.267702e-01+i(1.310443e-03)
#ProbSurv b 1-|Psi|^2 calls E tol dh dh(prev) dh(last)
0.336713954503	1	-9.23706e-14	9001	120000	0.0001	0.0001	0.0001	5e-05
