# a = 0.100000
# b = 1.000000
# E = 0.120000
# tol = 0.000100
# s12 = 0.554977
# s13 = 0.152971
# psi0 = 0.822075 + I0.000000	0.548446 + I0.000000	0.152971 + I0.000000
# dh = 0.000100
# out = data/E1.2e-1.0_tol1e-4.log
# model = sun
# scan_steps = 100.000000
# H0 = 
#	 0.000000e+00 0.000000e+00 0.000000e+00
#	 0.000000e+00 1.108082e+06 0.000000e+00
#	 0.000000e+00 0.000000e+00 3.626633e+07
# W = 
#	 6.758072e-01 4.508635e-01 1.257533e-01
#	 4.508635e-01 3.007928e-01 8.389608e-02
#	 1.257533e-01 8.389608e-02 2.340000e-02
# H0W = 
#	 0.000000e+00 -4.995936e+05 -4.560611e+06
#	 4.995936e+05 0.000000e+00 -2.949639e+06
#	 4.560611e+06 2.949639e+06 0.000000e+00
# H0H0W = 
#	 0.000000e+00 5.535904e+11 1.653966e+14
#	 5.535904e+11 0.000000e+00 1.037042e+14
#	 1.653966e+14 1.037042e+14 0.000000e+00
# WH0W = 
#	 1.597521e+06 5.661894e+05 -4.263346e+06
#	 5.661894e+05 4.442926e+04 -2.937247e+06
#	 -4.263346e+06 -2.937247e+06 -1.641950e+06
#################################################
##            CALCULATION COMPLETED            ##
#################################################
# Psi[0]^2 = 0.667255 + I0.000000
# Psi[1]^2 = 0.309316 + I0.000000
# Psi[2]^2 = 0.023429 + I0.000000
# phi0 = 0.534953 
# phi1 = 2.389633 
# phi2 = -0.182049 
# Psi = 
#	4.164341e-01+i(7.027358e-01)
#	3.798981e-01+i(-4.061935e-01)
#	-2.771195e-02+i(1.505368e-01)
#ProbSurv b 1-|Psi|^2 calls E tol dh dh(prev) dh(last)
0.544523903243	1	-1.7444e-11	4579713	0.12	0.0001	0.0001	1.96519e-07	1.83846e-07
