# a = 0.100000
# b = 1.000000
# E = 130000.000000
# tol = 0.000100
# s12 = 0.554977
# s13 = 0.152971
# psi0 = 0.822075 + I0.000000	0.548446 + I0.000000	0.152971 + I0.000000
# dh = 0.000100
# out = data/E1.3e5.0_tol1e-4.log
# model = sun
# scan_steps = 100.000000
# H0 = 
#	 0.000000e+00 0.000000e+00 0.000000e+00
#	 0.000000e+00 1.022845e+00 0.000000e+00
#	 0.000000e+00 0.000000e+00 3.347662e+01
# W = 
#	 6.758072e-01 4.508635e-01 1.257533e-01
#	 4.508635e-01 3.007928e-01 8.389608e-02
#	 1.257533e-01 8.389608e-02 2.340000e-02
# H0W = 
#	 0.000000e+00 -4.611633e-01 -4.209794e+00
#	 4.611633e-01 0.000000e+00 -2.722744e+00
#	 4.209794e+00 2.722744e+00 0.000000e+00
# H0H0W = 
#	 0.000000e+00 4.716984e-01 1.409297e+02
#	 4.716984e-01 0.000000e+00 8.836331e+01
#	 1.409297e+02 8.836331e+01 0.000000e+00
# WH0W = 
#	 1.474634e+00 5.226363e-01 -3.935396e+00
#	 5.226363e-01 4.101163e-02 -2.711305e+00
#	 -3.935396e+00 -2.711305e+00 -1.515646e+00
#################################################
##            CALCULATION COMPLETED            ##
#################################################
# Psi[0]^2 = 0.407760 + I0.000000
# Psi[1]^2 = 0.228293 + I0.000000
# Psi[2]^2 = 0.363947 + I0.000000
# phi0 = 2.928677 
# phi1 = 3.070680 
# phi2 = -2.431724 
# Psi = 
#	1.349347e-01+i(-6.241414e-01)
#	3.385388e-02+i(-4.765997e-01)
#	-3.931782e-01+i(-4.575563e-01)
#ProbSurv b 1-|Psi|^2 calls E tol dh dh(prev) dh(last)
0.352752364125	1	-9.4591e-14	9001	130000	0.0001	0.0001	0.0001	5e-05
