# a = 0.100000
# b = 1.000000
# E = 4110.960958
# tol = 0.000100
# s12 = 0.554977
# s13 = 0.152971
# psi0 = 0.822075 + I0.000000	0.548446 + I0.000000	0.152971 + I0.000000
# dh = 0.000100
# out = data/E1.3e3.5_tol1e-4.log
# model = sun
# scan_steps = 100.000000
# H0 = 
#	 0.000000e+00 0.000000e+00 0.000000e+00
#	 0.000000e+00 3.234518e+01 0.000000e+00
#	 0.000000e+00 0.000000e+00 1.058624e+03
# W = 
#	 6.758072e-01 4.508635e-01 1.257533e-01
#	 4.508635e-01 3.007928e-01 8.389608e-02
#	 1.257533e-01 8.389608e-02 2.340000e-02
# H0W = 
#	 0.000000e+00 -1.458326e+01 -1.331254e+02
#	 1.458326e+01 0.000000e+00 -8.610073e+01
#	 1.331254e+02 8.610073e+01 0.000000e+00
# H0H0W = 
#	 0.000000e+00 4.716984e+02 1.409297e+05
#	 4.716984e+02 0.000000e+00 8.836331e+04
#	 1.409297e+05 8.836331e+04 0.000000e+00
# WH0W = 
#	 4.663203e+01 1.652721e+01 -1.244482e+02
#	 1.652721e+01 1.296902e+00 -8.573900e+01
#	 -1.244482e+02 -8.573900e+01 -4.792893e+01
#################################################
##            CALCULATION COMPLETED            ##
#################################################
# Psi[0]^2 = 0.000000 + I0.000000
# Psi[1]^2 = 0.000045 + I0.000000
# Psi[2]^2 = 0.999955 + I0.000000
# phi0 = 2.584090 
# phi1 = 2.166958 
# phi2 = 1.162881 
# Psi = 
#	1.278139e-04+i(-2.050021e-04)
#	5.552122e-03+i(-3.767209e-03)
#	9.179293e-01+i(3.966873e-01)
#ProbSurv b 1-|Psi|^2 calls E tol dh dh(prev) dh(last)
0.0234125257237	1	-1.1191e-13	9001	4110.96	0.0001	0.0001	0.0001	5e-05
