# a = 0.100000
# b = 1.000000
# E = 41109.609582
# tol = 0.000100
# s12 = 0.554977
# s13 = 0.152971
# psi0 = 0.822075 + I0.000000	0.548446 + I0.000000	0.152971 + I0.000000
# dh = 0.000100
# out = data/E1.3e4.5_tol1e-4.log
# model = sun
# scan_steps = 100.000000
# H0 = 
#	 0.000000e+00 0.000000e+00 0.000000e+00
#	 0.000000e+00 3.234518e+00 0.000000e+00
#	 0.000000e+00 0.000000e+00 1.058624e+02
# W = 
#	 6.758072e-01 4.508635e-01 1.257533e-01
#	 4.508635e-01 3.007928e-01 8.389608e-02
#	 1.257533e-01 8.389608e-02 2.340000e-02
# H0W = 
#	 0.000000e+00 -1.458326e+00 -1.331254e+01
#	 1.458326e+00 0.000000e+00 -8.610073e+00
#	 1.331254e+01 8.610073e+00 0.000000e+00
# H0H0W = 
#	 0.000000e+00 4.716984e+00 1.409297e+03
#	 4.716984e+00 0.000000e+00 8.836331e+02
#	 1.409297e+03 8.836331e+02 0.000000e+00
# WH0W = 
#	 4.663203e+00 1.652721e+00 -1.244482e+01
#	 1.652721e+00 1.296902e-01 -8.573900e+00
#	 -1.244482e+01 -8.573900e+00 -4.792893e+00
#################################################
##            CALCULATION COMPLETED            ##
#################################################
# Psi[0]^2 = 0.121780 + I0.000000
# Psi[1]^2 = 0.110894 + I0.000000
# Psi[2]^2 = 0.767326 + I0.000000
# phi0 = -2.050316 
# phi1 = -1.591814 
# phi2 = -0.942014 
# Psi = 
#	-3.096121e-01+i(-1.609985e-01)
#	-3.329334e-01+i(-6.998551e-03)
#	-7.084370e-01+i(5.152119e-01)
#ProbSurv b 1-|Psi|^2 calls E tol dh dh(prev) dh(last)
0.133611352345	1	-7.59393e-14	9001	41109.6	0.0001	0.0001	0.0001	5e-05
