# a = 0.100000
# b = 1.000000
# E = 411.096096
# tol = 0.000100
# s12 = 0.554977
# s13 = 0.152971
# psi0 = 0.822075 + I0.000000	0.548446 + I0.000000	0.152971 + I0.000000
# dh = 0.000100
# out = data/E1.3e2.5_tol1e-4.log
# model = sun
# scan_steps = 100.000000
# H0 = 
#	 0.000000e+00 0.000000e+00 0.000000e+00
#	 0.000000e+00 3.234518e+02 0.000000e+00
#	 0.000000e+00 0.000000e+00 1.058624e+04
# W = 
#	 6.758072e-01 4.508635e-01 1.257533e-01
#	 4.508635e-01 3.007928e-01 8.389608e-02
#	 1.257533e-01 8.389608e-02 2.340000e-02
# H0W = 
#	 0.000000e+00 -1.458326e+02 -1.331254e+03
#	 1.458326e+02 0.000000e+00 -8.610073e+02
#	 1.331254e+03 8.610073e+02 0.000000e+00
# H0H0W = 
#	 0.000000e+00 4.716984e+04 1.409297e+07
#	 4.716984e+04 0.000000e+00 8.836331e+06
#	 1.409297e+07 8.836331e+06 0.000000e+00
# WH0W = 
#	 4.663203e+02 1.652721e+02 -1.244482e+03
#	 1.652721e+02 1.296902e+01 -8.573900e+02
#	 -1.244482e+03 -8.573900e+02 -4.792893e+02
#################################################
##            CALCULATION COMPLETED            ##
#################################################
# Psi[0]^2 = 0.000042 + I0.000000
# Psi[1]^2 = 0.014242 + I0.000000
# Psi[2]^2 = 0.985716 + I0.000000
# phi0 = 1.097980 
# phi1 = -0.795427 
# phi2 = 3.100445 
# Psi = 
#	5.783783e-03+i(2.958486e-03)
#	-8.522815e-02+i(8.353558e-02)
#	4.084167e-02+i(-9.919918e-01)
#ProbSurv b 1-|Psi|^2 calls E tol dh dh(prev) dh(last)
0.0273781713199	1	-3.7681e-13	9001	411.096	0.0001	0.0001	0.0001	5e-05
