# a = 0.100000
# b = 1.000000
# E = 1300.000000
# tol = 0.000100
# s12 = 0.554977
# s13 = 0.152971
# psi0 = 0.822075 + I0.000000	0.548446 + I0.000000	0.152971 + I0.000000
# dh = 0.000100
# out = data/E1.3e3.0_tol1e-4.log
# model = sun
# scan_steps = 100.000000
# H0 = 
#	 0.000000e+00 0.000000e+00 0.000000e+00
#	 0.000000e+00 1.022845e+02 0.000000e+00
#	 0.000000e+00 0.000000e+00 3.347662e+03
# W = 
#	 6.758072e-01 4.508635e-01 1.257533e-01
#	 4.508635e-01 3.007928e-01 8.389608e-02
#	 1.257533e-01 8.389608e-02 2.340000e-02
# H0W = 
#	 0.000000e+00 -4.611633e+01 -4.209794e+02
#	 4.611633e+01 0.000000e+00 -2.722744e+02
#	 4.209794e+02 2.722744e+02 0.000000e+00
# H0H0W = 
#	 0.000000e+00 4.716984e+03 1.409297e+06
#	 4.716984e+03 0.000000e+00 8.836331e+05
#	 1.409297e+06 8.836331e+05 0.000000e+00
# WH0W = 
#	 1.474634e+02 5.226363e+01 -3.935396e+02
#	 5.226363e+01 4.101163e+00 -2.711305e+02
#	 -3.935396e+02 -2.711305e+02 -1.515646e+02
#################################################
##            CALCULATION COMPLETED            ##
#################################################
# Psi[0]^2 = 0.000004 + I0.000000
# Psi[1]^2 = 0.000636 + I0.000000
# Psi[2]^2 = 0.999360 + I0.000000
# phi0 = -3.113339 
# phi1 = -0.123252 
# phi2 = -2.902303 
# Psi = 
#	-5.530391e-05+i(-1.956860e-03)
#	-3.101228e-03+i(2.503424e-02)
#	-2.369366e-01+i(-9.711956e-01)
#ProbSurv b 1-|Psi|^2 calls E tol dh dh(prev) dh(last)
0.0235790139077	1	-4.64073e-14	9001	1300	0.0001	0.0001	0.0001	5e-05
