# a = 0.100000
# b = 1.000000
# E = 44271.887242
# tol = 0.000100
# s12 = 0.554977
# s13 = 0.152971
# psi0 = 0.822075 + I0.000000	0.548446 + I0.000000	0.152971 + I0.000000
# dh = 0.000100
# out = data/E1.4e4.5_tol1e-4.log
# model = sun
# scan_steps = 100.000000
# H0 = 
#	 0.000000e+00 0.000000e+00 0.000000e+00
#	 0.000000e+00 3.003481e+00 0.000000e+00
#	 0.000000e+00 0.000000e+00 9.830076e+01
# W = 
#	 6.758072e-01 4.508635e-01 1.257533e-01
#	 4.508635e-01 3.007928e-01 8.389608e-02
#	 1.257533e-01 8.389608e-02 2.340000e-02
# H0W = 
#	 0.000000e+00 -1.354160e+00 -1.236164e+01
#	 1.354160e+00 0.000000e+00 -7.995067e+00
#	 1.236164e+01 7.995067e+00 0.000000e+00
# H0H0W = 
#	 0.000000e+00 4.067195e+00 1.215159e+03
#	 4.067195e+00 0.000000e+00 7.619081e+02
#	 1.215159e+03 7.619081e+02 0.000000e+00
# WH0W = 
#	 4.330117e+00 1.534670e+00 -1.155590e+01
#	 1.534670e+00 1.204266e-01 -7.961478e+00
#	 -1.155590e+01 -7.961478e+00 -4.450544e+00
#################################################
##            CALCULATION COMPLETED            ##
#################################################
# Psi[0]^2 = 0.137414 + I0.000000
# Psi[1]^2 = 0.118659 + I0.000000
# Psi[2]^2 = 0.743927 + I0.000000
# phi0 = -2.190823 
# phi1 = -1.761482 
# phi2 = 2.253515 
# Psi = 
#	-3.016943e-01+i(-2.153943e-01)
#	-3.382253e-01+i(-6.528808e-02)
#	6.691890e-01+i(-5.441626e-01)
#ProbSurv b 1-|Psi|^2 calls E tol dh dh(prev) dh(last)
 0.14596511572	1	-1.20126e-13	9001	44271.9	0.0001	0.0001	0.0001	5e-05
