# a = 0.100000
# b = 1.000000
# E = 4.427189
# tol = 0.000100
# s12 = 0.554977
# s13 = 0.152971
# psi0 = 0.822075 + I0.000000	0.548446 + I0.000000	0.152971 + I0.000000
# dh = 0.000100
# out = data/E1.4e0.5_tol1e-4.log
# model = sun
# scan_steps = 100.000000
# H0 = 
#	 0.000000e+00 0.000000e+00 0.000000e+00
#	 0.000000e+00 3.003481e+04 0.000000e+00
#	 0.000000e+00 0.000000e+00 9.830076e+05
# W = 
#	 6.758072e-01 4.508635e-01 1.257533e-01
#	 4.508635e-01 3.007928e-01 8.389608e-02
#	 1.257533e-01 8.389608e-02 2.340000e-02
# H0W = 
#	 0.000000e+00 -1.354160e+04 -1.236164e+05
#	 1.354160e+04 0.000000e+00 -7.995067e+04
#	 1.236164e+05 7.995067e+04 0.000000e+00
# H0H0W = 
#	 0.000000e+00 4.067195e+08 1.215159e+11
#	 4.067195e+08 0.000000e+00 7.619081e+10
#	 1.215159e+11 7.619081e+10 0.000000e+00
# WH0W = 
#	 4.330117e+04 1.534670e+04 -1.155590e+05
#	 1.534670e+04 1.204266e+03 -7.961478e+04
#	 -1.155590e+05 -7.961478e+04 -4.450544e+04
#################################################
##            CALCULATION COMPLETED            ##
#################################################
# Psi[0]^2 = 0.309248 + I0.000000
# Psi[1]^2 = 0.666235 + I0.000000
# Psi[2]^2 = 0.024517 + I0.000000
# phi0 = -0.119244 
# phi1 = -2.690732 
# phi2 = -0.447754 
# Psi = 
#	-6.615450e-02+i(5.521518e-01)
#	-3.556651e-01+i(-7.346683e-01)
#	-6.778935e-02+i(1.411430e-01)
#ProbSurv b 1-|Psi|^2 calls E tol dh dh(prev) dh(last)
0.409964517501	1	-1.84575e-11	34322	4.42719	0.0001	0.0001	2.62235e-05	1.79917e-05
