# a = 0.100000
# b = 1.000000
# E = 140000.000000
# tol = 0.000100
# s12 = 0.554977
# s13 = 0.152971
# psi0 = 0.822075 + I0.000000	0.548446 + I0.000000	0.152971 + I0.000000
# dh = 0.000100
# out = data/E1.4e5.0_tol1e-4.log
# model = sun
# scan_steps = 100.000000
# H0 = 
#	 0.000000e+00 0.000000e+00 0.000000e+00
#	 0.000000e+00 9.497842e-01 0.000000e+00
#	 0.000000e+00 0.000000e+00 3.108543e+01
# W = 
#	 6.758072e-01 4.508635e-01 1.257533e-01
#	 4.508635e-01 3.007928e-01 8.389608e-02
#	 1.257533e-01 8.389608e-02 2.340000e-02
# H0W = 
#	 0.000000e+00 -4.282231e-01 -3.909095e+00
#	 4.282231e-01 0.000000e+00 -2.528262e+00
#	 3.909095e+00 2.528262e+00 0.000000e+00
# H0H0W = 
#	 0.000000e+00 4.067195e-01 1.215159e+02
#	 4.067195e-01 0.000000e+00 7.619081e+01
#	 1.215159e+02 7.619081e+01 0.000000e+00
# WH0W = 
#	 1.369303e+00 4.853052e-01 -3.654297e+00
#	 4.853052e-01 3.808223e-02 -2.517641e+00
#	 -3.654297e+00 -2.517641e+00 -1.407386e+00
#################################################
##            CALCULATION COMPLETED            ##
#################################################
# Psi[0]^2 = 0.425027 + I0.000000
# Psi[1]^2 = 0.233848 + I0.000000
# Psi[2]^2 = 0.341125 + I0.000000
# phi0 = 2.877839 
# phi1 = 3.009819 
# phi2 = 3.125104 
# Psi = 
#	1.699648e-01+i(-6.293959e-01)
#	6.353879e-02+i(-4.793857e-01)
#	9.629682e-03+i(-5.839797e-01)
#ProbSurv b 1-|Psi|^2 calls E tol dh dh(prev) dh(last)
0.365558504921	1	-6.9722e-14	9001	140000	0.0001	0.0001	0.0001	5e-05
