# a = 0.100000
# b = 1.000000
# E = 140.000000
# tol = 0.000100
# s12 = 0.554977
# s13 = 0.152971
# psi0 = 0.822075 + I0.000000	0.548446 + I0.000000	0.152971 + I0.000000
# dh = 0.000100
# out = data/E1.4e2.0_tol1e-4.log
# model = sun
# scan_steps = 100.000000
# H0 = 
#	 0.000000e+00 0.000000e+00 0.000000e+00
#	 0.000000e+00 9.497842e+02 0.000000e+00
#	 0.000000e+00 0.000000e+00 3.108543e+04
# W = 
#	 6.758072e-01 4.508635e-01 1.257533e-01
#	 4.508635e-01 3.007928e-01 8.389608e-02
#	 1.257533e-01 8.389608e-02 2.340000e-02
# H0W = 
#	 0.000000e+00 -4.282231e+02 -3.909095e+03
#	 4.282231e+02 0.000000e+00 -2.528262e+03
#	 3.909095e+03 2.528262e+03 0.000000e+00
# H0H0W = 
#	 0.000000e+00 4.067195e+05 1.215159e+08
#	 4.067195e+05 0.000000e+00 7.619081e+07
#	 1.215159e+08 7.619081e+07 0.000000e+00
# WH0W = 
#	 1.369303e+03 4.853052e+02 -3.654297e+03
#	 4.853052e+02 3.808223e+01 -2.517641e+03
#	 -3.654297e+03 -2.517641e+03 -1.407386e+03
#################################################
##            CALCULATION COMPLETED            ##
#################################################
# Psi[0]^2 = 0.000369 + I0.000000
# Psi[1]^2 = 0.781650 + I0.000000
# Psi[2]^2 = 0.217981 + I0.000000
# phi0 = 2.885982 
# phi1 = 0.769298 
# phi2 = -0.190535 
# Psi = 
#	4.857795e-03+i(-1.858892e-02)
#	6.150143e-01+i(6.351433e-01)
#	-8.842047e-02+i(4.584355e-01)
#ProbSurv b 1-|Psi|^2 calls E tol dh dh(prev) dh(last)
0.240464796321	1	1.60527e-12	9001	140	0.0001	0.0001	0.0001	5e-05
