# a = 0.100000
# b = 1.000000
# E = 1400.000000
# tol = 0.000100
# s12 = 0.554977
# s13 = 0.152971
# psi0 = 0.822075 + I0.000000	0.548446 + I0.000000	0.152971 + I0.000000
# dh = 0.000100
# out = data/E1.4e3.0_tol1e-4.log
# model = sun
# scan_steps = 100.000000
# H0 = 
#	 0.000000e+00 0.000000e+00 0.000000e+00
#	 0.000000e+00 9.497842e+01 0.000000e+00
#	 0.000000e+00 0.000000e+00 3.108543e+03
# W = 
#	 6.758072e-01 4.508635e-01 1.257533e-01
#	 4.508635e-01 3.007928e-01 8.389608e-02
#	 1.257533e-01 8.389608e-02 2.340000e-02
# H0W = 
#	 0.000000e+00 -4.282231e+01 -3.909095e+02
#	 4.282231e+01 0.000000e+00 -2.528262e+02
#	 3.909095e+02 2.528262e+02 0.000000e+00
# H0H0W = 
#	 0.000000e+00 4.067195e+03 1.215159e+06
#	 4.067195e+03 0.000000e+00 7.619081e+05
#	 1.215159e+06 7.619081e+05 0.000000e+00
# WH0W = 
#	 1.369303e+02 4.853052e+01 -3.654297e+02
#	 4.853052e+01 3.808223e+00 -2.517641e+02
#	 -3.654297e+02 -2.517641e+02 -1.407386e+02
#################################################
##            CALCULATION COMPLETED            ##
#################################################
# Psi[0]^2 = 0.000003 + I0.000000
# Psi[1]^2 = 0.000539 + I0.000000
# Psi[2]^2 = 0.999458 + I0.000000
# phi0 = 0.705654 
# phi1 = -1.839440 
# phi2 = -0.700388 
# Psi = 
#	1.145400e-03+i(1.344366e-03)
#	-2.239029e-02+i(-6.164019e-03)
#	-6.443394e-01+i(7.643849e-01)
#ProbSurv b 1-|Psi|^2 calls E tol dh dh(prev) dh(last)
0.0235516385947	1	-2.86438e-14	9001	1400	0.0001	0.0001	0.0001	5e-05
