# a = 0.100000
# b = 1.000000
# E = 44.271887
# tol = 0.000100
# s12 = 0.554977
# s13 = 0.152971
# psi0 = 0.822075 + I0.000000	0.548446 + I0.000000	0.152971 + I0.000000
# dh = 0.000100
# out = data/E1.4e1.5_tol1e-4.log
# model = sun
# scan_steps = 100.000000
# H0 = 
#	 0.000000e+00 0.000000e+00 0.000000e+00
#	 0.000000e+00 3.003481e+03 0.000000e+00
#	 0.000000e+00 0.000000e+00 9.830076e+04
# W = 
#	 6.758072e-01 4.508635e-01 1.257533e-01
#	 4.508635e-01 3.007928e-01 8.389608e-02
#	 1.257533e-01 8.389608e-02 2.340000e-02
# H0W = 
#	 0.000000e+00 -1.354160e+03 -1.236164e+04
#	 1.354160e+03 0.000000e+00 -7.995067e+03
#	 1.236164e+04 7.995067e+03 0.000000e+00
# H0H0W = 
#	 0.000000e+00 4.067195e+06 1.215159e+09
#	 4.067195e+06 0.000000e+00 7.619081e+08
#	 1.215159e+09 7.619081e+08 0.000000e+00
# WH0W = 
#	 4.330117e+03 1.534670e+03 -1.155590e+04
#	 1.534670e+03 1.204266e+02 -7.961478e+03
#	 -1.155590e+04 -7.961478e+03 -4.450544e+03
#################################################
##            CALCULATION COMPLETED            ##
#################################################
# Psi[0]^2 = 0.004064 + I0.000000
# Psi[1]^2 = 0.956658 + I0.000000
# Psi[2]^2 = 0.039277 + I0.000000
# phi0 = -2.516222 
# phi1 = -0.058247 
# phi2 = 0.146670 
# Psi = 
#	-3.732061e-02+i(-5.168713e-02)
#	-5.693812e-02+i(9.764305e-01)
#	2.896362e-02+i(1.960567e-01)
#ProbSurv b 1-|Psi|^2 calls E tol dh dh(prev) dh(last)
0.291421808189	1	-5.17364e-14	9001	44.2719	0.0001	0.0001	0.0001	5e-05
