# a = 0.100000
# b = 1.000000
# E = 0.442719
# tol = 0.000100
# s12 = 0.554977
# s13 = 0.152971
# psi0 = 0.822075 + I0.000000	0.548446 + I0.000000	0.152971 + I0.000000
# dh = 0.000100
# out = data/E1.4e-0.5_tol1e-4.log
# model = sun
# scan_steps = 100.000000
# H0 = 
#	 0.000000e+00 0.000000e+00 0.000000e+00
#	 0.000000e+00 3.003481e+05 0.000000e+00
#	 0.000000e+00 0.000000e+00 9.830076e+06
# W = 
#	 6.758072e-01 4.508635e-01 1.257533e-01
#	 4.508635e-01 3.007928e-01 8.389608e-02
#	 1.257533e-01 8.389608e-02 2.340000e-02
# H0W = 
#	 0.000000e+00 -1.354160e+05 -1.236164e+06
#	 1.354160e+05 0.000000e+00 -7.995067e+05
#	 1.236164e+06 7.995067e+05 0.000000e+00
# H0H0W = 
#	 0.000000e+00 4.067195e+10 1.215159e+13
#	 4.067195e+10 0.000000e+00 7.619081e+12
#	 1.215159e+13 7.619081e+12 0.000000e+00
# WH0W = 
#	 4.330117e+05 1.534670e+05 -1.155590e+06
#	 1.534670e+05 1.204266e+04 -7.961478e+05
#	 -1.155590e+06 -7.961478e+05 -4.450544e+05
#################################################
##            CALCULATION COMPLETED            ##
#################################################
# Psi[0]^2 = 0.643313 + I0.000000
# Psi[1]^2 = 0.333179 + I0.000000
# Psi[2]^2 = 0.023508 + I0.000000
# phi0 = 0.407639 
# phi1 = 0.654761 
# phi2 = -0.021101 
# Psi = 
#	3.179740e-01+i(7.363460e-01)
#	3.515075e-01+i(4.578442e-01)
#	-3.235055e-03+i(1.532900e-01)
#ProbSurv b 1-|Psi|^2 calls E tol dh dh(prev) dh(last)
0.535523359197	1	1.13291e-10	989891	0.442719	0.0001	0.0001	9.09193e-07	5.0427e-07
