# a = 0.100000
# b = 1.000000
# E = 4427.188724
# tol = 0.000100
# s12 = 0.554977
# s13 = 0.152971
# psi0 = 0.822075 + I0.000000	0.548446 + I0.000000	0.152971 + I0.000000
# dh = 0.000100
# out = data/E1.4e3.5_tol1e-4.log
# model = sun
# scan_steps = 100.000000
# H0 = 
#	 0.000000e+00 0.000000e+00 0.000000e+00
#	 0.000000e+00 3.003481e+01 0.000000e+00
#	 0.000000e+00 0.000000e+00 9.830076e+02
# W = 
#	 6.758072e-01 4.508635e-01 1.257533e-01
#	 4.508635e-01 3.007928e-01 8.389608e-02
#	 1.257533e-01 8.389608e-02 2.340000e-02
# H0W = 
#	 0.000000e+00 -1.354160e+01 -1.236164e+02
#	 1.354160e+01 0.000000e+00 -7.995067e+01
#	 1.236164e+02 7.995067e+01 0.000000e+00
# H0H0W = 
#	 0.000000e+00 4.067195e+02 1.215159e+05
#	 4.067195e+02 0.000000e+00 7.619081e+04
#	 1.215159e+05 7.619081e+04 0.000000e+00
# WH0W = 
#	 4.330117e+01 1.534670e+01 -1.155590e+02
#	 1.534670e+01 1.204266e+00 -7.961478e+01
#	 -1.155590e+02 -7.961478e+01 -4.450544e+01
#################################################
##            CALCULATION COMPLETED            ##
#################################################
# Psi[0]^2 = 0.000001 + I0.000000
# Psi[1]^2 = 0.000045 + I0.000000
# Psi[2]^2 = 0.999954 + I0.000000
# phi0 = -2.683229 
# phi1 = -1.407649 
# phi2 = -1.835102 
# Psi = 
#	-4.745508e-04+i(-9.617722e-04)
#	-6.637286e-03+i(1.092567e-03)
#	-9.652517e-01+i(-2.612330e-01)
#ProbSurv b 1-|Psi|^2 calls E tol dh dh(prev) dh(last)
0.0234133016682	1	-4.41869e-14	9001	4427.19	0.0001	0.0001	0.0001	5e-05
