# a = 0.100000
# b = 1.000000
# E = 14000.000000
# tol = 0.000100
# s12 = 0.554977
# s13 = 0.152971
# psi0 = 0.822075 + I0.000000	0.548446 + I0.000000	0.152971 + I0.000000
# dh = 0.000100
# out = data/E1.4e4.0_tol1e-4.log
# model = sun
# scan_steps = 100.000000
# H0 = 
#	 0.000000e+00 0.000000e+00 0.000000e+00
#	 0.000000e+00 9.497842e+00 0.000000e+00
#	 0.000000e+00 0.000000e+00 3.108543e+02
# W = 
#	 6.758072e-01 4.508635e-01 1.257533e-01
#	 4.508635e-01 3.007928e-01 8.389608e-02
#	 1.257533e-01 8.389608e-02 2.340000e-02
# H0W = 
#	 0.000000e+00 -4.282231e+00 -3.909095e+01
#	 4.282231e+00 0.000000e+00 -2.528262e+01
#	 3.909095e+01 2.528262e+01 0.000000e+00
# H0H0W = 
#	 0.000000e+00 4.067195e+01 1.215159e+04
#	 4.067195e+01 0.000000e+00 7.619081e+03
#	 1.215159e+04 7.619081e+03 0.000000e+00
# WH0W = 
#	 1.369303e+01 4.853052e+00 -3.654297e+01
#	 4.853052e+00 3.808223e-01 -2.517641e+01
#	 -3.654297e+01 -2.517641e+01 -1.407386e+01
#################################################
##            CALCULATION COMPLETED            ##
#################################################
# Psi[0]^2 = 0.002994 + I0.000000
# Psi[1]^2 = 0.011132 + I0.000000
# Psi[2]^2 = 0.985874 + I0.000000
# phi0 = 1.151250 
# phi1 = 2.614038 
# phi2 = 1.289394 
# Psi = 
#	4.997136e-02+i(2.228866e-02)
#	5.311624e-02+i(-9.116529e-02)
#	9.538575e-01+i(2.757346e-01)
#ProbSurv b 1-|Psi|^2 calls E tol dh dh(prev) dh(last)
0.0284413160069	1	-1.17906e-13	9001	14000	0.0001	0.0001	0.0001	5e-05
