# a = 0.100000
# b = 1.000000
# E = 14.000000
# tol = 0.000100
# s12 = 0.554977
# s13 = 0.152971
# psi0 = 0.822075 + I0.000000	0.548446 + I0.000000	0.152971 + I0.000000
# dh = 0.000100
# out = data/E1.4e1.0_tol1e-4.log
# model = sun
# scan_steps = 100.000000
# H0 = 
#	 0.000000e+00 0.000000e+00 0.000000e+00
#	 0.000000e+00 9.497842e+03 0.000000e+00
#	 0.000000e+00 0.000000e+00 3.108543e+05
# W = 
#	 6.758072e-01 4.508635e-01 1.257533e-01
#	 4.508635e-01 3.007928e-01 8.389608e-02
#	 1.257533e-01 8.389608e-02 2.340000e-02
# H0W = 
#	 0.000000e+00 -4.282231e+03 -3.909095e+04
#	 4.282231e+03 0.000000e+00 -2.528262e+04
#	 3.909095e+04 2.528262e+04 0.000000e+00
# H0H0W = 
#	 0.000000e+00 4.067195e+07 1.215159e+10
#	 4.067195e+07 0.000000e+00 7.619081e+09
#	 1.215159e+10 7.619081e+09 0.000000e+00
# WH0W = 
#	 1.369303e+04 4.853052e+03 -3.654297e+04
#	 4.853052e+03 3.808223e+02 -2.517641e+04
#	 -3.654297e+04 -2.517641e+04 -1.407386e+04
#################################################
##            CALCULATION COMPLETED            ##
#################################################
# Psi[0]^2 = 0.045761 + I0.000000
# Psi[1]^2 = 0.927025 + I0.000000
# Psi[2]^2 = 0.027214 + I0.000000
# phi0 = -2.060594 
# phi1 = -0.248223 
# phi2 = 1.757366 
# Psi = 
#	-1.887666e-01+i(-1.006369e-01)
#	-2.365482e-01+i(9.333115e-01)
#	1.621040e-01+i(-3.059950e-02)
#ProbSurv b 1-|Psi|^2 calls E tol dh dh(prev) dh(last)
 0.31040470795	1	-6.90759e-12	13023	14	0.0001	0.0001	6.91144e-05	6.50079e-05
