# a = 0.100000
# b = 1.000000
# E = 442.718872
# tol = 0.000100
# s12 = 0.554977
# s13 = 0.152971
# psi0 = 0.822075 + I0.000000	0.548446 + I0.000000	0.152971 + I0.000000
# dh = 0.000100
# out = data/E1.4e2.5_tol1e-4.log
# model = sun
# scan_steps = 100.000000
# H0 = 
#	 0.000000e+00 0.000000e+00 0.000000e+00
#	 0.000000e+00 3.003481e+02 0.000000e+00
#	 0.000000e+00 0.000000e+00 9.830076e+03
# W = 
#	 6.758072e-01 4.508635e-01 1.257533e-01
#	 4.508635e-01 3.007928e-01 8.389608e-02
#	 1.257533e-01 8.389608e-02 2.340000e-02
# H0W = 
#	 0.000000e+00 -1.354160e+02 -1.236164e+03
#	 1.354160e+02 0.000000e+00 -7.995067e+02
#	 1.236164e+03 7.995067e+02 0.000000e+00
# H0H0W = 
#	 0.000000e+00 4.067195e+04 1.215159e+07
#	 4.067195e+04 0.000000e+00 7.619081e+06
#	 1.215159e+07 7.619081e+06 0.000000e+00
# WH0W = 
#	 4.330117e+02 1.534670e+02 -1.155590e+03
#	 1.534670e+02 1.204266e+01 -7.961478e+02
#	 -1.155590e+03 -7.961478e+02 -4.450544e+02
#################################################
##            CALCULATION COMPLETED            ##
#################################################
# Psi[0]^2 = 0.000038 + I0.000000
# Psi[1]^2 = 0.011138 + I0.000000
# Psi[2]^2 = 0.988824 + I0.000000
# phi0 = 1.674442 
# phi1 = 0.323540 
# phi2 = -2.501405 
# Psi = 
#	6.137704e-03+i(-6.384330e-04)
#	3.355286e-02+i(1.000614e-01)
#	-5.939987e-01+i(-7.974894e-01)
#ProbSurv b 1-|Psi|^2 calls E tol dh dh(prev) dh(last)
0.0265144639721	1	-3.16414e-13	9001	442.719	0.0001	0.0001	0.0001	5e-05
