# a = 0.100000
# b = 1.000000
# E = 1.400000
# tol = 0.000100
# s12 = 0.554977
# s13 = 0.152971
# psi0 = 0.822075 + I0.000000	0.548446 + I0.000000	0.152971 + I0.000000
# dh = 0.000100
# out = data/E1.4e0.0_tol1e-4.log
# model = sun
# scan_steps = 100.000000
# H0 = 
#	 0.000000e+00 0.000000e+00 0.000000e+00
#	 0.000000e+00 9.497842e+04 0.000000e+00
#	 0.000000e+00 0.000000e+00 3.108543e+06
# W = 
#	 6.758072e-01 4.508635e-01 1.257533e-01
#	 4.508635e-01 3.007928e-01 8.389608e-02
#	 1.257533e-01 8.389608e-02 2.340000e-02
# H0W = 
#	 0.000000e+00 -4.282231e+04 -3.909095e+05
#	 4.282231e+04 0.000000e+00 -2.528262e+05
#	 3.909095e+05 2.528262e+05 0.000000e+00
# H0H0W = 
#	 0.000000e+00 4.067195e+09 1.215159e+12
#	 4.067195e+09 0.000000e+00 7.619081e+11
#	 1.215159e+12 7.619081e+11 0.000000e+00
# WH0W = 
#	 1.369303e+05 4.853052e+04 -3.654297e+05
#	 4.853052e+04 3.808223e+03 -2.517641e+05
#	 -3.654297e+05 -2.517641e+05 -1.407386e+05
#################################################
##            CALCULATION COMPLETED            ##
#################################################
# Psi[0]^2 = 0.565209 + I0.000000
# Psi[1]^2 = 0.411046 + I0.000000
# Psi[2]^2 = 0.023745 + I0.000000
# phi0 = -1.426721 
# phi1 = 2.082099 
# phi2 = 2.307617 
# Psi = 
#	-7.440142e-01+i(1.079421e-01)
#	5.591336e-01+i(-3.137132e-01)
#	1.141234e-01+i(-1.035414e-01)
#ProbSurv b 1-|Psi|^2 calls E tol dh dh(prev) dh(last)
0.506167493923	1	-5.70943e-12	154545	1.4	0.0001	0.0001	5.82359e-06	5.72409e-06
