# a = 0.100000
# b = 1.000000
# E = 4743.416490
# tol = 0.000100
# s12 = 0.554977
# s13 = 0.152971
# psi0 = 0.822075 + I0.000000	0.548446 + I0.000000	0.152971 + I0.000000
# dh = 0.000100
# out = data/E1.5e3.5_tol1e-4.log
# model = sun
# scan_steps = 100.000000
# H0 = 
#	 0.000000e+00 0.000000e+00 0.000000e+00
#	 0.000000e+00 2.803249e+01 0.000000e+00
#	 0.000000e+00 0.000000e+00 9.174737e+02
# W = 
#	 6.758072e-01 4.508635e-01 1.257533e-01
#	 4.508635e-01 3.007928e-01 8.389608e-02
#	 1.257533e-01 8.389608e-02 2.340000e-02
# H0W = 
#	 0.000000e+00 -1.263883e+01 -1.153753e+02
#	 1.263883e+01 0.000000e+00 -7.462063e+01
#	 1.153753e+02 7.462063e+01 0.000000e+00
# H0H0W = 
#	 0.000000e+00 3.542979e+02 1.058538e+05
#	 3.542979e+02 0.000000e+00 6.637066e+04
#	 1.058538e+05 6.637066e+04 0.000000e+00
# WH0W = 
#	 4.041443e+01 1.432358e+01 -1.078551e+02
#	 1.432358e+01 1.123981e+00 -7.430713e+01
#	 -1.078551e+02 -7.430713e+01 -4.153841e+01
#################################################
##            CALCULATION COMPLETED            ##
#################################################
# Psi[0]^2 = 0.000001 + I0.000000
# Psi[1]^2 = 0.000028 + I0.000000
# Psi[2]^2 = 0.999971 + I0.000000
# phi0 = 2.588255 
# phi1 = -2.363619 
# phi2 = 1.861159 
# Psi = 
#	4.912446e-04+i(-7.952706e-04)
#	-3.739599e-03+i(-3.795548e-03)
#	9.581260e-01+i(-2.862959e-01)
#ProbSurv b 1-|Psi|^2 calls E tol dh dh(prev) dh(last)
0.0234084454567	1	-1.24567e-13	9001	4743.42	0.0001	0.0001	0.0001	5e-05
