# a = 0.100000
# b = 1.000000
# E = 47.434165
# tol = 0.000100
# s12 = 0.554977
# s13 = 0.152971
# psi0 = 0.822075 + I0.000000	0.548446 + I0.000000	0.152971 + I0.000000
# dh = 0.000100
# out = data/E1.5e1.5_tol1e-4.log
# model = sun
# scan_steps = 100.000000
# H0 = 
#	 0.000000e+00 0.000000e+00 0.000000e+00
#	 0.000000e+00 2.803249e+03 0.000000e+00
#	 0.000000e+00 0.000000e+00 9.174737e+04
# W = 
#	 6.758072e-01 4.508635e-01 1.257533e-01
#	 4.508635e-01 3.007928e-01 8.389608e-02
#	 1.257533e-01 8.389608e-02 2.340000e-02
# H0W = 
#	 0.000000e+00 -1.263883e+03 -1.153753e+04
#	 1.263883e+03 0.000000e+00 -7.462063e+03
#	 1.153753e+04 7.462063e+03 0.000000e+00
# H0H0W = 
#	 0.000000e+00 3.542979e+06 1.058538e+09
#	 3.542979e+06 0.000000e+00 6.637066e+08
#	 1.058538e+09 6.637066e+08 0.000000e+00
# WH0W = 
#	 4.041443e+03 1.432358e+03 -1.078551e+04
#	 1.432358e+03 1.123981e+02 -7.430713e+03
#	 -1.078551e+04 -7.430713e+03 -4.153841e+03
#################################################
##            CALCULATION COMPLETED            ##
#################################################
# Psi[0]^2 = 0.003528 + I0.000000
# Psi[1]^2 = 0.955509 + I0.000000
# Psi[2]^2 = 0.040963 + I0.000000
# phi0 = 1.537669 
# phi1 = -2.701558 
# phi2 = 2.607092 
# Psi = 
#	5.936679e-02+i(1.967398e-03)
#	-4.163868e-01+i(-8.843816e-01)
#	1.031014e-01+i(-1.741638e-01)
#ProbSurv b 1-|Psi|^2 calls E tol dh dh(prev) dh(last)
0.290753138322	1	-5.10259e-13	9001	47.4342	0.0001	0.0001	0.0001	5e-05
