# a = 0.100000
# b = 1.000000
# E = 1500.000000
# tol = 0.000100
# s12 = 0.554977
# s13 = 0.152971
# psi0 = 0.822075 + I0.000000	0.548446 + I0.000000	0.152971 + I0.000000
# dh = 0.000100
# out = data/E1.5e3.0_tol1e-4.log
# model = sun
# scan_steps = 100.000000
# H0 = 
#	 0.000000e+00 0.000000e+00 0.000000e+00
#	 0.000000e+00 8.864652e+01 0.000000e+00
#	 0.000000e+00 0.000000e+00 2.901307e+03
# W = 
#	 6.758072e-01 4.508635e-01 1.257533e-01
#	 4.508635e-01 3.007928e-01 8.389608e-02
#	 1.257533e-01 8.389608e-02 2.340000e-02
# H0W = 
#	 0.000000e+00 -3.996749e+01 -3.648488e+02
#	 3.996749e+01 0.000000e+00 -2.359711e+02
#	 3.648488e+02 2.359711e+02 0.000000e+00
# H0H0W = 
#	 0.000000e+00 3.542979e+03 1.058538e+06
#	 3.542979e+03 0.000000e+00 6.637066e+05
#	 1.058538e+06 6.637066e+05 0.000000e+00
# WH0W = 
#	 1.278016e+02 4.529515e+01 -3.410677e+02
#	 4.529515e+01 3.554341e+00 -2.349798e+02
#	 -3.410677e+02 -2.349798e+02 -1.313560e+02
#################################################
##            CALCULATION COMPLETED            ##
#################################################
# Psi[0]^2 = 0.000003 + I0.000000
# Psi[1]^2 = 0.000462 + I0.000000
# Psi[2]^2 = 0.999535 + I0.000000
# phi0 = -1.166739 
# phi1 = 1.211971 
# phi2 = 0.884060 
# Psi = 
#	-1.500031e-03+i(6.413898e-04)
#	2.012742e-02+i(7.549043e-03)
#	7.731394e-01+i(6.338697e-01)
#ProbSurv b 1-|Psi|^2 calls E tol dh dh(prev) dh(last)
0.0235299199098	1	-2.77556e-14	9001	1500	0.0001	0.0001	0.0001	5e-05
