# a = 0.100000
# b = 1.000000
# E = 1.500000
# tol = 0.000100
# s12 = 0.554977
# s13 = 0.152971
# psi0 = 0.822075 + I0.000000	0.548446 + I0.000000	0.152971 + I0.000000
# dh = 0.000100
# out = data/E1.5e0.0_tol1e-4.log
# model = sun
# scan_steps = 100.000000
# H0 = 
#	 0.000000e+00 0.000000e+00 0.000000e+00
#	 0.000000e+00 8.864652e+04 0.000000e+00
#	 0.000000e+00 0.000000e+00 2.901307e+06
# W = 
#	 6.758072e-01 4.508635e-01 1.257533e-01
#	 4.508635e-01 3.007928e-01 8.389608e-02
#	 1.257533e-01 8.389608e-02 2.340000e-02
# H0W = 
#	 0.000000e+00 -3.996749e+04 -3.648488e+05
#	 3.996749e+04 0.000000e+00 -2.359711e+05
#	 3.648488e+05 2.359711e+05 0.000000e+00
# H0H0W = 
#	 0.000000e+00 3.542979e+09 1.058538e+12
#	 3.542979e+09 0.000000e+00 6.637066e+11
#	 1.058538e+12 6.637066e+11 0.000000e+00
# WH0W = 
#	 1.278016e+05 4.529515e+04 -3.410677e+05
#	 4.529515e+04 3.554341e+03 -2.349798e+05
#	 -3.410677e+05 -2.349798e+05 -1.313560e+05
#################################################
##            CALCULATION COMPLETED            ##
#################################################
# Psi[0]^2 = 0.556584 + I0.000000
# Psi[1]^2 = 0.419646 + I0.000000
# Psi[2]^2 = 0.023770 + I0.000000
# phi0 = 0.577427 
# phi1 = 0.208498 
# phi2 = -0.177711 
# Psi = 
#	4.072440e-01+i(6.250889e-01)
#	1.340888e-01+i(6.337717e-01)
#	-2.725451e-02+i(1.517467e-01)
#ProbSurv b 1-|Psi|^2 calls E tol dh dh(prev) dh(last)
0.502926139197	1	-1.32532e-11	195531	1.5	0.0001	0.0001	4.60288e-06	4.20368e-06
