# a = 0.100000
# b = 1.000000
# E = 150.000000
# tol = 0.000100
# s12 = 0.554977
# s13 = 0.152971
# psi0 = 0.822075 + I0.000000	0.548446 + I0.000000	0.152971 + I0.000000
# dh = 0.000100
# out = data/E1.5e2.0_tol1e-4.log
# model = sun
# scan_steps = 100.000000
# H0 = 
#	 0.000000e+00 0.000000e+00 0.000000e+00
#	 0.000000e+00 8.864652e+02 0.000000e+00
#	 0.000000e+00 0.000000e+00 2.901307e+04
# W = 
#	 6.758072e-01 4.508635e-01 1.257533e-01
#	 4.508635e-01 3.007928e-01 8.389608e-02
#	 1.257533e-01 8.389608e-02 2.340000e-02
# H0W = 
#	 0.000000e+00 -3.996749e+02 -3.648488e+03
#	 3.996749e+02 0.000000e+00 -2.359711e+03
#	 3.648488e+03 2.359711e+03 0.000000e+00
# H0H0W = 
#	 0.000000e+00 3.542979e+05 1.058538e+08
#	 3.542979e+05 0.000000e+00 6.637066e+07
#	 1.058538e+08 6.637066e+07 0.000000e+00
# WH0W = 
#	 1.278016e+03 4.529515e+02 -3.410677e+03
#	 4.529515e+02 3.554341e+01 -2.349798e+03
#	 -3.410677e+03 -2.349798e+03 -1.313560e+03
#################################################
##            CALCULATION COMPLETED            ##
#################################################
# Psi[0]^2 = 0.000340 + I0.000000
# Psi[1]^2 = 0.725642 + I0.000000
# Psi[2]^2 = 0.274017 + I0.000000
# phi0 = -1.972752 
# phi1 = -0.626886 
# phi2 = 0.395945 
# Psi = 
#	-1.697693e-02+i(-7.216898e-03)
#	-4.997147e-01+i(6.898751e-01)
#	2.018906e-01+i(4.829674e-01)
#ProbSurv b 1-|Psi|^2 calls E tol dh dh(prev) dh(last)
0.224909996668	1	1.44862e-12	9001	150	0.0001	0.0001	0.0001	5e-05
