# a = 0.100000
# b = 1.000000
# E = 474341.649025
# tol = 0.000100
# s12 = 0.554977
# s13 = 0.152971
# psi0 = 0.822075 + I0.000000	0.548446 + I0.000000	0.152971 + I0.000000
# dh = 0.000100
# out = data/E1.5e5.5_tol1e-4.log
# model = sun
# scan_steps = 100.000000
# H0 = 
#	 0.000000e+00 0.000000e+00 0.000000e+00
#	 0.000000e+00 2.803249e-01 0.000000e+00
#	 0.000000e+00 0.000000e+00 9.174737e+00
# W = 
#	 6.758072e-01 4.508635e-01 1.257533e-01
#	 4.508635e-01 3.007928e-01 8.389608e-02
#	 1.257533e-01 8.389608e-02 2.340000e-02
# H0W = 
#	 0.000000e+00 -1.263883e-01 -1.153753e+00
#	 1.263883e-01 0.000000e+00 -7.462063e-01
#	 1.153753e+00 7.462063e-01 0.000000e+00
# H0H0W = 
#	 0.000000e+00 3.542979e-02 1.058538e+01
#	 3.542979e-02 0.000000e+00 6.637066e+00
#	 1.058538e+01 6.637066e+00 0.000000e+00
# WH0W = 
#	 4.041443e-01 1.432358e-01 -1.078551e+00
#	 1.432358e-01 1.123981e-02 -7.430713e-01
#	 -1.078551e+00 -7.430713e-01 -4.153841e-01
#################################################
##            CALCULATION COMPLETED            ##
#################################################
# Psi[0]^2 = 0.604519 + I0.000000
# Psi[1]^2 = 0.286820 + I0.000000
# Psi[2]^2 = 0.108661 + I0.000000
# phi0 = 2.427405 
# phi1 = 2.465859 
# phi2 = -2.408907 
# Psi = 
#	5.092705e-01+i(-5.875052e-01)
#	3.349739e-01+i(-4.178666e-01)
#	-2.204844e-01+i(-2.450467e-01)
#ProbSurv b 1-|Psi|^2 calls E tol dh dh(prev) dh(last)
0.497354195189	1	-9.68114e-14	9001	474342	0.0001	0.0001	0.0001	5e-05
