# a = 0.100000
# b = 1.000000
# E = 0.150000
# tol = 0.000100
# s12 = 0.554977
# s13 = 0.152971
# psi0 = 0.822075 + I0.000000	0.548446 + I0.000000	0.152971 + I0.000000
# dh = 0.000100
# out = data/E1.5e-1.0_tol1e-4.log
# model = sun
# scan_steps = 100.000000
# H0 = 
#	 0.000000e+00 0.000000e+00 0.000000e+00
#	 0.000000e+00 8.864652e+05 0.000000e+00
#	 0.000000e+00 0.000000e+00 2.901307e+07
# W = 
#	 6.758072e-01 4.508635e-01 1.257533e-01
#	 4.508635e-01 3.007928e-01 8.389608e-02
#	 1.257533e-01 8.389608e-02 2.340000e-02
# H0W = 
#	 0.000000e+00 -3.996749e+05 -3.648488e+06
#	 3.996749e+05 0.000000e+00 -2.359711e+06
#	 3.648488e+06 2.359711e+06 0.000000e+00
# H0H0W = 
#	 0.000000e+00 3.542979e+11 1.058538e+14
#	 3.542979e+11 0.000000e+00 6.637066e+13
#	 1.058538e+14 6.637066e+13 0.000000e+00
# WH0W = 
#	 1.278016e+06 4.529515e+05 -3.410677e+06
#	 4.529515e+05 3.554341e+04 -2.349798e+06
#	 -3.410677e+06 -2.349798e+06 -1.313560e+06
#################################################
##            CALCULATION COMPLETED            ##
#################################################
# Psi[0]^2 = 0.665086 + I0.000000
# Psi[1]^2 = 0.311477 + I0.000000
# Psi[2]^2 = 0.023437 + I0.000000
# phi0 = -0.630835 
# phi1 = 2.307103 
# phi2 = 0.330987 
# Psi = 
#	-4.810143e-01+i(6.585676e-01)
#	4.135275e-01+i(-3.747964e-01)
#	4.975069e-02+i(1.447808e-01)
#ProbSurv b 1-|Psi|^2 calls E tol dh dh(prev) dh(last)
0.543708498001	1	8.40171e-10	6077507	0.15	0.0001	0.0001	1.48087e-07	9.94522e-08
