# a = 0.100000
# b = 1.000000
# E = 4.743416
# tol = 0.000100
# s12 = 0.554977
# s13 = 0.152971
# psi0 = 0.822075 + I0.000000	0.548446 + I0.000000	0.152971 + I0.000000
# dh = 0.000100
# out = data/E1.5e0.5_tol1e-4.log
# model = sun
# scan_steps = 100.000000
# H0 = 
#	 0.000000e+00 0.000000e+00 0.000000e+00
#	 0.000000e+00 2.803249e+04 0.000000e+00
#	 0.000000e+00 0.000000e+00 9.174737e+05
# W = 
#	 6.758072e-01 4.508635e-01 1.257533e-01
#	 4.508635e-01 3.007928e-01 8.389608e-02
#	 1.257533e-01 8.389608e-02 2.340000e-02
# H0W = 
#	 0.000000e+00 -1.263883e+04 -1.153753e+05
#	 1.263883e+04 0.000000e+00 -7.462063e+04
#	 1.153753e+05 7.462063e+04 0.000000e+00
# H0H0W = 
#	 0.000000e+00 3.542979e+08 1.058538e+11
#	 3.542979e+08 0.000000e+00 6.637066e+10
#	 1.058538e+11 6.637066e+10 0.000000e+00
# WH0W = 
#	 4.041443e+04 1.432358e+04 -1.078551e+05
#	 1.432358e+04 1.123981e+03 -7.430713e+04
#	 -1.078551e+05 -7.430713e+04 -4.153841e+04
#################################################
##            CALCULATION COMPLETED            ##
#################################################
# Psi[0]^2 = 0.287196 + I0.000000
# Psi[1]^2 = 0.688205 + I0.000000
# Psi[2]^2 = 0.024599 + I0.000000
# phi0 = -2.140387 
# phi1 = 0.472523 
# phi2 = -0.597698 
# Psi = 
#	-4.512985e-01+i(-2.890075e-01)
#	3.775711e-01+i(7.386778e-01)
#	-8.826146e-02+i(1.296510e-01)
#ProbSurv b 1-|Psi|^2 calls E tol dh dh(prev) dh(last)
 0.40167160531	1	-9.587e-12	34307	4.74342	0.0001	0.0001	2.62352e-05	1.3879e-05
