# a = 0.100000
# b = 1.000000
# E = 1600000.000000
# tol = 0.000100
# s12 = 0.554977
# s13 = 0.152971
# psi0 = 0.822075 + I0.000000	0.548446 + I0.000000	0.152971 + I0.000000
# dh = 0.000100
# out = data/E1.6e6.0_tol1e-4.log
# model = sun
# scan_steps = 100.000000
# H0 = 
#	 0.000000e+00 0.000000e+00 0.000000e+00
#	 0.000000e+00 8.310612e-02 0.000000e+00
#	 0.000000e+00 0.000000e+00 2.719975e+00
# W = 
#	 6.758072e-01 4.508635e-01 1.257533e-01
#	 4.508635e-01 3.007928e-01 8.389608e-02
#	 1.257533e-01 8.389608e-02 2.340000e-02
# H0W = 
#	 0.000000e+00 -3.746952e-02 -3.420458e-01
#	 3.746952e-02 0.000000e+00 -2.212230e-01
#	 3.420458e-01 2.212230e-01 0.000000e+00
# H0H0W = 
#	 0.000000e+00 3.113946e-03 9.303560e-01
#	 3.113946e-03 0.000000e+00 5.833359e-01
#	 9.303560e-01 5.833359e-01 0.000000e+00
# WH0W = 
#	 1.198140e-01 4.246420e-02 -3.197510e-01
#	 4.246420e-02 3.332195e-03 -2.202935e-01
#	 -3.197510e-01 -2.202935e-01 -1.231462e-01
#################################################
##            CALCULATION COMPLETED            ##
#################################################
# Psi[0]^2 = 0.660143 + I0.000000
# Psi[1]^2 = 0.299375 + I0.000000
# Psi[2]^2 = 0.040482 + I0.000000
# phi0 = 2.266653 
# phi1 = 2.278016 
# phi2 = 2.656413 
# Psi = 
#	6.235916e-01+i(-5.208422e-01)
#	4.159287e-01+i(-3.554967e-01)
#	9.383408e-02+i(-1.779816e-01)
#ProbSurv b 1-|Psi|^2 calls E tol dh dh(prev) dh(last)
 0.53712648171	1	-8.65974e-14	9001	1.6e+06	0.0001	0.0001	0.0001	5e-05
