# a = 0.100000
# b = 1.000000
# E = 0.160000
# tol = 0.000100
# s12 = 0.554977
# s13 = 0.152971
# psi0 = 0.822075 + I0.000000	0.548446 + I0.000000	0.152971 + I0.000000
# dh = 0.000100
# out = data/E1.6e-1.0_tol1e-4.log
# model = sun
# scan_steps = 100.000000
# H0 = 
#	 0.000000e+00 0.000000e+00 0.000000e+00
#	 0.000000e+00 8.310612e+05 0.000000e+00
#	 0.000000e+00 0.000000e+00 2.719975e+07
# W = 
#	 6.758072e-01 4.508635e-01 1.257533e-01
#	 4.508635e-01 3.007928e-01 8.389608e-02
#	 1.257533e-01 8.389608e-02 2.340000e-02
# H0W = 
#	 0.000000e+00 -3.746952e+05 -3.420458e+06
#	 3.746952e+05 0.000000e+00 -2.212230e+06
#	 3.420458e+06 2.212230e+06 0.000000e+00
# H0H0W = 
#	 0.000000e+00 3.113946e+11 9.303560e+13
#	 3.113946e+11 0.000000e+00 5.833359e+13
#	 9.303560e+13 5.833359e+13 0.000000e+00
# WH0W = 
#	 1.198140e+06 4.246420e+05 -3.197510e+06
#	 4.246420e+05 3.332195e+04 -2.202935e+06
#	 -3.197510e+06 -2.202935e+06 -1.231462e+06
#################################################
##            CALCULATION COMPLETED            ##
#################################################
# Psi[0]^2 = 0.664361 + I0.000000
# Psi[1]^2 = 0.312200 + I0.000000
# Psi[2]^2 = 0.023439 + I0.000000
# phi0 = -1.020085 
# phi1 = 2.383918 
# phi2 = -2.682736 
# Psi = 
#	-6.945750e-01+i(4.265279e-01)
#	3.839915e-01+i(-4.058952e-01)
#	-6.781069e-02+i(-1.372617e-01)
#ProbSurv b 1-|Psi|^2 calls E tol dh dh(prev) dh(last)
0.543435754967	1	6.81067e-10	5452350	0.16	0.0001	0.0001	1.65066e-07	8.67265e-08
