# a = 0.100000
# b = 1.000000
# E = 505.964426
# tol = 0.000100
# s12 = 0.554977
# s13 = 0.152971
# psi0 = 0.822075 + I0.000000	0.548446 + I0.000000	0.152971 + I0.000000
# dh = 0.000100
# out = data/E1.6e2.5_tol1e-4.log
# model = sun
# scan_steps = 100.000000
# H0 = 
#	 0.000000e+00 0.000000e+00 0.000000e+00
#	 0.000000e+00 2.628046e+02 0.000000e+00
#	 0.000000e+00 0.000000e+00 8.601316e+03
# W = 
#	 6.758072e-01 4.508635e-01 1.257533e-01
#	 4.508635e-01 3.007928e-01 8.389608e-02
#	 1.257533e-01 8.389608e-02 2.340000e-02
# H0W = 
#	 0.000000e+00 -1.184890e+02 -1.081644e+03
#	 1.184890e+02 0.000000e+00 -6.995684e+02
#	 1.081644e+03 6.995684e+02 0.000000e+00
# H0H0W = 
#	 0.000000e+00 3.113946e+04 9.303560e+06
#	 3.113946e+04 0.000000e+00 5.833359e+06
#	 9.303560e+06 5.833359e+06 0.000000e+00
# WH0W = 
#	 3.788853e+02 1.342836e+02 -1.011141e+03
#	 1.342836e+02 1.053733e+01 -6.966294e+02
#	 -1.011141e+03 -6.966294e+02 -3.894226e+02
#################################################
##            CALCULATION COMPLETED            ##
#################################################
# Psi[0]^2 = 0.000032 + I0.000000
# Psi[1]^2 = 0.007333 + I0.000000
# Psi[2]^2 = 0.992636 + I0.000000
# phi0 = -1.524282 
# phi1 = -1.642313 
# phi2 = 0.285537 
# Psi = 
#	-5.607556e-03+i(2.610176e-04)
#	-8.541160e-02+i(-6.118765e-03)
#	2.806342e-01+i(9.559709e-01)
#ProbSurv b 1-|Psi|^2 calls E tol dh dh(prev) dh(last)
0.0254545642951	1	-2.18936e-13	9001	505.964	0.0001	0.0001	0.0001	5e-05
