# a = 0.100000
# b = 1.000000
# E = 1.600000
# tol = 0.000100
# s12 = 0.554977
# s13 = 0.152971
# psi0 = 0.822075 + I0.000000	0.548446 + I0.000000	0.152971 + I0.000000
# dh = 0.000100
# out = data/E1.6e0.0_tol1e-4.log
# model = sun
# scan_steps = 100.000000
# H0 = 
#	 0.000000e+00 0.000000e+00 0.000000e+00
#	 0.000000e+00 8.310612e+04 0.000000e+00
#	 0.000000e+00 0.000000e+00 2.719975e+06
# W = 
#	 6.758072e-01 4.508635e-01 1.257533e-01
#	 4.508635e-01 3.007928e-01 8.389608e-02
#	 1.257533e-01 8.389608e-02 2.340000e-02
# H0W = 
#	 0.000000e+00 -3.746952e+04 -3.420458e+05
#	 3.746952e+04 0.000000e+00 -2.212230e+05
#	 3.420458e+05 2.212230e+05 0.000000e+00
# H0H0W = 
#	 0.000000e+00 3.113946e+09 9.303560e+11
#	 3.113946e+09 0.000000e+00 5.833359e+11
#	 9.303560e+11 5.833359e+11 0.000000e+00
# WH0W = 
#	 1.198140e+05 4.246420e+04 -3.197510e+05
#	 4.246420e+04 3.332195e+03 -2.202935e+05
#	 -3.197510e+05 -2.202935e+05 -1.231462e+05
#################################################
##            CALCULATION COMPLETED            ##
#################################################
# Psi[0]^2 = 0.547868 + I0.000000
# Psi[1]^2 = 0.428338 + I0.000000
# Psi[2]^2 = 0.023795 + I0.000000
# phi0 = 2.555923 
# phi1 = 0.698727 
# phi2 = 0.790890 
# Psi = 
#	4.091404e-01+i(-6.168239e-01)
#	4.209870e-01+i(5.011063e-01)
#	1.096727e-01+i(1.084746e-01)
#ProbSurv b 1-|Psi|^2 calls E tol dh dh(prev) dh(last)
0.499650497688	1	1.68412e-11	215428	1.6	0.0001	0.0001	4.17775e-06	3.67466e-06
