# a = 0.100000
# b = 1.000000
# E = 50596.442563
# tol = 0.000100
# s12 = 0.554977
# s13 = 0.152971
# psi0 = 0.822075 + I0.000000	0.548446 + I0.000000	0.152971 + I0.000000
# dh = 0.000100
# out = data/E1.6e4.5_tol1e-4.log
# model = sun
# scan_steps = 100.000000
# H0 = 
#	 0.000000e+00 0.000000e+00 0.000000e+00
#	 0.000000e+00 2.628046e+00 0.000000e+00
#	 0.000000e+00 0.000000e+00 8.601316e+01
# W = 
#	 6.758072e-01 4.508635e-01 1.257533e-01
#	 4.508635e-01 3.007928e-01 8.389608e-02
#	 1.257533e-01 8.389608e-02 2.340000e-02
# H0W = 
#	 0.000000e+00 -1.184890e+00 -1.081644e+01
#	 1.184890e+00 0.000000e+00 -6.995684e+00
#	 1.081644e+01 6.995684e+00 0.000000e+00
# H0H0W = 
#	 0.000000e+00 3.113946e+00 9.303560e+02
#	 3.113946e+00 0.000000e+00 5.833359e+02
#	 9.303560e+02 5.833359e+02 0.000000e+00
# WH0W = 
#	 3.788853e+00 1.342836e+00 -1.011141e+01
#	 1.342836e+00 1.053733e-01 -6.966294e+00
#	 -1.011141e+01 -6.966294e+00 -3.894226e+00
#################################################
##            CALCULATION COMPLETED            ##
#################################################
# Psi[0]^2 = 0.171378 + I0.000000
# Psi[1]^2 = 0.136045 + I0.000000
# Psi[2]^2 = 0.692578 + I0.000000
# phi0 = -2.400068 
# phi1 = -2.028429 
# phi2 = -2.642771 
# Psi = 
#	-2.796060e-01+i(-3.052835e-01)
#	-3.308887e-01+i(-1.629638e-01)
#	-3.981232e-01+i(-7.308049e-01)
#ProbSurv b 1-|Psi|^2 calls E tol dh dh(prev) dh(last)
0.172945705398	1	-1.04361e-13	9001	50596.4	0.0001	0.0001	0.0001	5e-05
