# a = 0.100000
# b = 1.000000
# E = 160.000000
# tol = 0.000100
# s12 = 0.554977
# s13 = 0.152971
# psi0 = 0.822075 + I0.000000	0.548446 + I0.000000	0.152971 + I0.000000
# dh = 0.000100
# out = data/E1.6e2.0_tol1e-4.log
# model = sun
# scan_steps = 100.000000
# H0 = 
#	 0.000000e+00 0.000000e+00 0.000000e+00
#	 0.000000e+00 8.310612e+02 0.000000e+00
#	 0.000000e+00 0.000000e+00 2.719975e+04
# W = 
#	 6.758072e-01 4.508635e-01 1.257533e-01
#	 4.508635e-01 3.007928e-01 8.389608e-02
#	 1.257533e-01 8.389608e-02 2.340000e-02
# H0W = 
#	 0.000000e+00 -3.746952e+02 -3.420458e+03
#	 3.746952e+02 0.000000e+00 -2.212230e+03
#	 3.420458e+03 2.212230e+03 0.000000e+00
# H0H0W = 
#	 0.000000e+00 3.113946e+05 9.303560e+07
#	 3.113946e+05 0.000000e+00 5.833359e+07
#	 9.303560e+07 5.833359e+07 0.000000e+00
# WH0W = 
#	 1.198140e+03 4.246420e+02 -3.197510e+03
#	 4.246420e+02 3.332195e+01 -2.202935e+03
#	 -3.197510e+03 -2.202935e+03 -1.231462e+03
#################################################
##            CALCULATION COMPLETED            ##
#################################################
# Psi[0]^2 = 0.000274 + I0.000000
# Psi[1]^2 = 0.656536 + I0.000000
# Psi[2]^2 = 0.343190 + I0.000000
# phi0 = 0.533886 
# phi1 = 2.966260 
# phi2 = 2.614541 
# Psi = 
#	8.418460e-03+i(1.424085e-02)
#	1.413396e-01+i(-7.978468e-01)
#	2.946621e-01+i(-5.063241e-01)
#ProbSurv b 1-|Psi|^2 calls E tol dh dh(prev) dh(last)
 0.20569702954	1	1.15952e-12	9001	160	0.0001	0.0001	0.0001	5e-05
