# a = 0.100000
# b = 1.000000
# E = 160000.000000
# tol = 0.000100
# s12 = 0.554977
# s13 = 0.152971
# psi0 = 0.822075 + I0.000000	0.548446 + I0.000000	0.152971 + I0.000000
# dh = 0.000100
# out = data/E1.6e5.0_tol1e-4.log
# model = sun
# scan_steps = 100.000000
# H0 = 
#	 0.000000e+00 0.000000e+00 0.000000e+00
#	 0.000000e+00 8.310612e-01 0.000000e+00
#	 0.000000e+00 0.000000e+00 2.719975e+01
# W = 
#	 6.758072e-01 4.508635e-01 1.257533e-01
#	 4.508635e-01 3.007928e-01 8.389608e-02
#	 1.257533e-01 8.389608e-02 2.340000e-02
# H0W = 
#	 0.000000e+00 -3.746952e-01 -3.420458e+00
#	 3.746952e-01 0.000000e+00 -2.212230e+00
#	 3.420458e+00 2.212230e+00 0.000000e+00
# H0H0W = 
#	 0.000000e+00 3.113946e-01 9.303560e+01
#	 3.113946e-01 0.000000e+00 5.833359e+01
#	 9.303560e+01 5.833359e+01 0.000000e+00
# WH0W = 
#	 1.198140e+00 4.246420e-01 -3.197510e+00
#	 4.246420e-01 3.332195e-02 -2.202935e+00
#	 -3.197510e+00 -2.202935e+00 -1.231462e+00
#################################################
##            CALCULATION COMPLETED            ##
#################################################
# Psi[0]^2 = 0.449023 + I0.000000
# Psi[1]^2 = 0.240491 + I0.000000
# Psi[2]^2 = 0.310486 + I0.000000
# phi0 = 2.795384 
# phi1 = 2.911584 
# phi2 = 1.981848 
# Psi = 
#	2.273849e-01+i(-6.303326e-01)
#	1.118043e-01+i(-4.774837e-01)
#	5.107974e-01+i(-2.226477e-01)
#ProbSurv b 1-|Psi|^2 calls E tol dh dh(prev) dh(last)
0.383056346759	1	-9.4591e-14	9001	160000	0.0001	0.0001	0.0001	5e-05
