# a = 0.100000
# b = 1.000000
# E = 50.596443
# tol = 0.000100
# s12 = 0.554977
# s13 = 0.152971
# psi0 = 0.822075 + I0.000000	0.548446 + I0.000000	0.152971 + I0.000000
# dh = 0.000100
# out = data/E1.6e1.5_tol1e-4.log
# model = sun
# scan_steps = 100.000000
# H0 = 
#	 0.000000e+00 0.000000e+00 0.000000e+00
#	 0.000000e+00 2.628046e+03 0.000000e+00
#	 0.000000e+00 0.000000e+00 8.601316e+04
# W = 
#	 6.758072e-01 4.508635e-01 1.257533e-01
#	 4.508635e-01 3.007928e-01 8.389608e-02
#	 1.257533e-01 8.389608e-02 2.340000e-02
# H0W = 
#	 0.000000e+00 -1.184890e+03 -1.081644e+04
#	 1.184890e+03 0.000000e+00 -6.995684e+03
#	 1.081644e+04 6.995684e+03 0.000000e+00
# H0H0W = 
#	 0.000000e+00 3.113946e+06 9.303560e+08
#	 3.113946e+06 0.000000e+00 5.833359e+08
#	 9.303560e+08 5.833359e+08 0.000000e+00
# WH0W = 
#	 3.788853e+03 1.342836e+03 -1.011141e+04
#	 1.342836e+03 1.053733e+02 -6.966294e+03
#	 -1.011141e+04 -6.966294e+03 -3.894226e+03
#################################################
##            CALCULATION COMPLETED            ##
#################################################
# Psi[0]^2 = 0.003103 + I0.000000
# Psi[1]^2 = 0.954229 + I0.000000
# Psi[2]^2 = 0.042668 + I0.000000
# phi0 = 1.237907 
# phi1 = 2.668725 
# phi2 = 0.926783 
# Psi = 
#	5.265036e-02+i(1.820419e-02)
#	4.448963e-01+i(-8.696528e-01)
#	1.651859e-01+i(1.240218e-01)
#ProbSurv b 1-|Psi|^2 calls E tol dh dh(prev) dh(last)
0.290120902648	1	-1.01164e-12	9001	50.5964	0.0001	0.0001	0.0001	5e-05
