# a = 0.100000
# b = 1.000000
# E = 16.000000
# tol = 0.000100
# s12 = 0.554977
# s13 = 0.152971
# psi0 = 0.822075 + I0.000000	0.548446 + I0.000000	0.152971 + I0.000000
# dh = 0.000100
# out = data/E1.6e1.0_tol1e-4.log
# model = sun
# scan_steps = 100.000000
# H0 = 
#	 0.000000e+00 0.000000e+00 0.000000e+00
#	 0.000000e+00 8.310612e+03 0.000000e+00
#	 0.000000e+00 0.000000e+00 2.719975e+05
# W = 
#	 6.758072e-01 4.508635e-01 1.257533e-01
#	 4.508635e-01 3.007928e-01 8.389608e-02
#	 1.257533e-01 8.389608e-02 2.340000e-02
# H0W = 
#	 0.000000e+00 -3.746952e+03 -3.420458e+04
#	 3.746952e+03 0.000000e+00 -2.212230e+04
#	 3.420458e+04 2.212230e+04 0.000000e+00
# H0H0W = 
#	 0.000000e+00 3.113946e+07 9.303560e+09
#	 3.113946e+07 0.000000e+00 5.833359e+09
#	 9.303560e+09 5.833359e+09 0.000000e+00
# WH0W = 
#	 1.198140e+04 4.246420e+03 -3.197510e+04
#	 4.246420e+03 3.332195e+02 -2.202935e+04
#	 -3.197510e+04 -2.202935e+04 -1.231462e+04
#################################################
##            CALCULATION COMPLETED            ##
#################################################
# Psi[0]^2 = 0.034697 + I0.000000
# Psi[1]^2 = 0.937481 + I0.000000
# Psi[2]^2 = 0.027822 + I0.000000
# phi0 = 2.277065 
# phi1 = 1.035401 
# phi2 = -3.128223 
# Psi = 
#	1.417141e-01+i(-1.208909e-01)
#	8.327477e-01+i(4.939760e-01)
#	-2.229921e-03+i(-1.667832e-01)
#ProbSurv b 1-|Psi|^2 calls E tol dh dh(prev) dh(last)
0.306087344611	1	-5.0282e-12	11396	16	0.0001	0.0001	7.89839e-05	4.72612e-05
