# a = 0.100000
# b = 1.000000
# E = 0.505964
# tol = 0.000100
# s12 = 0.554977
# s13 = 0.152971
# psi0 = 0.822075 + I0.000000	0.548446 + I0.000000	0.152971 + I0.000000
# dh = 0.000100
# out = data/E1.6e-0.5_tol1e-4.log
# model = sun
# scan_steps = 100.000000
# H0 = 
#	 0.000000e+00 0.000000e+00 0.000000e+00
#	 0.000000e+00 2.628046e+05 0.000000e+00
#	 0.000000e+00 0.000000e+00 8.601316e+06
# W = 
#	 6.758072e-01 4.508635e-01 1.257533e-01
#	 4.508635e-01 3.007928e-01 8.389608e-02
#	 1.257533e-01 8.389608e-02 2.340000e-02
# H0W = 
#	 0.000000e+00 -1.184890e+05 -1.081644e+06
#	 1.184890e+05 0.000000e+00 -6.995684e+05
#	 1.081644e+06 6.995684e+05 0.000000e+00
# H0H0W = 
#	 0.000000e+00 3.113946e+10 9.303560e+12
#	 3.113946e+10 0.000000e+00 5.833359e+12
#	 9.303560e+12 5.833359e+12 0.000000e+00
# WH0W = 
#	 3.788853e+05 1.342836e+05 -1.011141e+06
#	 1.342836e+05 1.053733e+04 -6.966294e+05
#	 -1.011141e+06 -6.966294e+05 -3.894226e+05
#################################################
##            CALCULATION COMPLETED            ##
#################################################
# Psi[0]^2 = 0.638464 + I0.000000
# Psi[1]^2 = 0.338012 + I0.000000
# Psi[2]^2 = 0.023524 + I0.000000
# phi0 = -2.119089 
# phi1 = -1.304272 
# phi2 = 1.074880 
# Psi = 
#	-6.819126e-01+i(-4.164841e-01)
#	-5.608607e-01+i(1.531263e-01)
#	1.348982e-01+i(7.298146e-02)
#ProbSurv b 1-|Psi|^2 calls E tol dh dh(prev) dh(last)
0.533700579473	1	-1.35478e-11	1190158	0.505964	0.0001	0.0001	7.56203e-07	4.47144e-07
