# a = 0.100000
# b = 1.000000
# E = 537587.202229
# tol = 0.000100
# s12 = 0.554977
# s13 = 0.152971
# psi0 = 0.822075 + I0.000000	0.548446 + I0.000000	0.152971 + I0.000000
# dh = 0.000100
# out = data/E1.7e5.5_tol1e-4.log
# model = sun
# scan_steps = 100.000000
# H0 = 
#	 0.000000e+00 0.000000e+00 0.000000e+00
#	 0.000000e+00 2.473455e-01 0.000000e+00
#	 0.000000e+00 0.000000e+00 8.095356e+00
# W = 
#	 6.758072e-01 4.508635e-01 1.257533e-01
#	 4.508635e-01 3.007928e-01 8.389608e-02
#	 1.257533e-01 8.389608e-02 2.340000e-02
# H0W = 
#	 0.000000e+00 -1.115191e-01 -1.018018e+00
#	 1.115191e-01 0.000000e+00 -6.584173e-01
#	 1.018018e+00 6.584173e-01 0.000000e+00
# H0H0W = 
#	 0.000000e+00 2.758374e-02 8.241216e+00
#	 2.758374e-02 0.000000e+00 5.167266e+00
#	 8.241216e+00 5.167266e+00 0.000000e+00
# WH0W = 
#	 3.565979e-01 1.263846e-01 -9.516624e-01
#	 1.263846e-01 9.917483e-03 -6.556512e-01
#	 -9.516624e-01 -6.556512e-01 -3.665154e-01
#################################################
##            CALCULATION COMPLETED            ##
#################################################
# Psi[0]^2 = 0.615428 + I0.000000
# Psi[1]^2 = 0.289777 + I0.000000
# Psi[2]^2 = 0.094795 + I0.000000
# phi0 = 2.401208 
# phi1 = 2.435090 
# phi2 = -2.624639 
# Psi = 
#	5.291966e-01+i(-5.791193e-01)
#	3.494583e-01+i(-4.094577e-01)
#	-1.521689e-01+i(-2.676559e-01)
#ProbSurv b 1-|Psi|^2 calls E tol dh dh(prev) dh(last)
0.505291779449	1	-8.70415e-14	9001	537587	0.0001	0.0001	0.0001	5e-05
