# a = 0.100000
# b = 1.000000
# E = 0.170000
# tol = 0.000100
# s12 = 0.554977
# s13 = 0.152971
# psi0 = 0.822075 + I0.000000	0.548446 + I0.000000	0.152971 + I0.000000
# dh = 0.000100
# out = data/E1.7e-1.0_tol1e-4.log
# model = sun
# scan_steps = 100.000000
# H0 = 
#	 0.000000e+00 0.000000e+00 0.000000e+00
#	 0.000000e+00 7.821752e+05 0.000000e+00
#	 0.000000e+00 0.000000e+00 2.559976e+07
# W = 
#	 6.758072e-01 4.508635e-01 1.257533e-01
#	 4.508635e-01 3.007928e-01 8.389608e-02
#	 1.257533e-01 8.389608e-02 2.340000e-02
# H0W = 
#	 0.000000e+00 -3.526543e+05 -3.219254e+06
#	 3.526543e+05 0.000000e+00 -2.082098e+06
#	 3.219254e+06 2.082098e+06 0.000000e+00
# H0H0W = 
#	 0.000000e+00 2.758374e+11 8.241216e+13
#	 2.758374e+11 0.000000e+00 5.167266e+13
#	 8.241216e+13 5.167266e+13 0.000000e+00
# WH0W = 
#	 1.127662e+06 3.996631e+05 -3.009421e+06
#	 3.996631e+05 3.136183e+04 -2.073351e+06
#	 -3.009421e+06 -2.073351e+06 -1.159023e+06
#################################################
##            CALCULATION COMPLETED            ##
#################################################
# Psi[0]^2 = 0.663635 + I0.000000
# Psi[1]^2 = 0.312924 + I0.000000
# Psi[2]^2 = 0.023441 + I0.000000
# phi0 = -1.409659 
# phi1 = 0.279986 
# phi2 = -2.757174 
# Psi = 
#	-8.040844e-01+i(1.307010e-01)
#	1.545848e-01+i(5.376128e-01)
#	-5.741789e-02+i(-1.419320e-01)
#ProbSurv b 1-|Psi|^2 calls E tol dh dh(prev) dh(last)
0.543162800565	1	3.62358e-11	3850682	0.17	0.0001	0.0001	2.33725e-07	2.21123e-07
