# a = 0.100000
# b = 1.000000
# E = 53.758720
# tol = 0.000100
# s12 = 0.554977
# s13 = 0.152971
# psi0 = 0.822075 + I0.000000	0.548446 + I0.000000	0.152971 + I0.000000
# dh = 0.000100
# out = data/E1.7e1.5_tol1e-4.log
# model = sun
# scan_steps = 100.000000
# H0 = 
#	 0.000000e+00 0.000000e+00 0.000000e+00
#	 0.000000e+00 2.473455e+03 0.000000e+00
#	 0.000000e+00 0.000000e+00 8.095356e+04
# W = 
#	 6.758072e-01 4.508635e-01 1.257533e-01
#	 4.508635e-01 3.007928e-01 8.389608e-02
#	 1.257533e-01 8.389608e-02 2.340000e-02
# H0W = 
#	 0.000000e+00 -1.115191e+03 -1.018018e+04
#	 1.115191e+03 0.000000e+00 -6.584173e+03
#	 1.018018e+04 6.584173e+03 0.000000e+00
# H0H0W = 
#	 0.000000e+00 2.758374e+06 8.241216e+08
#	 2.758374e+06 0.000000e+00 5.167266e+08
#	 8.241216e+08 5.167266e+08 0.000000e+00
# WH0W = 
#	 3.565979e+03 1.263846e+03 -9.516624e+03
#	 1.263846e+03 9.917483e+01 -6.556512e+03
#	 -9.516624e+03 -6.556512e+03 -3.665154e+03
#################################################
##            CALCULATION COMPLETED            ##
#################################################
# Psi[0]^2 = 0.002702 + I0.000000
# Psi[1]^2 = 0.952203 + I0.000000
# Psi[2]^2 = 0.045095 + I0.000000
# phi0 = 2.596504 
# phi1 = -0.225940 
# phi2 = -3.046697 
# Psi = 
#	2.695271e-02+i(-4.444939e-02)
#	-2.186035e-01+i(9.510075e-01)
#	-2.012136e-02+i(-2.114005e-01)
#ProbSurv b 1-|Psi|^2 calls E tol dh dh(prev) dh(last)
0.289297124914	1	-1.30784e-12	9001	53.7587	0.0001	0.0001	0.0001	5e-05
