# a = 0.100000
# b = 1.000000
# E = 17.000000
# tol = 0.000100
# s12 = 0.554977
# s13 = 0.152971
# psi0 = 0.822075 + I0.000000	0.548446 + I0.000000	0.152971 + I0.000000
# dh = 0.000100
# out = data/E1.7e1.0_tol1e-4.log
# model = sun
# scan_steps = 100.000000
# H0 = 
#	 0.000000e+00 0.000000e+00 0.000000e+00
#	 0.000000e+00 7.821752e+03 0.000000e+00
#	 0.000000e+00 0.000000e+00 2.559976e+05
# W = 
#	 6.758072e-01 4.508635e-01 1.257533e-01
#	 4.508635e-01 3.007928e-01 8.389608e-02
#	 1.257533e-01 8.389608e-02 2.340000e-02
# H0W = 
#	 0.000000e+00 -3.526543e+03 -3.219254e+04
#	 3.526543e+03 0.000000e+00 -2.082098e+04
#	 3.219254e+04 2.082098e+04 0.000000e+00
# H0H0W = 
#	 0.000000e+00 2.758374e+07 8.241216e+09
#	 2.758374e+07 0.000000e+00 5.167266e+09
#	 8.241216e+09 5.167266e+09 0.000000e+00
# WH0W = 
#	 1.127662e+04 3.996631e+03 -3.009421e+04
#	 3.996631e+03 3.136183e+02 -2.073351e+04
#	 -3.009421e+04 -2.073351e+04 -1.159023e+04
#################################################
##            CALCULATION COMPLETED            ##
#################################################
# Psi[0]^2 = 0.030538 + I0.000000
# Psi[1]^2 = 0.941314 + I0.000000
# Psi[2]^2 = 0.028148 + I0.000000
# phi0 = -2.658465 
# phi1 = -0.611075 
# phi2 = -1.785789 
# Psi = 
#	-8.118056e-02+i(-1.547498e-01)
#	-5.566580e-01+i(7.946356e-01)
#	-1.639124e-01+i(-3.579307e-02)
#ProbSurv b 1-|Psi|^2 calls E tol dh dh(prev) dh(last)
  0.3044367388	1	-7.8666e-12	9001	17	0.0001	0.0001	0.0001	5e-05
