# a = 0.100000
# b = 1.000000
# E = 5.375872
# tol = 0.000100
# s12 = 0.554977
# s13 = 0.152971
# psi0 = 0.822075 + I0.000000	0.548446 + I0.000000	0.152971 + I0.000000
# dh = 0.000100
# out = data/E1.7e0.5_tol1e-4.log
# model = sun
# scan_steps = 100.000000
# H0 = 
#	 0.000000e+00 0.000000e+00 0.000000e+00
#	 0.000000e+00 2.473455e+04 0.000000e+00
#	 0.000000e+00 0.000000e+00 8.095356e+05
# W = 
#	 6.758072e-01 4.508635e-01 1.257533e-01
#	 4.508635e-01 3.007928e-01 8.389608e-02
#	 1.257533e-01 8.389608e-02 2.340000e-02
# H0W = 
#	 0.000000e+00 -1.115191e+04 -1.018018e+05
#	 1.115191e+04 0.000000e+00 -6.584173e+04
#	 1.018018e+05 6.584173e+04 0.000000e+00
# H0H0W = 
#	 0.000000e+00 2.758374e+08 8.241216e+10
#	 2.758374e+08 0.000000e+00 5.167266e+10
#	 8.241216e+10 5.167266e+10 0.000000e+00
# WH0W = 
#	 3.565979e+04 1.263846e+04 -9.516624e+04
#	 1.263846e+04 9.917483e+02 -6.556512e+04
#	 -9.516624e+04 -6.556512e+04 -3.665154e+04
#################################################
##            CALCULATION COMPLETED            ##
#################################################
# Psi[0]^2 = 0.247295 + I0.000000
# Psi[1]^2 = 0.727939 + I0.000000
# Psi[2]^2 = 0.024766 + I0.000000
# phi0 = 0.338709 
# phi1 = 1.706901 
# phi2 = -0.459469 
# Psi = 
#	1.652338e-01+i(4.690341e-01)
#	8.453029e-01+i(-1.157655e-01)
#	-6.979039e-02+i(1.410513e-01)
#ProbSurv b 1-|Psi|^2 calls E tol dh dh(prev) dh(last)
0.386662114927	1	-6.00031e-12	33429	5.37587	0.0001	0.0001	2.69239e-05	2.14159e-05
