# a = 0.100000
# b = 1.000000
# E = 53758.720223
# tol = 0.000100
# s12 = 0.554977
# s13 = 0.152971
# psi0 = 0.822075 + I0.000000	0.548446 + I0.000000	0.152971 + I0.000000
# dh = 0.000100
# out = data/E1.7e4.5_tol1e-4.log
# model = sun
# scan_steps = 100.000000
# H0 = 
#	 0.000000e+00 0.000000e+00 0.000000e+00
#	 0.000000e+00 2.473455e+00 0.000000e+00
#	 0.000000e+00 0.000000e+00 8.095356e+01
# W = 
#	 6.758072e-01 4.508635e-01 1.257533e-01
#	 4.508635e-01 3.007928e-01 8.389608e-02
#	 1.257533e-01 8.389608e-02 2.340000e-02
# H0W = 
#	 0.000000e+00 -1.115191e+00 -1.018018e+01
#	 1.115191e+00 0.000000e+00 -6.584173e+00
#	 1.018018e+01 6.584173e+00 0.000000e+00
# H0H0W = 
#	 0.000000e+00 2.758374e+00 8.241216e+02
#	 2.758374e+00 0.000000e+00 5.167266e+02
#	 8.241216e+02 5.167266e+02 0.000000e+00
# WH0W = 
#	 3.565979e+00 1.263846e+00 -9.516624e+00
#	 1.263846e+00 9.917483e-02 -6.556512e+00
#	 -9.516624e+00 -6.556512e+00 -3.665154e+00
#################################################
##            CALCULATION COMPLETED            ##
#################################################
# Psi[0]^2 = 0.183127 + I0.000000
# Psi[1]^2 = 0.141012 + I0.000000
# Psi[2]^2 = 0.675862 + I0.000000
# phi0 = -2.489667 
# phi1 = -2.137590 
# phi2 = 1.669622 
# Psi = 
#	-2.596346e-01+i(-3.401712e-01)
#	-3.167946e-01+i(-2.016253e-01)
#	8.180969e-01+i(-8.111317e-02)
#ProbSurv b 1-|Psi|^2 calls E tol dh dh(prev) dh(last)
 0.18198867478	1	-1.20126e-13	9001	53758.7	0.0001	0.0001	0.0001	5e-05
