# a = 0.100000
# b = 1.000000
# E = 1.700000
# tol = 0.000100
# s12 = 0.554977
# s13 = 0.152971
# psi0 = 0.822075 + I0.000000	0.548446 + I0.000000	0.152971 + I0.000000
# dh = 0.000100
# out = data/E1.7e0.0_tol1e-4.log
# model = sun
# scan_steps = 100.000000
# H0 = 
#	 0.000000e+00 0.000000e+00 0.000000e+00
#	 0.000000e+00 7.821752e+04 0.000000e+00
#	 0.000000e+00 0.000000e+00 2.559976e+06
# W = 
#	 6.758072e-01 4.508635e-01 1.257533e-01
#	 4.508635e-01 3.007928e-01 8.389608e-02
#	 1.257533e-01 8.389608e-02 2.340000e-02
# H0W = 
#	 0.000000e+00 -3.526543e+04 -3.219254e+05
#	 3.526543e+04 0.000000e+00 -2.082098e+05
#	 3.219254e+05 2.082098e+05 0.000000e+00
# H0H0W = 
#	 0.000000e+00 2.758374e+09 8.241216e+11
#	 2.758374e+09 0.000000e+00 5.167266e+11
#	 8.241216e+11 5.167266e+11 0.000000e+00
# WH0W = 
#	 1.127662e+05 3.996631e+04 -3.009421e+05
#	 3.996631e+04 3.136183e+03 -2.073351e+05
#	 -3.009421e+05 -2.073351e+05 -1.159023e+05
#################################################
##            CALCULATION COMPLETED            ##
#################################################
# Psi[0]^2 = 0.539112 + I0.000000
# Psi[1]^2 = 0.437068 + I0.000000
# Psi[2]^2 = 0.023820 + I0.000000
# phi0 = -1.773623 
# phi1 = -2.774193 
# phi2 = 0.168732 
# Psi = 
#	-7.191915e-01+i(-1.479053e-01)
#	-2.374646e-01+i(-6.169914e-01)
#	2.591824e-02+i(1.521450e-01)
#ProbSurv b 1-|Psi|^2 calls E tol dh dh(prev) dh(last)
0.496360223776	1	3.23767e-11	219744	1.7	0.0001	0.0001	4.09571e-06	2.32493e-06
