# a = 0.100000
# b = 1.000000
# E = 17000.000000
# tol = 0.000100
# s12 = 0.554977
# s13 = 0.152971
# psi0 = 0.822075 + I0.000000	0.548446 + I0.000000	0.152971 + I0.000000
# dh = 0.000100
# out = data/E1.7e4.0_tol1e-4.log
# model = sun
# scan_steps = 100.000000
# H0 = 
#	 0.000000e+00 0.000000e+00 0.000000e+00
#	 0.000000e+00 7.821752e+00 0.000000e+00
#	 0.000000e+00 0.000000e+00 2.559976e+02
# W = 
#	 6.758072e-01 4.508635e-01 1.257533e-01
#	 4.508635e-01 3.007928e-01 8.389608e-02
#	 1.257533e-01 8.389608e-02 2.340000e-02
# H0W = 
#	 0.000000e+00 -3.526543e+00 -3.219254e+01
#	 3.526543e+00 0.000000e+00 -2.082098e+01
#	 3.219254e+01 2.082098e+01 0.000000e+00
# H0H0W = 
#	 0.000000e+00 2.758374e+01 8.241216e+03
#	 2.758374e+01 0.000000e+00 5.167266e+03
#	 8.241216e+03 5.167266e+03 0.000000e+00
# WH0W = 
#	 1.127662e+01 3.996631e+00 -3.009421e+01
#	 3.996631e+00 3.136183e-01 -2.073351e+01
#	 -3.009421e+01 -2.073351e+01 -1.159023e+01
#################################################
##            CALCULATION COMPLETED            ##
#################################################
# Psi[0]^2 = 0.008176 + I0.000000
# Psi[1]^2 = 0.020622 + I0.000000
# Psi[2]^2 = 0.971202 + I0.000000
# phi0 = 0.313411 
# phi1 = 1.498000 
# phi2 = -1.181659 
# Psi = 
#	2.787700e-02+i(8.601563e-02)
#	1.432232e-01+i(1.044452e-02)
#	-9.118168e-01+i(3.738881e-01)
#ProbSurv b 1-|Psi|^2 calls E tol dh dh(prev) dh(last)
0.0344543498696	1	-9.19265e-14	9001	17000	0.0001	0.0001	0.0001	5e-05
