# a = 0.100000
# b = 1.000000
# E = 1700.000000
# tol = 0.000100
# s12 = 0.554977
# s13 = 0.152971
# psi0 = 0.822075 + I0.000000	0.548446 + I0.000000	0.152971 + I0.000000
# dh = 0.000100
# out = data/E1.7e3.0_tol1e-4.log
# model = sun
# scan_steps = 100.000000
# H0 = 
#	 0.000000e+00 0.000000e+00 0.000000e+00
#	 0.000000e+00 7.821752e+01 0.000000e+00
#	 0.000000e+00 0.000000e+00 2.559976e+03
# W = 
#	 6.758072e-01 4.508635e-01 1.257533e-01
#	 4.508635e-01 3.007928e-01 8.389608e-02
#	 1.257533e-01 8.389608e-02 2.340000e-02
# H0W = 
#	 0.000000e+00 -3.526543e+01 -3.219254e+02
#	 3.526543e+01 0.000000e+00 -2.082098e+02
#	 3.219254e+02 2.082098e+02 0.000000e+00
# H0H0W = 
#	 0.000000e+00 2.758374e+03 8.241216e+05
#	 2.758374e+03 0.000000e+00 5.167266e+05
#	 8.241216e+05 5.167266e+05 0.000000e+00
# WH0W = 
#	 1.127662e+02 3.996631e+01 -3.009421e+02
#	 3.996631e+01 3.136183e+00 -2.073351e+02
#	 -3.009421e+02 -2.073351e+02 -1.159023e+02
#################################################
##            CALCULATION COMPLETED            ##
#################################################
# Psi[0]^2 = 0.000002 + I0.000000
# Psi[1]^2 = 0.000345 + I0.000000
# Psi[2]^2 = 0.999653 + I0.000000
# phi0 = 1.450847 
# phi1 = -0.011981 
# phi2 = -3.123723 
# Psi = 
#	1.554482e-03+i(1.873590e-04)
#	-2.224035e-04+i(1.856192e-02)
#	-1.786520e-02+i(-9.996668e-01)
#ProbSurv b 1-|Psi|^2 calls E tol dh dh(prev) dh(last)
0.023497187338	1	-3.88578e-14	9001	1700	0.0001	0.0001	0.0001	5e-05
