# a = 0.100000
# b = 1.000000
# E = 56920.997883
# tol = 0.000100
# s12 = 0.554977
# s13 = 0.152971
# psi0 = 0.822075 + I0.000000	0.548446 + I0.000000	0.152971 + I0.000000
# dh = 0.000100
# out = data/E1.8e4.5_tol1e-4.log
# model = sun
# scan_steps = 100.000000
# H0 = 
#	 0.000000e+00 0.000000e+00 0.000000e+00
#	 0.000000e+00 2.336041e+00 0.000000e+00
#	 0.000000e+00 0.000000e+00 7.645614e+01
# W = 
#	 6.758072e-01 4.508635e-01 1.257533e-01
#	 4.508635e-01 3.007928e-01 8.389608e-02
#	 1.257533e-01 8.389608e-02 2.340000e-02
# H0W = 
#	 0.000000e+00 -1.053236e+00 -9.614611e+00
#	 1.053236e+00 0.000000e+00 -6.218386e+00
#	 9.614611e+00 6.218386e+00 0.000000e+00
# H0H0W = 
#	 0.000000e+00 2.460402e+00 7.350961e+02
#	 2.460402e+00 0.000000e+00 4.609074e+02
#	 7.350961e+02 4.609074e+02 0.000000e+00
# WH0W = 
#	 3.367869e+00 1.193632e+00 -8.987923e+00
#	 1.193632e+00 9.366511e-02 -6.192261e+00
#	 -8.987923e+00 -6.192261e+00 -3.461534e+00
#################################################
##            CALCULATION COMPLETED            ##
#################################################
# Psi[0]^2 = 0.197760 + I0.000000
# Psi[1]^2 = 0.148395 + I0.000000
# Psi[2]^2 = 0.653845 + I0.000000
# phi0 = -2.561342 
# phi1 = -2.231034 
# phi2 = -0.052900 
# Psi = 
#	-2.438007e-01+i(-3.719158e-01)
#	-3.042650e-01+i(-2.362575e-01)
#	-4.275537e-02+i(8.074757e-01)
#ProbSurv b 1-|Psi|^2 calls E tol dh dh(prev) dh(last)
0.193583774058	1	-1.2923e-13	9001	56921	0.0001	0.0001	0.0001	5e-05
