# a = 0.100000
# b = 1.000000
# E = 18.000000
# tol = 0.000100
# s12 = 0.554977
# s13 = 0.152971
# psi0 = 0.822075 + I0.000000	0.548446 + I0.000000	0.152971 + I0.000000
# dh = 0.000100
# out = data/E1.8e1.0_tol1e-4.log
# model = sun
# scan_steps = 100.000000
# H0 = 
#	 0.000000e+00 0.000000e+00 0.000000e+00
#	 0.000000e+00 7.387210e+03 0.000000e+00
#	 0.000000e+00 0.000000e+00 2.417756e+05
# W = 
#	 6.758072e-01 4.508635e-01 1.257533e-01
#	 4.508635e-01 3.007928e-01 8.389608e-02
#	 1.257533e-01 8.389608e-02 2.340000e-02
# H0W = 
#	 0.000000e+00 -3.330624e+03 -3.040407e+04
#	 3.330624e+03 0.000000e+00 -1.966426e+04
#	 3.040407e+04 1.966426e+04 0.000000e+00
# H0H0W = 
#	 0.000000e+00 2.460402e+07 7.350961e+09
#	 2.460402e+07 0.000000e+00 4.609074e+09
#	 7.350961e+09 4.609074e+09 0.000000e+00
# WH0W = 
#	 1.065014e+04 3.774596e+03 -2.842231e+04
#	 3.774596e+03 2.961951e+02 -1.958165e+04
#	 -2.842231e+04 -1.958165e+04 -1.094633e+04
#################################################
##            CALCULATION COMPLETED            ##
#################################################
# Psi[0]^2 = 0.027111 + I0.000000
# Psi[1]^2 = 0.944418 + I0.000000
# Psi[2]^2 = 0.028471 + I0.000000
# phi0 = 0.070927 
# phi1 = 1.262256 
# phi2 = -2.669312 
# Psi = 
#	1.166875e-02+i(1.642412e-01)
#	9.259207e-01+i(2.951083e-01)
#	-7.675952e-02+i(-1.502618e-01)
#ProbSurv b 1-|Psi|^2 calls E tol dh dh(prev) dh(last)
0.303062384311	1	-4.23306e-12	9001	18	0.0001	0.0001	0.0001	5e-05
