# a = 0.100000
# b = 1.000000
# E = 569.209979
# tol = 0.000100
# s12 = 0.554977
# s13 = 0.152971
# psi0 = 0.822075 + I0.000000	0.548446 + I0.000000	0.152971 + I0.000000
# dh = 0.000100
# out = data/E1.8e2.5_tol1e-4.log
# model = sun
# scan_steps = 100.000000
# H0 = 
#	 0.000000e+00 0.000000e+00 0.000000e+00
#	 0.000000e+00 2.336041e+02 0.000000e+00
#	 0.000000e+00 0.000000e+00 7.645614e+03
# W = 
#	 6.758072e-01 4.508635e-01 1.257533e-01
#	 4.508635e-01 3.007928e-01 8.389608e-02
#	 1.257533e-01 8.389608e-02 2.340000e-02
# H0W = 
#	 0.000000e+00 -1.053236e+02 -9.614611e+02
#	 1.053236e+02 0.000000e+00 -6.218386e+02
#	 9.614611e+02 6.218386e+02 0.000000e+00
# H0H0W = 
#	 0.000000e+00 2.460402e+04 7.350961e+06
#	 2.460402e+04 0.000000e+00 4.609074e+06
#	 7.350961e+06 4.609074e+06 0.000000e+00
# WH0W = 
#	 3.367869e+02 1.193632e+02 -8.987923e+02
#	 1.193632e+02 9.366511e+00 -6.192261e+02
#	 -8.987923e+02 -6.192261e+02 -3.461534e+02
#################################################
##            CALCULATION COMPLETED            ##
#################################################
# Psi[0]^2 = 0.000020 + I0.000000
# Psi[1]^2 = 0.005190 + I0.000000
# Psi[2]^2 = 0.994790 + I0.000000
# phi0 = -2.879972 
# phi1 = 0.358623 
# phi2 = -0.837544 
# Psi = 
#	-1.166965e-03+i(-4.358288e-03)
#	2.528445e-02+i(6.745556e-02)
#	-7.410637e-01+i(6.675438e-01)
#ProbSurv b 1-|Psi|^2 calls E tol dh dh(prev) dh(last)
0.0248528261238	1	-1.91402e-13	9001	569.21	0.0001	0.0001	0.0001	5e-05
