# a = 0.100000
# b = 1.000000
# E = 56.920998
# tol = 0.000100
# s12 = 0.554977
# s13 = 0.152971
# psi0 = 0.822075 + I0.000000	0.548446 + I0.000000	0.152971 + I0.000000
# dh = 0.000100
# out = data/E1.8e1.5_tol1e-4.log
# model = sun
# scan_steps = 100.000000
# H0 = 
#	 0.000000e+00 0.000000e+00 0.000000e+00
#	 0.000000e+00 2.336041e+03 0.000000e+00
#	 0.000000e+00 0.000000e+00 7.645614e+04
# W = 
#	 6.758072e-01 4.508635e-01 1.257533e-01
#	 4.508635e-01 3.007928e-01 8.389608e-02
#	 1.257533e-01 8.389608e-02 2.340000e-02
# H0W = 
#	 0.000000e+00 -1.053236e+03 -9.614611e+03
#	 1.053236e+03 0.000000e+00 -6.218386e+03
#	 9.614611e+03 6.218386e+03 0.000000e+00
# H0H0W = 
#	 0.000000e+00 2.460402e+06 7.350961e+08
#	 2.460402e+06 0.000000e+00 4.609074e+08
#	 7.350961e+08 4.609074e+08 0.000000e+00
# WH0W = 
#	 3.367869e+03 1.193632e+03 -8.987923e+03
#	 1.193632e+03 9.366511e+01 -6.192261e+03
#	 -8.987923e+03 -6.192261e+03 -3.461534e+03
#################################################
##            CALCULATION COMPLETED            ##
#################################################
# Psi[0]^2 = 0.002450 + I0.000000
# Psi[1]^2 = 0.950898 + I0.000000
# Psi[2]^2 = 0.046652 + I0.000000
# phi0 = -0.874595 
# phi1 = -1.697029 
# phi2 = 2.547261 
# Psi = 
#	-3.797816e-02+i(3.174275e-02)
#	-9.673812e-01+i(-1.227678e-01)
#	1.209446e-01+i(-1.789527e-01)
#ProbSurv b 1-|Psi|^2 calls E tol dh dh(prev) dh(last)
0.288770723782	1	-1.11955e-12	9001	56.921	0.0001	0.0001	0.0001	5e-05
