# a = 0.100000
# b = 1.000000
# E = 180.000000
# tol = 0.000100
# s12 = 0.554977
# s13 = 0.152971
# psi0 = 0.822075 + I0.000000	0.548446 + I0.000000	0.152971 + I0.000000
# dh = 0.000100
# out = data/E1.8e2.0_tol1e-4.log
# model = sun
# scan_steps = 100.000000
# H0 = 
#	 0.000000e+00 0.000000e+00 0.000000e+00
#	 0.000000e+00 7.387210e+02 0.000000e+00
#	 0.000000e+00 0.000000e+00 2.417756e+04
# W = 
#	 6.758072e-01 4.508635e-01 1.257533e-01
#	 4.508635e-01 3.007928e-01 8.389608e-02
#	 1.257533e-01 8.389608e-02 2.340000e-02
# H0W = 
#	 0.000000e+00 -3.330624e+02 -3.040407e+03
#	 3.330624e+02 0.000000e+00 -1.966426e+03
#	 3.040407e+03 1.966426e+03 0.000000e+00
# H0H0W = 
#	 0.000000e+00 2.460402e+05 7.350961e+07
#	 2.460402e+05 0.000000e+00 4.609074e+07
#	 7.350961e+07 4.609074e+07 0.000000e+00
# WH0W = 
#	 1.065014e+03 3.774596e+02 -2.842231e+03
#	 3.774596e+02 2.961951e+01 -1.958165e+03
#	 -2.842231e+03 -1.958165e+03 -1.094633e+03
#################################################
##            CALCULATION COMPLETED            ##
#################################################
# Psi[0]^2 = 0.000251 + I0.000000
# Psi[1]^2 = 0.488511 + I0.000000
# Psi[2]^2 = 0.511238 + I0.000000
# phi0 = 2.044980 
# phi1 = 1.532656 
# phi2 = 1.703257 
# Psi = 
#	1.409983e-02+i(-7.236602e-03)
#	6.984272e-01+i(2.665135e-02)
#	7.087455e-01+i(-9.443412e-02)
#ProbSurv b 1-|Psi|^2 calls E tol dh dh(prev) dh(last)
0.159073268524	1	8.10796e-13	9001	180	0.0001	0.0001	0.0001	5e-05
