# a = 0.100000
# b = 1.000000
# E = 1800000.000000
# tol = 0.000100
# s12 = 0.554977
# s13 = 0.152971
# psi0 = 0.822075 + I0.000000	0.548446 + I0.000000	0.152971 + I0.000000
# dh = 0.000100
# out = data/E1.8e6.0_tol1e-4.log
# model = sun
# scan_steps = 100.000000
# H0 = 
#	 0.000000e+00 0.000000e+00 0.000000e+00
#	 0.000000e+00 7.387210e-02 0.000000e+00
#	 0.000000e+00 0.000000e+00 2.417756e+00
# W = 
#	 6.758072e-01 4.508635e-01 1.257533e-01
#	 4.508635e-01 3.007928e-01 8.389608e-02
#	 1.257533e-01 8.389608e-02 2.340000e-02
# H0W = 
#	 0.000000e+00 -3.330624e-02 -3.040407e-01
#	 3.330624e-02 0.000000e+00 -1.966426e-01
#	 3.040407e-01 1.966426e-01 0.000000e+00
# H0H0W = 
#	 0.000000e+00 2.460402e-03 7.350961e-01
#	 2.460402e-03 0.000000e+00 4.609074e-01
#	 7.350961e-01 4.609074e-01 0.000000e+00
# WH0W = 
#	 1.065014e-01 3.774596e-02 -2.842231e-01
#	 3.774596e-02 2.961951e-03 -1.958165e-01
#	 -2.842231e-01 -1.958165e-01 -1.094633e-01
#################################################
##            CALCULATION COMPLETED            ##
#################################################
# Psi[0]^2 = 0.662112 + I0.000000
# Psi[1]^2 = 0.299641 + I0.000000
# Psi[2]^2 = 0.038247 + I0.000000
# phi0 = 2.259032 
# phi1 = 2.269133 
# phi2 = 2.603814 
# Psi = 
#	6.284781e-01+i(-5.168437e-01)
#	4.192566e-01+i(-3.519448e-01)
#	1.001755e-01+i(-1.679628e-01)
#ProbSurv b 1-|Psi|^2 calls E tol dh dh(prev) dh(last)
0.538485033423	1	-9.28146e-14	9001	1.8e+06	0.0001	0.0001	0.0001	5e-05
