# a = 0.100000
# b = 1.000000
# E = 60083.275543
# tol = 0.000100
# s12 = 0.554977
# s13 = 0.152971
# psi0 = 0.822075 + I0.000000	0.548446 + I0.000000	0.152971 + I0.000000
# dh = 0.000100
# out = data/E1.9e4.5_tol1e-4.log
# model = sun
# scan_steps = 100.000000
# H0 = 
#	 0.000000e+00 0.000000e+00 0.000000e+00
#	 0.000000e+00 2.213091e+00 0.000000e+00
#	 0.000000e+00 0.000000e+00 7.243214e+01
# W = 
#	 6.758072e-01 4.508635e-01 1.257533e-01
#	 4.508635e-01 3.007928e-01 8.389608e-02
#	 1.257533e-01 8.389608e-02 2.340000e-02
# H0W = 
#	 0.000000e+00 -9.978023e-01 -9.108579e+00
#	 9.978023e-01 0.000000e+00 -5.891102e+00
#	 9.108579e+00 5.891102e+00 0.000000e+00
# H0H0W = 
#	 0.000000e+00 2.208228e+00 6.597538e+02
#	 2.208228e+00 0.000000e+00 4.136676e+02
#	 6.597538e+02 4.136676e+02 0.000000e+00
# WH0W = 
#	 3.190613e+00 1.130809e+00 -8.514874e+00
#	 1.130809e+00 8.873537e-02 -5.866353e+00
#	 -8.514874e+00 -5.866353e+00 -3.279348e+00
#################################################
##            CALCULATION COMPLETED            ##
#################################################
# Psi[0]^2 = 0.214143 + I0.000000
# Psi[1]^2 = 0.155913 + I0.000000
# Psi[2]^2 = 0.629944 + I0.000000
# phi0 = -2.633134 
# phi1 = -2.322386 
# phi2 = -1.575855 
# Psi = 
#	-2.252842e-01+i(-4.042150e-01)
#	-2.884853e-01+i(-2.696095e-01)
#	-7.936801e-01+i(-4.015299e-03)
#ProbSurv b 1-|Psi|^2 calls E tol dh dh(prev) dh(last)
0.206357419054	1	-1.19238e-13	9001	60083.3	0.0001	0.0001	0.0001	5e-05
