# a = 0.100000
# b = 1.000000
# E = 190000.000000
# tol = 0.000100
# s12 = 0.554977
# s13 = 0.152971
# psi0 = 0.822075 + I0.000000	0.548446 + I0.000000	0.152971 + I0.000000
# dh = 0.000100
# out = data/E1.9e5.0_tol1e-4.log
# model = sun
# scan_steps = 100.000000
# H0 = 
#	 0.000000e+00 0.000000e+00 0.000000e+00
#	 0.000000e+00 6.998410e-01 0.000000e+00
#	 0.000000e+00 0.000000e+00 2.290505e+01
# W = 
#	 6.758072e-01 4.508635e-01 1.257533e-01
#	 4.508635e-01 3.007928e-01 8.389608e-02
#	 1.257533e-01 8.389608e-02 2.340000e-02
# H0W = 
#	 0.000000e+00 -3.155328e-01 -2.880386e+00
#	 3.155328e-01 0.000000e+00 -1.862930e+00
#	 2.880386e+00 1.862930e+00 0.000000e+00
# H0H0W = 
#	 0.000000e+00 2.208228e-01 6.597538e+01
#	 2.208228e-01 0.000000e+00 4.136676e+01
#	 6.597538e+01 4.136676e+01 0.000000e+00
# WH0W = 
#	 1.008960e+00 3.575933e-01 -2.692640e+00
#	 3.575933e-01 2.806059e-02 -1.855104e+00
#	 -2.692640e+00 -1.855104e+00 -1.037021e+00
#################################################
##            CALCULATION COMPLETED            ##
#################################################
# Psi[0]^2 = 0.474275 + I0.000000
# Psi[1]^2 = 0.247044 + I0.000000
# Psi[2]^2 = 0.278680 + I0.000000
# phi0 = 2.710652 
# phi1 = 2.809046 
# phi2 = 0.791225 
# Psi = 
#	2.876780e-01+i(-6.257130e-01)
#	1.622576e-01+i(-4.698049e-01)
#	3.754516e-01+i(3.711017e-01)
#ProbSurv b 1-|Psi|^2 calls E tol dh dh(prev) dh(last)
0.401348973377	1	-1.55875e-13	9001	190000	0.0001	0.0001	0.0001	5e-05
