# a = 0.100000
# b = 1.000000
# E = 6008.327554
# tol = 0.000100
# s12 = 0.554977
# s13 = 0.152971
# psi0 = 0.822075 + I0.000000	0.548446 + I0.000000	0.152971 + I0.000000
# dh = 0.000100
# out = data/E1.9e3.5_tol1e-4.log
# model = sun
# scan_steps = 100.000000
# H0 = 
#	 0.000000e+00 0.000000e+00 0.000000e+00
#	 0.000000e+00 2.213091e+01 0.000000e+00
#	 0.000000e+00 0.000000e+00 7.243214e+02
# W = 
#	 6.758072e-01 4.508635e-01 1.257533e-01
#	 4.508635e-01 3.007928e-01 8.389608e-02
#	 1.257533e-01 8.389608e-02 2.340000e-02
# H0W = 
#	 0.000000e+00 -9.978023e+00 -9.108579e+01
#	 9.978023e+00 0.000000e+00 -5.891102e+01
#	 9.108579e+01 5.891102e+01 0.000000e+00
# H0H0W = 
#	 0.000000e+00 2.208228e+02 6.597538e+04
#	 2.208228e+02 0.000000e+00 4.136676e+04
#	 6.597538e+04 4.136676e+04 0.000000e+00
# WH0W = 
#	 3.190613e+01 1.130809e+01 -8.514874e+01
#	 1.130809e+01 8.873537e-01 -5.866353e+01
#	 -8.514874e+01 -5.866353e+01 -3.279348e+01
#################################################
##            CALCULATION COMPLETED            ##
#################################################
# Psi[0]^2 = 0.000002 + I0.000000
# Psi[1]^2 = 0.000046 + I0.000000
# Psi[2]^2 = 0.999952 + I0.000000
# phi0 = -0.208205 
# phi1 = -1.034687 
# phi2 = -1.149667 
# Psi = 
#	-2.768415e-04+i(1.310391e-03)
#	-5.850784e-03+i(3.476264e-03)
#	-9.126059e-01+i(4.087816e-01)
#ProbSurv b 1-|Psi|^2 calls E tol dh dh(prev) dh(last)
0.0234140180124	1	-6.59472e-14	9001	6008.33	0.0001	0.0001	0.0001	5e-05
