# a = 0.100000
# b = 1.000000
# E = 600.832755
# tol = 0.000100
# s12 = 0.554977
# s13 = 0.152971
# psi0 = 0.822075 + I0.000000	0.548446 + I0.000000	0.152971 + I0.000000
# dh = 0.000100
# out = data/E1.9e2.5_tol1e-4.log
# model = sun
# scan_steps = 100.000000
# H0 = 
#	 0.000000e+00 0.000000e+00 0.000000e+00
#	 0.000000e+00 2.213091e+02 0.000000e+00
#	 0.000000e+00 0.000000e+00 7.243214e+03
# W = 
#	 6.758072e-01 4.508635e-01 1.257533e-01
#	 4.508635e-01 3.007928e-01 8.389608e-02
#	 1.257533e-01 8.389608e-02 2.340000e-02
# H0W = 
#	 0.000000e+00 -9.978023e+01 -9.108579e+02
#	 9.978023e+01 0.000000e+00 -5.891102e+02
#	 9.108579e+02 5.891102e+02 0.000000e+00
# H0H0W = 
#	 0.000000e+00 2.208228e+04 6.597538e+06
#	 2.208228e+04 0.000000e+00 4.136676e+06
#	 6.597538e+06 4.136676e+06 0.000000e+00
# WH0W = 
#	 3.190613e+02 1.130809e+02 -8.514874e+02
#	 1.130809e+02 8.873537e+00 -5.866353e+02
#	 -8.514874e+02 -5.866353e+02 -3.279348e+02
#################################################
##            CALCULATION COMPLETED            ##
#################################################
# Psi[0]^2 = 0.000018 + I0.000000
# Psi[1]^2 = 0.004453 + I0.000000
# Psi[2]^2 = 0.995529 + I0.000000
# phi0 = 0.104884 
# phi1 = -2.836692 
# phi2 = 3.128100 
# Psi = 
#	4.450108e-04+i(4.227319e-03)
#	-2.003240e-02+i(-6.365279e-02)
#	1.346208e-02+i(-9.976712e-01)
#ProbSurv b 1-|Psi|^2 calls E tol dh dh(prev) dh(last)
0.0246470111455	1	-1.58762e-13	9001	600.833	0.0001	0.0001	0.0001	5e-05
