# a = 0.100000
# b = 1.000000
# E = 1900.000000
# tol = 0.000100
# s12 = 0.554977
# s13 = 0.152971
# psi0 = 0.822075 + I0.000000	0.548446 + I0.000000	0.152971 + I0.000000
# dh = 0.000100
# out = data/E1.9e3.0_tol1e-4.log
# model = sun
# scan_steps = 100.000000
# H0 = 
#	 0.000000e+00 0.000000e+00 0.000000e+00
#	 0.000000e+00 6.998410e+01 0.000000e+00
#	 0.000000e+00 0.000000e+00 2.290505e+03
# W = 
#	 6.758072e-01 4.508635e-01 1.257533e-01
#	 4.508635e-01 3.007928e-01 8.389608e-02
#	 1.257533e-01 8.389608e-02 2.340000e-02
# H0W = 
#	 0.000000e+00 -3.155328e+01 -2.880386e+02
#	 3.155328e+01 0.000000e+00 -1.862930e+02
#	 2.880386e+02 1.862930e+02 0.000000e+00
# H0H0W = 
#	 0.000000e+00 2.208228e+03 6.597538e+05
#	 2.208228e+03 0.000000e+00 4.136676e+05
#	 6.597538e+05 4.136676e+05 0.000000e+00
# WH0W = 
#	 1.008960e+02 3.575933e+01 -2.692640e+02
#	 3.575933e+01 2.806059e+00 -1.855104e+02
#	 -2.692640e+02 -1.855104e+02 -1.037021e+02
#################################################
##            CALCULATION COMPLETED            ##
#################################################
# Psi[0]^2 = 0.000002 + I0.000000
# Psi[1]^2 = 0.000271 + I0.000000
# Psi[2]^2 = 0.999727 + I0.000000
# phi0 = -1.407970 
# phi1 = -1.844869 
# phi2 = 2.907735 
# Psi = 
#	-1.489224e-03+i(2.446509e-04)
#	-1.583648e-02+i(-4.452388e-03)
#	2.317001e-01+i(-9.726470e-01)
#ProbSurv b 1-|Psi|^2 calls E tol dh dh(prev) dh(last)
0.0234765533888	1	-2.68674e-14	9001	1900	0.0001	0.0001	0.0001	5e-05
