# a = 0.100000
# b = 1.000000
# E = 0.190000
# tol = 0.000100
# s12 = 0.554977
# s13 = 0.152971
# psi0 = 0.822075 + I0.000000	0.548446 + I0.000000	0.152971 + I0.000000
# dh = 0.000100
# out = data/E1.9e-1.0_tol1e-4.log
# model = sun
# scan_steps = 100.000000
# H0 = 
#	 0.000000e+00 0.000000e+00 0.000000e+00
#	 0.000000e+00 6.998410e+05 0.000000e+00
#	 0.000000e+00 0.000000e+00 2.290505e+07
# W = 
#	 6.758072e-01 4.508635e-01 1.257533e-01
#	 4.508635e-01 3.007928e-01 8.389608e-02
#	 1.257533e-01 8.389608e-02 2.340000e-02
# H0W = 
#	 0.000000e+00 -3.155328e+05 -2.880386e+06
#	 3.155328e+05 0.000000e+00 -1.862930e+06
#	 2.880386e+06 1.862930e+06 0.000000e+00
# H0H0W = 
#	 0.000000e+00 2.208228e+11 6.597538e+13
#	 2.208228e+11 0.000000e+00 4.136676e+13
#	 6.597538e+13 4.136676e+13 0.000000e+00
# WH0W = 
#	 1.008960e+06 3.575933e+05 -2.692640e+06
#	 3.575933e+05 2.806059e+04 -1.855104e+06
#	 -2.692640e+06 -1.855104e+06 -1.037021e+06
#################################################
##            CALCULATION COMPLETED            ##
#################################################
# Psi[0]^2 = 0.662178 + I0.000000
# Psi[1]^2 = 0.314375 + I0.000000
# Psi[2]^2 = 0.023446 + I0.000000
# phi0 = -2.189788 
# phi1 = -2.147706 
# phi2 = 3.074080 
# Psi = 
#	-6.627645e-01+i(-4.721454e-01)
#	-4.699452e-01+i(-3.058218e-01)
#	1.032988e-02+i(-1.527733e-01)
#ProbSurv b 1-|Psi|^2 calls E tol dh dh(prev) dh(last)
0.542615278957	1	4.9984e-10	4441557	0.19	0.0001	0.0001	2.02632e-07	1.70624e-07
