# a = 0.100000
# b = 1.000000
# E = 1900000.000000
# tol = 0.000100
# s12 = 0.554977
# s13 = 0.152971
# psi0 = 0.822075 + I0.000000	0.548446 + I0.000000	0.152971 + I0.000000
# dh = 0.000100
# out = data/E1.9e6.0_tol1e-4.log
# model = sun
# scan_steps = 100.000000
# H0 = 
#	 0.000000e+00 0.000000e+00 0.000000e+00
#	 0.000000e+00 6.998410e-02 0.000000e+00
#	 0.000000e+00 0.000000e+00 2.290505e+00
# W = 
#	 6.758072e-01 4.508635e-01 1.257533e-01
#	 4.508635e-01 3.007928e-01 8.389608e-02
#	 1.257533e-01 8.389608e-02 2.340000e-02
# H0W = 
#	 0.000000e+00 -3.155328e-02 -2.880386e-01
#	 3.155328e-02 0.000000e+00 -1.862930e-01
#	 2.880386e-01 1.862930e-01 0.000000e+00
# H0H0W = 
#	 0.000000e+00 2.208228e-03 6.597538e-01
#	 2.208228e-03 0.000000e+00 4.136676e-01
#	 6.597538e-01 4.136676e-01 0.000000e+00
# WH0W = 
#	 1.008960e-01 3.575933e-02 -2.692640e-01
#	 3.575933e-02 2.806059e-03 -1.855104e-01
#	 -2.692640e-01 -1.855104e-01 -1.037021e-01
#################################################
##            CALCULATION COMPLETED            ##
#################################################
# Psi[0]^2 = 0.662923 + I0.000000
# Psi[1]^2 = 0.299745 + I0.000000
# Psi[2]^2 = 0.037332 + I0.000000
# phi0 = 2.255825 
# phi1 = 2.265395 
# phi2 = 2.581791 
# Psi = 
#	6.305183e-01+i(-5.151409e-01)
#	4.206421e-01+i(-3.504358e-01)
#	1.025999e-01+i(-1.637217e-01)
#ProbSurv b 1-|Psi|^2 calls E tol dh dh(prev) dh(last)
0.539043157538	1	-1.60538e-13	9001	1.9e+06	0.0001	0.0001	0.0001	5e-05
