# a = 0.100000
# b = 1.000000
# E = 1.900000
# tol = 0.000100
# s12 = 0.554977
# s13 = 0.152971
# psi0 = 0.822075 + I0.000000	0.548446 + I0.000000	0.152971 + I0.000000
# dh = 0.000100
# out = data/E1.9e0.0_tol1e-4.log
# model = sun
# scan_steps = 100.000000
# H0 = 
#	 0.000000e+00 0.000000e+00 0.000000e+00
#	 0.000000e+00 6.998410e+04 0.000000e+00
#	 0.000000e+00 0.000000e+00 2.290505e+06
# W = 
#	 6.758072e-01 4.508635e-01 1.257533e-01
#	 4.508635e-01 3.007928e-01 8.389608e-02
#	 1.257533e-01 8.389608e-02 2.340000e-02
# H0W = 
#	 0.000000e+00 -3.155328e+04 -2.880386e+05
#	 3.155328e+04 0.000000e+00 -1.862930e+05
#	 2.880386e+05 1.862930e+05 0.000000e+00
# H0H0W = 
#	 0.000000e+00 2.208228e+09 6.597538e+11
#	 2.208228e+09 0.000000e+00 4.136676e+11
#	 6.597538e+11 4.136676e+11 0.000000e+00
# WH0W = 
#	 1.008960e+05 3.575933e+04 -2.692640e+05
#	 3.575933e+04 2.806059e+03 -1.855104e+05
#	 -2.692640e+05 -1.855104e+05 -1.037021e+05
#################################################
##            CALCULATION COMPLETED            ##
#################################################
# Psi[0]^2 = 0.521440 + I0.000000
# Psi[1]^2 = 0.454690 + I0.000000
# Psi[2]^2 = 0.023870 + I0.000000
# phi0 = 2.062389 
# phi1 = -2.559348 
# phi2 = 0.778621 
# Psi = 
#	6.365978e-01+i(-3.408570e-01)
#	-3.708016e-01+i(-5.632016e-01)
#	1.085044e-01+i(1.099852e-01)
#ProbSurv b 1-|Psi|^2 calls E tol dh dh(prev) dh(last)
0.489719037286	1	2.94752e-11	204398	1.9	0.0001	0.0001	4.40321e-06	3.34687e-06
