# a = 0.100000
# b = 1.000000
# E = 63.245553
# tol = 0.000100
# s12 = 0.554977
# s13 = 0.152971
# psi0 = 0.822075 + I0.000000	0.548446 + I0.000000	0.152971 + I0.000000
# dh = 0.000100
# out = data/E2.0e1.5_tol1e-4.log
# model = sun
# scan_steps = 100.000000
# H0 = 
#	 0.000000e+00 0.000000e+00 0.000000e+00
#	 0.000000e+00 2.102437e+03 0.000000e+00
#	 0.000000e+00 0.000000e+00 6.881053e+04
# W = 
#	 6.758072e-01 4.508635e-01 1.257533e-01
#	 4.508635e-01 3.007928e-01 8.389608e-02
#	 1.257533e-01 8.389608e-02 2.340000e-02
# H0W = 
#	 0.000000e+00 -9.479122e+02 -8.653150e+03
#	 9.479122e+02 0.000000e+00 -5.596547e+03
#	 8.653150e+03 5.596547e+03 0.000000e+00
# H0H0W = 
#	 0.000000e+00 1.992926e+06 5.954278e+08
#	 1.992926e+06 0.000000e+00 3.733350e+08
#	 5.954278e+08 3.733350e+08 0.000000e+00
# WH0W = 
#	 3.031082e+03 1.074269e+03 -8.089130e+03
#	 1.074269e+03 8.429860e+01 -5.573035e+03
#	 -8.089130e+03 -5.573035e+03 -3.115381e+03
#################################################
##            CALCULATION COMPLETED            ##
#################################################
# Psi[0]^2 = 0.001956 + I0.000000
# Psi[1]^2 = 0.946315 + I0.000000
# Psi[2]^2 = 0.051729 + I0.000000
# phi0 = 2.142562 
# phi1 = -2.663750 
# phi2 = 2.938897 
# Psi = 
#	3.719663e-02+i(-2.393464e-02)
#	-4.473505e-01+i(-8.638243e-01)
#	4.578590e-02+i(-2.227832e-01)
#ProbSurv b 1-|Psi|^2 calls E tol dh dh(prev) dh(last)
0.287177335277	1	-1.2006e-12	9001	63.2456	0.0001	0.0001	0.0001	5e-05
