# a = 0.100000
# b = 1.000000
# E = 0.200000
# tol = 0.000100
# s12 = 0.554977
# s13 = 0.152971
# psi0 = 0.822075 + I0.000000	0.548446 + I0.000000	0.152971 + I0.000000
# dh = 0.000100
# out = data/E2.0e-1.0_tol1e-4.log
# model = sun
# scan_steps = 100.000000
# H0 = 
#	 0.000000e+00 0.000000e+00 0.000000e+00
#	 0.000000e+00 6.648489e+05 0.000000e+00
#	 0.000000e+00 0.000000e+00 2.175980e+07
# W = 
#	 6.758072e-01 4.508635e-01 1.257533e-01
#	 4.508635e-01 3.007928e-01 8.389608e-02
#	 1.257533e-01 8.389608e-02 2.340000e-02
# H0W = 
#	 0.000000e+00 -2.997561e+05 -2.736366e+06
#	 2.997561e+05 0.000000e+00 -1.769784e+06
#	 2.736366e+06 1.769784e+06 0.000000e+00
# H0H0W = 
#	 0.000000e+00 1.992926e+11 5.954278e+13
#	 1.992926e+11 0.000000e+00 3.733350e+13
#	 5.954278e+13 3.733350e+13 0.000000e+00
# WH0W = 
#	 9.585123e+05 3.397136e+05 -2.558008e+06
#	 3.397136e+05 2.665756e+04 -1.762348e+06
#	 -2.558008e+06 -1.762348e+06 -9.851699e+05
#################################################
##            CALCULATION COMPLETED            ##
#################################################
# Psi[0]^2 = 0.661447 + I0.000000
# Psi[1]^2 = 0.315104 + I0.000000
# Psi[2]^2 = 0.023449 + I0.000000
# phi0 = -2.580341 
# phi1 = 3.005485 
# phi2 = 0.842024 
# Psi = 
#	-4.328729e-01+i(-6.885261e-01)
#	7.616738e-02+i(-5.561497e-01)
#	1.142340e-01+i(1.019776e-01)
#ProbSurv b 1-|Psi|^2 calls E tol dh dh(prev) dh(last)
0.542340483124	1	1.61434e-10	2369266	0.2	0.0001	0.0001	3.79865e-07	3.65452e-07
