# a = 0.100000
# b = 1.000000
# E = 20.000000
# tol = 0.000100
# s12 = 0.554977
# s13 = 0.152971
# psi0 = 0.822075 + I0.000000	0.548446 + I0.000000	0.152971 + I0.000000
# dh = 0.000100
# out = data/E2.0e1.0_tol1e-4.log
# model = sun
# scan_steps = 100.000000
# H0 = 
#	 0.000000e+00 0.000000e+00 0.000000e+00
#	 0.000000e+00 6.648489e+03 0.000000e+00
#	 0.000000e+00 0.000000e+00 2.175980e+05
# W = 
#	 6.758072e-01 4.508635e-01 1.257533e-01
#	 4.508635e-01 3.007928e-01 8.389608e-02
#	 1.257533e-01 8.389608e-02 2.340000e-02
# H0W = 
#	 0.000000e+00 -2.997561e+03 -2.736366e+04
#	 2.997561e+03 0.000000e+00 -1.769784e+04
#	 2.736366e+04 1.769784e+04 0.000000e+00
# H0H0W = 
#	 0.000000e+00 1.992926e+07 5.954278e+09
#	 1.992926e+07 0.000000e+00 3.733350e+09
#	 5.954278e+09 3.733350e+09 0.000000e+00
# WH0W = 
#	 9.585123e+03 3.397136e+03 -2.558008e+04
#	 3.397136e+03 2.665756e+02 -1.762348e+04
#	 -2.558008e+04 -1.762348e+04 -9.851699e+03
#################################################
##            CALCULATION COMPLETED            ##
#################################################
# Psi[0]^2 = 0.021679 + I0.000000
# Psi[1]^2 = 0.949190 + I0.000000
# Psi[2]^2 = 0.029131 + I0.000000
# phi0 = 2.961125 
# phi1 = -0.763479 
# phi2 = 2.788924 
# Psi = 
#	2.642789e-02+i(-1.448482e-01)
#	-6.736439e-01+i(7.038423e-01)
#	5.895240e-02+i(-1.601723e-01)
#ProbSurv b 1-|Psi|^2 calls E tol dh dh(prev) dh(last)
  0.3008422915	1	-4.38694e-12	9001	20	0.0001	0.0001	0.0001	5e-05
