# a = 0.100000
# b = 1.000000
# E = 6.324555
# tol = 0.000100
# s12 = 0.554977
# s13 = 0.152971
# psi0 = 0.822075 + I0.000000	0.548446 + I0.000000	0.152971 + I0.000000
# dh = 0.000100
# out = data/E2.0e0.5_tol1e-4.log
# model = sun
# scan_steps = 100.000000
# H0 = 
#	 0.000000e+00 0.000000e+00 0.000000e+00
#	 0.000000e+00 2.102437e+04 0.000000e+00
#	 0.000000e+00 0.000000e+00 6.881053e+05
# W = 
#	 6.758072e-01 4.508635e-01 1.257533e-01
#	 4.508635e-01 3.007928e-01 8.389608e-02
#	 1.257533e-01 8.389608e-02 2.340000e-02
# H0W = 
#	 0.000000e+00 -9.479122e+03 -8.653150e+04
#	 9.479122e+03 0.000000e+00 -5.596547e+04
#	 8.653150e+04 5.596547e+04 0.000000e+00
# H0H0W = 
#	 0.000000e+00 1.992926e+08 5.954278e+10
#	 1.992926e+08 0.000000e+00 3.733350e+10
#	 5.954278e+10 3.733350e+10 0.000000e+00
# WH0W = 
#	 3.031082e+04 1.074269e+04 -8.089130e+04
#	 1.074269e+04 8.429860e+02 -5.573035e+04
#	 -8.089130e+04 -5.573035e+04 -3.115381e+04
#################################################
##            CALCULATION COMPLETED            ##
#################################################
# Psi[0]^2 = 0.197599 + I0.000000
# Psi[1]^2 = 0.777382 + I0.000000
# Psi[2]^2 = 0.025019 + I0.000000
# phi0 = 1.874028 
# phi1 = -2.752716 
# phi2 = 2.085607 
# Psi = 
#	4.242406e-01+i(-1.327365e-01)
#	-3.342927e-01+i(-8.158615e-01)
#	1.376731e-01+i(-7.788056e-02)
#ProbSurv b 1-|Psi|^2 calls E tol dh dh(prev) dh(last)
0.367955132267	1	-1.18534e-11	30579	6.32456	0.0001	0.0001	2.94338e-05	1.59357e-05
