# a = 0.100000
# b = 1.000000
# E = 632.455532
# tol = 0.000100
# s12 = 0.554977
# s13 = 0.152971
# psi0 = 0.822075 + I0.000000	0.548446 + I0.000000	0.152971 + I0.000000
# dh = 0.000100
# out = data/E2.0e2.5_tol1e-4.log
# model = sun
# scan_steps = 100.000000
# H0 = 
#	 0.000000e+00 0.000000e+00 0.000000e+00
#	 0.000000e+00 2.102437e+02 0.000000e+00
#	 0.000000e+00 0.000000e+00 6.881053e+03
# W = 
#	 6.758072e-01 4.508635e-01 1.257533e-01
#	 4.508635e-01 3.007928e-01 8.389608e-02
#	 1.257533e-01 8.389608e-02 2.340000e-02
# H0W = 
#	 0.000000e+00 -9.479122e+01 -8.653150e+02
#	 9.479122e+01 0.000000e+00 -5.596547e+02
#	 8.653150e+02 5.596547e+02 0.000000e+00
# H0H0W = 
#	 0.000000e+00 1.992926e+04 5.954278e+06
#	 1.992926e+04 0.000000e+00 3.733350e+06
#	 5.954278e+06 3.733350e+06 0.000000e+00
# WH0W = 
#	 3.031082e+02 1.074269e+02 -8.089130e+02
#	 1.074269e+02 8.429860e+00 -5.573035e+02
#	 -8.089130e+02 -5.573035e+02 -3.115381e+02
#################################################
##            CALCULATION COMPLETED            ##
#################################################
# Psi[0]^2 = 0.000021 + I0.000000
# Psi[1]^2 = 0.003857 + I0.000000
# Psi[2]^2 = 0.996122 + I0.000000
# phi0 = -2.893357 
# phi1 = -2.984074 
# phi2 = -2.904630 
# Psi = 
#	-1.118203e-03+i(-4.411701e-03)
#	-9.742811e-03+i(-6.133936e-02)
#	-2.342960e-01+i(-9.701687e-01)
#ProbSurv b 1-|Psi|^2 calls E tol dh dh(prev) dh(last)
0.0244835396777	1	-1.32783e-13	9001	632.456	0.0001	0.0001	0.0001	5e-05
