# a = 0.100000
# b = 1.000000
# E = 632455.532034
# tol = 0.000100
# s12 = 0.554977
# s13 = 0.152971
# psi0 = 0.822075 + I0.000000	0.548446 + I0.000000	0.152971 + I0.000000
# dh = 0.000100
# out = data/E2.0e5.5_tol1e-4.log
# model = sun
# scan_steps = 100.000000
# H0 = 
#	 0.000000e+00 0.000000e+00 0.000000e+00
#	 0.000000e+00 2.102437e-01 0.000000e+00
#	 0.000000e+00 0.000000e+00 6.881053e+00
# W = 
#	 6.758072e-01 4.508635e-01 1.257533e-01
#	 4.508635e-01 3.007928e-01 8.389608e-02
#	 1.257533e-01 8.389608e-02 2.340000e-02
# H0W = 
#	 0.000000e+00 -9.479122e-02 -8.653150e-01
#	 9.479122e-02 0.000000e+00 -5.596547e-01
#	 8.653150e-01 5.596547e-01 0.000000e+00
# H0H0W = 
#	 0.000000e+00 1.992926e-02 5.954278e+00
#	 1.992926e-02 0.000000e+00 3.733350e+00
#	 5.954278e+00 3.733350e+00 0.000000e+00
# WH0W = 
#	 3.031082e-01 1.074269e-01 -8.089130e-01
#	 1.074269e-01 8.429860e-03 -5.573035e-01
#	 -8.089130e-01 -5.573035e-01 -3.115381e-01
#################################################
##            CALCULATION COMPLETED            ##
#################################################
# Psi[0]^2 = 0.627034 + I0.000000
# Psi[1]^2 = 0.292727 + I0.000000
# Psi[2]^2 = 0.080239 + I0.000000
# phi0 = 2.371258 
# phi1 = 2.400025 
# phi2 = -2.861649 
# Psi = 
#	5.514280e-01+i(-5.682967e-01)
#	3.654440e-01+i(-3.989704e-01)
#	-7.826671e-02+i(-2.722381e-01)
#ProbSurv b 1-|Psi|^2 calls E tol dh dh(prev) dh(last)
0.513681817023	1	-1.00808e-13	9001	632456	0.0001	0.0001	0.0001	5e-05
