# a = 0.100000
# b = 1.000000
# E = 200000.000000
# tol = 0.000100
# s12 = 0.554977
# s13 = 0.152971
# psi0 = 0.822075 + I0.000000	0.548446 + I0.000000	0.152971 + I0.000000
# dh = 0.000100
# out = data/E2.0e5.0_tol1e-4.log
# model = sun
# scan_steps = 100.000000
# H0 = 
#	 0.000000e+00 0.000000e+00 0.000000e+00
#	 0.000000e+00 6.648489e-01 0.000000e+00
#	 0.000000e+00 0.000000e+00 2.175980e+01
# W = 
#	 6.758072e-01 4.508635e-01 1.257533e-01
#	 4.508635e-01 3.007928e-01 8.389608e-02
#	 1.257533e-01 8.389608e-02 2.340000e-02
# H0W = 
#	 0.000000e+00 -2.997561e-01 -2.736366e+00
#	 2.997561e-01 0.000000e+00 -1.769784e+00
#	 2.736366e+00 1.769784e+00 0.000000e+00
# H0H0W = 
#	 0.000000e+00 1.992926e-01 5.954278e+01
#	 1.992926e-01 0.000000e+00 3.733350e+01
#	 5.954278e+01 3.733350e+01 0.000000e+00
# WH0W = 
#	 9.585123e-01 3.397136e-01 -2.558008e+00
#	 3.397136e-01 2.665756e-02 -1.762348e+00
#	 -2.558008e+00 -1.762348e+00 -9.851699e-01
#################################################
##            CALCULATION COMPLETED            ##
#################################################
# Psi[0]^2 = 0.481962 + I0.000000
# Psi[1]^2 = 0.249216 + I0.000000
# Psi[2]^2 = 0.268822 + I0.000000
# phi0 = 2.689021 
# phi1 = 2.782505 
# phi2 = 0.489182 
# Psi = 
#	3.035747e-01+i(-6.243433e-01)
#	1.754342e-01+i(-4.673743e-01)
#	2.436358e-01+i(4.576719e-01)
#ProbSurv b 1-|Psi|^2 calls E tol dh dh(prev) dh(last)
 0.40696627859	1	-1.18794e-13	9001	200000	0.0001	0.0001	0.0001	5e-05
