# a = 0.100000
# b = 1.000000
# E = 20000.000000
# tol = 0.000100
# s12 = 0.554977
# s13 = 0.152971
# psi0 = 0.822075 + I0.000000	0.548446 + I0.000000	0.152971 + I0.000000
# dh = 0.000100
# out = data/E2.0e4.0_tol1e-4.log
# model = sun
# scan_steps = 100.000000
# H0 = 
#	 0.000000e+00 0.000000e+00 0.000000e+00
#	 0.000000e+00 6.648489e+00 0.000000e+00
#	 0.000000e+00 0.000000e+00 2.175980e+02
# W = 
#	 6.758072e-01 4.508635e-01 1.257533e-01
#	 4.508635e-01 3.007928e-01 8.389608e-02
#	 1.257533e-01 8.389608e-02 2.340000e-02
# H0W = 
#	 0.000000e+00 -2.997561e+00 -2.736366e+01
#	 2.997561e+00 0.000000e+00 -1.769784e+01
#	 2.736366e+01 1.769784e+01 0.000000e+00
# H0H0W = 
#	 0.000000e+00 1.992926e+01 5.954278e+03
#	 1.992926e+01 0.000000e+00 3.733350e+03
#	 5.954278e+03 3.733350e+03 0.000000e+00
# WH0W = 
#	 9.585123e+00 3.397136e+00 -2.558008e+01
#	 3.397136e+00 2.665756e-01 -1.762348e+01
#	 -2.558008e+01 -1.762348e+01 -9.851699e+00
#################################################
##            CALCULATION COMPLETED            ##
#################################################
# Psi[0]^2 = 0.017047 + I0.000000
# Psi[1]^2 = 0.032657 + I0.000000
# Psi[2]^2 = 0.950296 + I0.000000
# phi0 = -0.251693 
# phi1 = 0.734287 
# phi2 = -1.016635 
# Psi = 
#	-3.251580e-02+i(1.264489e-01)
#	1.210878e-01+i(1.341444e-01)
#	-8.289405e-01+i(5.129855e-01)
#ProbSurv b 1-|Psi|^2 calls E tol dh dh(prev) dh(last)
 0.04358014007	1	-9.05942e-14	9001	20000	0.0001	0.0001	0.0001	5e-05
