# a = 0.100000
# b = 1.000000
# E = 63245.553203
# tol = 0.000100
# s12 = 0.554977
# s13 = 0.152971
# psi0 = 0.822075 + I0.000000	0.548446 + I0.000000	0.152971 + I0.000000
# dh = 0.000100
# out = data/E2.0e4.5_tol1e-4.log
# model = sun
# scan_steps = 100.000000
# H0 = 
#	 0.000000e+00 0.000000e+00 0.000000e+00
#	 0.000000e+00 2.102437e+00 0.000000e+00
#	 0.000000e+00 0.000000e+00 6.881053e+01
# W = 
#	 6.758072e-01 4.508635e-01 1.257533e-01
#	 4.508635e-01 3.007928e-01 8.389608e-02
#	 1.257533e-01 8.389608e-02 2.340000e-02
# H0W = 
#	 0.000000e+00 -9.479122e-01 -8.653150e+00
#	 9.479122e-01 0.000000e+00 -5.596547e+00
#	 8.653150e+00 5.596547e+00 0.000000e+00
# H0H0W = 
#	 0.000000e+00 1.992926e+00 5.954278e+02
#	 1.992926e+00 0.000000e+00 3.733350e+02
#	 5.954278e+02 3.733350e+02 0.000000e+00
# WH0W = 
#	 3.031082e+00 1.074269e+00 -8.089130e+00
#	 1.074269e+00 8.429860e-02 -5.573035e+00
#	 -8.089130e+00 -5.573035e+00 -3.115381e+00
#################################################
##            CALCULATION COMPLETED            ##
#################################################
# Psi[0]^2 = 0.227981 + I0.000000
# Psi[1]^2 = 0.161414 + I0.000000
# Psi[2]^2 = 0.610606 + I0.000000
# phi0 = -2.703112 
# phi1 = -2.407231 
# phi2 = -2.933076 
# Psi = 
#	-2.027183e-01+i(-4.323033e-01)
#	-2.692267e-01+i(-2.982122e-01)
#	-1.617593e-01+i(-7.644865e-01)
#ProbSurv b 1-|Psi|^2 calls E tol dh dh(prev) dh(last)
0.216911306679	1	-1.23457e-13	9001	63245.6	0.0001	0.0001	0.0001	5e-05
