# a = 0.100000
# b = 1.000000
# E = 2.000000
# tol = 0.000100
# s12 = 0.554977
# s13 = 0.152971
# psi0 = 0.822075 + I0.000000	0.548446 + I0.000000	0.152971 + I0.000000
# dh = 0.000100
# out = data/E2.0e0.0_tol1e-4.log
# model = sun
# scan_steps = 100.000000
# H0 = 
#	 0.000000e+00 0.000000e+00 0.000000e+00
#	 0.000000e+00 6.648489e+04 0.000000e+00
#	 0.000000e+00 0.000000e+00 2.175980e+06
# W = 
#	 6.758072e-01 4.508635e-01 1.257533e-01
#	 4.508635e-01 3.007928e-01 8.389608e-02
#	 1.257533e-01 8.389608e-02 2.340000e-02
# H0W = 
#	 0.000000e+00 -2.997561e+04 -2.736366e+05
#	 2.997561e+04 0.000000e+00 -1.769784e+05
#	 2.736366e+05 1.769784e+05 0.000000e+00
# H0H0W = 
#	 0.000000e+00 1.992926e+09 5.954278e+11
#	 1.992926e+09 0.000000e+00 3.733350e+11
#	 5.954278e+11 3.733350e+11 0.000000e+00
# WH0W = 
#	 9.585123e+04 3.397136e+04 -2.558008e+05
#	 3.397136e+04 2.665756e+03 -1.762348e+05
#	 -2.558008e+05 -1.762348e+05 -9.851699e+04
#################################################
##            CALCULATION COMPLETED            ##
#################################################
# Psi[0]^2 = 0.512545 + I0.000000
# Psi[1]^2 = 0.463560 + I0.000000
# Psi[2]^2 = 0.023895 + I0.000000
# phi0 = -2.336714 
# phi1 = 0.417716 
# phi2 = -2.572971 
# Psi = 
#	-5.159984e-01+i(-4.962764e-01)
#	2.762040e-01+i(6.223115e-01)
#	-8.323699e-02+i(-1.302562e-01)
#ProbSurv b 1-|Psi|^2 calls E tol dh dh(prev) dh(last)
0.486376112107	1	2.71395e-11	191055	2	0.0001	0.0001	4.71073e-06	3.27451e-06
