# a = 0.100000
# b = 1.000000
# E = 2000.000000
# tol = 0.000100
# s12 = 0.554977
# s13 = 0.152971
# psi0 = 0.822075 + I0.000000	0.548446 + I0.000000	0.152971 + I0.000000
# dh = 0.000100
# out = data/E2.0e3.0_tol1e-4.log
# model = sun
# scan_steps = 100.000000
# H0 = 
#	 0.000000e+00 0.000000e+00 0.000000e+00
#	 0.000000e+00 6.648489e+01 0.000000e+00
#	 0.000000e+00 0.000000e+00 2.175980e+03
# W = 
#	 6.758072e-01 4.508635e-01 1.257533e-01
#	 4.508635e-01 3.007928e-01 8.389608e-02
#	 1.257533e-01 8.389608e-02 2.340000e-02
# H0W = 
#	 0.000000e+00 -2.997561e+01 -2.736366e+02
#	 2.997561e+01 0.000000e+00 -1.769784e+02
#	 2.736366e+02 1.769784e+02 0.000000e+00
# H0H0W = 
#	 0.000000e+00 1.992926e+03 5.954278e+05
#	 1.992926e+03 0.000000e+00 3.733350e+05
#	 5.954278e+05 3.733350e+05 0.000000e+00
# WH0W = 
#	 9.585123e+01 3.397136e+01 -2.558008e+02
#	 3.397136e+01 2.665756e+00 -1.762348e+02
#	 -2.558008e+02 -1.762348e+02 -9.851699e+01
#################################################
##            CALCULATION COMPLETED            ##
#################################################
# Psi[0]^2 = 0.000002 + I0.000000
# Psi[1]^2 = 0.000242 + I0.000000
# Psi[2]^2 = 0.999756 + I0.000000
# phi0 = -2.457831 
# phi1 = -2.353133 
# phi2 = -1.053580 
# Psi = 
#	-9.745022e-04+i(-1.195852e-03)
#	-1.103529e-02+i(-1.096793e-02)
#	-8.690927e-01+i(4.944020e-01)
#ProbSurv b 1-|Psi|^2 calls E tol dh dh(prev) dh(last)
0.0234687018962	1	1.36557e-14	9001	2000	0.0001	0.0001	0.0001	5e-05
