# a = 0.100000
# b = 1.000000
# E = 2100000.000000
# tol = 0.000100
# s12 = 0.554977
# s13 = 0.152971
# psi0 = 0.822075 + I0.000000	0.548446 + I0.000000	0.152971 + I0.000000
# dh = 0.000100
# out = data/E2.1e6.0_tol1e-4.log
# model = sun
# scan_steps = 100.000000
# H0 = 
#	 0.000000e+00 0.000000e+00 0.000000e+00
#	 0.000000e+00 6.331895e-02 0.000000e+00
#	 0.000000e+00 0.000000e+00 2.072362e+00
# W = 
#	 6.758072e-01 4.508635e-01 1.257533e-01
#	 4.508635e-01 3.007928e-01 8.389608e-02
#	 1.257533e-01 8.389608e-02 2.340000e-02
# H0W = 
#	 0.000000e+00 -2.854820e-02 -2.606063e-01
#	 2.854820e-02 0.000000e+00 -1.685508e-01
#	 2.606063e-01 1.685508e-01 0.000000e+00
# H0H0W = 
#	 0.000000e+00 1.807642e-03 5.400706e-01
#	 1.807642e-03 0.000000e+00 3.386258e-01
#	 5.400706e-01 3.386258e-01 0.000000e+00
# WH0W = 
#	 9.128689e-02 3.235368e-02 -2.436198e-01
#	 3.235368e-02 2.538815e-03 -1.678427e-01
#	 -2.436198e-01 -1.678427e-01 -9.382570e-02
#################################################
##            CALCULATION COMPLETED            ##
#################################################
# Psi[0]^2 = 0.664290 + I0.000000
# Psi[1]^2 = 0.299911 + I0.000000
# Psi[2]^2 = 0.035799 + I0.000000
# phi0 = 2.250330 
# phi1 = 2.258990 
# phi2 = 2.544213 
# Psi = 
#	6.339917e-01+i(-5.121960e-01)
#	4.229953e-01+i(-3.478307e-01)
#	1.064237e-01+i(-1.564371e-01)
#ProbSurv b 1-|Psi|^2 calls E tol dh dh(prev) dh(last)
0.539980925458	1	-1.04361e-13	9001	2.1e+06	0.0001	0.0001	0.0001	5e-05
