# a = 0.100000
# b = 1.000000
# E = 0.664078
# tol = 0.000100
# s12 = 0.554977
# s13 = 0.152971
# psi0 = 0.822075 + I0.000000	0.548446 + I0.000000	0.152971 + I0.000000
# dh = 0.000100
# out = data/E2.1e-0.5_tol1e-4.log
# model = sun
# scan_steps = 100.000000
# H0 = 
#	 0.000000e+00 0.000000e+00 0.000000e+00
#	 0.000000e+00 2.002321e+05 0.000000e+00
#	 0.000000e+00 0.000000e+00 6.553384e+06
# W = 
#	 6.758072e-01 4.508635e-01 1.257533e-01
#	 4.508635e-01 3.007928e-01 8.389608e-02
#	 1.257533e-01 8.389608e-02 2.340000e-02
# H0W = 
#	 0.000000e+00 -9.027735e+04 -8.241095e+05
#	 9.027735e+04 0.000000e+00 -5.330045e+05
#	 8.241095e+05 5.330045e+05 0.000000e+00
# H0H0W = 
#	 0.000000e+00 1.807642e+10 5.400706e+12
#	 1.807642e+10 0.000000e+00 3.386258e+12
#	 5.400706e+12 3.386258e+12 0.000000e+00
# WH0W = 
#	 2.886745e+05 1.023113e+05 -7.703934e+05
#	 1.023113e+05 8.028438e+03 -5.307652e+05
#	 -7.703934e+05 -5.307652e+05 -2.967029e+05
#################################################
##            CALCULATION COMPLETED            ##
#################################################
# Psi[0]^2 = 0.626126 + I0.000000
# Psi[1]^2 = 0.350311 + I0.000000
# Psi[2]^2 = 0.023563 + I0.000000
# phi0 = -2.207547 
# phi1 = -0.321531 
# phi2 = 2.909087 
# Psi = 
#	-6.362155e-01+i(-4.704849e-01)
#	-1.870424e-01+i(5.615391e-01)
#	3.536932e-02+i(-1.493711e-01)
#ProbSurv b 1-|Psi|^2 calls E tol dh dh(prev) dh(last)
0.529063054711	1	-3.10196e-12	825375	0.664078	0.0001	0.0001	1.09041e-06	1.00723e-06
