# a = 0.100000
# b = 1.000000
# E = 2.100000
# tol = 0.000100
# s12 = 0.554977
# s13 = 0.152971
# psi0 = 0.822075 + I0.000000	0.548446 + I0.000000	0.152971 + I0.000000
# dh = 0.000100
# out = data/E2.1e0.0_tol1e-4.log
# model = sun
# scan_steps = 100.000000
# H0 = 
#	 0.000000e+00 0.000000e+00 0.000000e+00
#	 0.000000e+00 6.331895e+04 0.000000e+00
#	 0.000000e+00 0.000000e+00 2.072362e+06
# W = 
#	 6.758072e-01 4.508635e-01 1.257533e-01
#	 4.508635e-01 3.007928e-01 8.389608e-02
#	 1.257533e-01 8.389608e-02 2.340000e-02
# H0W = 
#	 0.000000e+00 -2.854820e+04 -2.606063e+05
#	 2.854820e+04 0.000000e+00 -1.685508e+05
#	 2.606063e+05 1.685508e+05 0.000000e+00
# H0H0W = 
#	 0.000000e+00 1.807642e+09 5.400706e+11
#	 1.807642e+09 0.000000e+00 3.386258e+11
#	 5.400706e+11 3.386258e+11 0.000000e+00
# WH0W = 
#	 9.128689e+04 3.235368e+04 -2.436198e+05
#	 3.235368e+04 2.538815e+03 -1.678427e+05
#	 -2.436198e+05 -1.678427e+05 -9.382570e+04
#################################################
##            CALCULATION COMPLETED            ##
#################################################
# Psi[0]^2 = 0.503638 + I0.000000
# Psi[1]^2 = 0.472441 + I0.000000
# Psi[2]^2 = 0.023920 + I0.000000
# phi0 = -0.474020 
# phi1 = 1.755136 
# phi2 = 2.474298 
# Psi = 
#	-3.239432e-01+i(6.314262e-01)
#	6.756985e-01+i(-1.259884e-01)
#	9.571438e-02+i(-1.214866e-01)
#ProbSurv b 1-|Psi|^2 calls E tol dh dh(prev) dh(last)
0.483029096368	1	2.30853e-11	176562	2.1	0.0001	0.0001	5.09741e-06	2.97421e-06
