# a = 0.100000
# b = 1.000000
# E = 6640.783086
# tol = 0.000100
# s12 = 0.554977
# s13 = 0.152971
# psi0 = 0.822075 + I0.000000	0.548446 + I0.000000	0.152971 + I0.000000
# dh = 0.000100
# out = data/E2.1e3.5_tol1e-4.log
# model = sun
# scan_steps = 100.000000
# H0 = 
#	 0.000000e+00 0.000000e+00 0.000000e+00
#	 0.000000e+00 2.002321e+01 0.000000e+00
#	 0.000000e+00 0.000000e+00 6.553384e+02
# W = 
#	 6.758072e-01 4.508635e-01 1.257533e-01
#	 4.508635e-01 3.007928e-01 8.389608e-02
#	 1.257533e-01 8.389608e-02 2.340000e-02
# H0W = 
#	 0.000000e+00 -9.027735e+00 -8.241095e+01
#	 9.027735e+00 0.000000e+00 -5.330045e+01
#	 8.241095e+01 5.330045e+01 0.000000e+00
# H0H0W = 
#	 0.000000e+00 1.807642e+02 5.400706e+04
#	 1.807642e+02 0.000000e+00 3.386258e+04
#	 5.400706e+04 3.386258e+04 0.000000e+00
# WH0W = 
#	 2.886745e+01 1.023113e+01 -7.703934e+01
#	 1.023113e+01 8.028438e-01 -5.307652e+01
#	 -7.703934e+01 -5.307652e+01 -2.967029e+01
#################################################
##            CALCULATION COMPLETED            ##
#################################################
# Psi[0]^2 = 0.000004 + I0.000000
# Psi[1]^2 = 0.000218 + I0.000000
# Psi[2]^2 = 0.999777 + I0.000000
# phi0 = -1.393059 
# phi1 = 2.977896 
# phi2 = 2.454794 
# Psi = 
#	-2.011963e-03+i(3.614153e-04)
#	2.408249e-03+i(-1.457998e-02)
#	6.339945e-01+i(-7.731937e-01)
#ProbSurv b 1-|Psi|^2 calls E tol dh dh(prev) dh(last)
0.0234633019647	1	-8.30447e-14	9001	6640.78	0.0001	0.0001	0.0001	5e-05
