# a = 0.100000
# b = 1.000000
# E = 664.078309
# tol = 0.000100
# s12 = 0.554977
# s13 = 0.152971
# psi0 = 0.822075 + I0.000000	0.548446 + I0.000000	0.152971 + I0.000000
# dh = 0.000100
# out = data/E2.1e2.5_tol1e-4.log
# model = sun
# scan_steps = 100.000000
# H0 = 
#	 0.000000e+00 0.000000e+00 0.000000e+00
#	 0.000000e+00 2.002321e+02 0.000000e+00
#	 0.000000e+00 0.000000e+00 6.553384e+03
# W = 
#	 6.758072e-01 4.508635e-01 1.257533e-01
#	 4.508635e-01 3.007928e-01 8.389608e-02
#	 1.257533e-01 8.389608e-02 2.340000e-02
# H0W = 
#	 0.000000e+00 -9.027735e+01 -8.241095e+02
#	 9.027735e+01 0.000000e+00 -5.330045e+02
#	 8.241095e+02 5.330045e+02 0.000000e+00
# H0H0W = 
#	 0.000000e+00 1.807642e+04 5.400706e+06
#	 1.807642e+04 0.000000e+00 3.386258e+06
#	 5.400706e+06 3.386258e+06 0.000000e+00
# WH0W = 
#	 2.886745e+02 1.023113e+02 -7.703934e+02
#	 1.023113e+02 8.028438e+00 -5.307652e+02
#	 -7.703934e+02 -5.307652e+02 -2.967029e+02
#################################################
##            CALCULATION COMPLETED            ##
#################################################
# Psi[0]^2 = 0.000018 + I0.000000
# Psi[1]^2 = 0.003375 + I0.000000
# Psi[2]^2 = 0.996608 + I0.000000
# phi0 = 0.609079 
# phi1 = -0.366654 
# phi2 = 1.186401 
# Psi = 
#	2.417872e-03+i(3.466239e-03)
#	-2.082535e-02+i(5.423003e-02)
#	9.254515e-01+i(3.743623e-01)
#ProbSurv b 1-|Psi|^2 calls E tol dh dh(prev) dh(last)
0.0243477398729	1	-1.87184e-13	9001	664.078	0.0001	0.0001	0.0001	5e-05
