# a = 0.100000
# b = 1.000000
# E = 66.407831
# tol = 0.000100
# s12 = 0.554977
# s13 = 0.152971
# psi0 = 0.822075 + I0.000000	0.548446 + I0.000000	0.152971 + I0.000000
# dh = 0.000100
# out = data/E2.1e1.5_tol1e-4.log
# model = sun
# scan_steps = 100.000000
# H0 = 
#	 0.000000e+00 0.000000e+00 0.000000e+00
#	 0.000000e+00 2.002321e+03 0.000000e+00
#	 0.000000e+00 0.000000e+00 6.553384e+04
# W = 
#	 6.758072e-01 4.508635e-01 1.257533e-01
#	 4.508635e-01 3.007928e-01 8.389608e-02
#	 1.257533e-01 8.389608e-02 2.340000e-02
# H0W = 
#	 0.000000e+00 -9.027735e+02 -8.241095e+03
#	 9.027735e+02 0.000000e+00 -5.330045e+03
#	 8.241095e+03 5.330045e+03 0.000000e+00
# H0H0W = 
#	 0.000000e+00 1.807642e+06 5.400706e+08
#	 1.807642e+06 0.000000e+00 3.386258e+08
#	 5.400706e+08 3.386258e+08 0.000000e+00
# WH0W = 
#	 2.886745e+03 1.023113e+03 -7.703934e+03
#	 1.023113e+03 8.028438e+01 -5.307652e+03
#	 -7.703934e+03 -5.307652e+03 -2.967029e+03
#################################################
##            CALCULATION COMPLETED            ##
#################################################
# Psi[0]^2 = 0.001779 + I0.000000
# Psi[1]^2 = 0.944922 + I0.000000
# Psi[2]^2 = 0.053299 + I0.000000
# phi0 = 2.036277 
# phi1 = 0.865536 
# phi2 = 1.439704 
# Psi = 
#	3.768864e-02+i(-1.893076e-02)
#	7.401765e-01+i(6.301277e-01)
#	2.288848e-01+i(3.017810e-02)
#ProbSurv b 1-|Psi|^2 calls E tol dh dh(prev) dh(last)
0.286675133579	1	-8.54872e-13	9001	66.4078	0.0001	0.0001	0.0001	5e-05
