# a = 0.100000
# b = 1.000000
# E = 210000.000000
# tol = 0.000100
# s12 = 0.554977
# s13 = 0.152971
# psi0 = 0.822075 + I0.000000	0.548446 + I0.000000	0.152971 + I0.000000
# dh = 0.000100
# out = data/E2.1e5.0_tol1e-4.log
# model = sun
# scan_steps = 100.000000
# H0 = 
#	 0.000000e+00 0.000000e+00 0.000000e+00
#	 0.000000e+00 6.331895e-01 0.000000e+00
#	 0.000000e+00 0.000000e+00 2.072362e+01
# W = 
#	 6.758072e-01 4.508635e-01 1.257533e-01
#	 4.508635e-01 3.007928e-01 8.389608e-02
#	 1.257533e-01 8.389608e-02 2.340000e-02
# H0W = 
#	 0.000000e+00 -2.854820e-01 -2.606063e+00
#	 2.854820e-01 0.000000e+00 -1.685508e+00
#	 2.606063e+00 1.685508e+00 0.000000e+00
# H0H0W = 
#	 0.000000e+00 1.807642e-01 5.400706e+01
#	 1.807642e-01 0.000000e+00 3.386258e+01
#	 5.400706e+01 3.386258e+01 0.000000e+00
# WH0W = 
#	 9.128689e-01 3.235368e-01 -2.436198e+00
#	 3.235368e-01 2.538815e-02 -1.678427e+00
#	 -2.436198e+00 -1.678427e+00 -9.382570e-01
#################################################
##            CALCULATION COMPLETED            ##
#################################################
# Psi[0]^2 = 0.489477 + I0.000000
# Psi[1]^2 = 0.251420 + I0.000000
# Psi[2]^2 = 0.259103 + I0.000000
# phi0 = 2.669561 
# phi1 = 2.758546 
# phi2 = 0.221789 
# Psi = 
#	3.181178e-01+i(-6.231196e-01)
#	1.874039e-01+i(-4.650801e-01)
#	1.119722e-01+i(4.965537e-01)
#ProbSurv b 1-|Psi|^2 calls E tol dh dh(prev) dh(last)
0.412480278489	1	-8.99281e-14	9001	210000	0.0001	0.0001	0.0001	5e-05
