# a = 0.100000
# b = 1.000000
# E = 664078.308635
# tol = 0.000100
# s12 = 0.554977
# s13 = 0.152971
# psi0 = 0.822075 + I0.000000	0.548446 + I0.000000	0.152971 + I0.000000
# dh = 0.000100
# out = data/E2.1e5.5_tol1e-4.log
# model = sun
# scan_steps = 100.000000
# H0 = 
#	 0.000000e+00 0.000000e+00 0.000000e+00
#	 0.000000e+00 2.002321e-01 0.000000e+00
#	 0.000000e+00 0.000000e+00 6.553384e+00
# W = 
#	 6.758072e-01 4.508635e-01 1.257533e-01
#	 4.508635e-01 3.007928e-01 8.389608e-02
#	 1.257533e-01 8.389608e-02 2.340000e-02
# H0W = 
#	 0.000000e+00 -9.027735e-02 -8.241095e-01
#	 9.027735e-02 0.000000e+00 -5.330045e-01
#	 8.241095e-01 5.330045e-01 0.000000e+00
# H0H0W = 
#	 0.000000e+00 1.807642e-02 5.400706e+00
#	 1.807642e-02 0.000000e+00 3.386258e+00
#	 5.400706e+00 3.386258e+00 0.000000e+00
# WH0W = 
#	 2.886745e-01 1.023113e-01 -7.703934e-01
#	 1.023113e-01 8.028438e-03 -5.307652e-01
#	 -7.703934e-01 -5.307652e-01 -2.967029e-01
#################################################
##            CALCULATION COMPLETED            ##
#################################################
# Psi[0]^2 = 0.630030 + I0.000000
# Psi[1]^2 = 0.293449 + I0.000000
# Psi[2]^2 = 0.076521 + I0.000000
# phi0 = 2.363107 
# phi1 = 2.390498 
# phi2 = -2.924569 
# Psi = 
#	5.573685e-01+i(-5.651283e-01)
#	3.696836e-01+i(-3.959583e-01)
#	-5.956398e-02+i(-2.701362e-01)
#ProbSurv b 1-|Psi|^2 calls E tol dh dh(prev) dh(last)
0.515836476471	1	-1.21458e-13	9001	664078	0.0001	0.0001	0.0001	5e-05
