# a = 0.100000
# b = 1.000000
# E = 0.210000
# tol = 0.000100
# s12 = 0.554977
# s13 = 0.152971
# psi0 = 0.822075 + I0.000000	0.548446 + I0.000000	0.152971 + I0.000000
# dh = 0.000100
# out = data/E2.1e-1.0_tol1e-4.log
# model = sun
# scan_steps = 100.000000
# H0 = 
#	 0.000000e+00 0.000000e+00 0.000000e+00
#	 0.000000e+00 6.331895e+05 0.000000e+00
#	 0.000000e+00 0.000000e+00 2.072362e+07
# W = 
#	 6.758072e-01 4.508635e-01 1.257533e-01
#	 4.508635e-01 3.007928e-01 8.389608e-02
#	 1.257533e-01 8.389608e-02 2.340000e-02
# H0W = 
#	 0.000000e+00 -2.854820e+05 -2.606063e+06
#	 2.854820e+05 0.000000e+00 -1.685508e+06
#	 2.606063e+06 1.685508e+06 0.000000e+00
# H0H0W = 
#	 0.000000e+00 1.807642e+11 5.400706e+13
#	 1.807642e+11 0.000000e+00 3.386258e+13
#	 5.400706e+13 3.386258e+13 0.000000e+00
# WH0W = 
#	 9.128689e+05 3.235368e+05 -2.436198e+06
#	 3.235368e+05 2.538815e+04 -1.678427e+06
#	 -2.436198e+06 -1.678427e+06 -9.382570e+05
#################################################
##            CALCULATION COMPLETED            ##
#################################################
# Psi[0]^2 = 0.660715 + I0.000000
# Psi[1]^2 = 0.315834 + I0.000000
# Psi[2]^2 = 0.023451 + I0.000000
# phi0 = -2.971217 
# phi1 = -2.168290 
# phi2 = 0.916902 
# Psi = 
#	-1.378200e-01+i(-8.010747e-01)
#	-4.646249e-01+i(-3.161603e-01)
#	1.215489e-01+i(9.315119e-02)
#ProbSurv b 1-|Psi|^2 calls E tol dh dh(prev) dh(last)
0.542065253007	1	3.80007e-10	3855149	0.21	0.0001	0.0001	2.33454e-07	1.41014e-07
