# a = 0.100000
# b = 1.000000
# E = 66407.830864
# tol = 0.000100
# s12 = 0.554977
# s13 = 0.152971
# psi0 = 0.822075 + I0.000000	0.548446 + I0.000000	0.152971 + I0.000000
# dh = 0.000100
# out = data/E2.1e4.5_tol1e-4.log
# model = sun
# scan_steps = 100.000000
# H0 = 
#	 0.000000e+00 0.000000e+00 0.000000e+00
#	 0.000000e+00 2.002321e+00 0.000000e+00
#	 0.000000e+00 0.000000e+00 6.553384e+01
# W = 
#	 6.758072e-01 4.508635e-01 1.257533e-01
#	 4.508635e-01 3.007928e-01 8.389608e-02
#	 1.257533e-01 8.389608e-02 2.340000e-02
# H0W = 
#	 0.000000e+00 -9.027735e-01 -8.241095e+00
#	 9.027735e-01 0.000000e+00 -5.330045e+00
#	 8.241095e+00 5.330045e+00 0.000000e+00
# H0H0W = 
#	 0.000000e+00 1.807642e+00 5.400706e+02
#	 1.807642e+00 0.000000e+00 3.386258e+02
#	 5.400706e+02 3.386258e+02 0.000000e+00
# WH0W = 
#	 2.886745e+00 1.023113e+00 -7.703934e+00
#	 1.023113e+00 8.028438e-02 -5.307652e+00
#	 -7.703934e+00 -5.307652e+00 -2.967029e+00
#################################################
##            CALCULATION COMPLETED            ##
#################################################
# Psi[0]^2 = 0.238800 + I0.000000
# Psi[1]^2 = 0.165497 + I0.000000
# Psi[2]^2 = 0.595703 + I0.000000
# phi0 = -2.765095 
# phi1 = -2.481752 
# phi2 = 2.139055 
# Psi = 
#	-1.796677e-01+i(-4.544444e-01)
#	-2.493726e-01+i(-3.214184e-01)
#	6.505189e-01+i(-4.153655e-01)
#ProbSurv b 1-|Psi|^2 calls E tol dh dh(prev) dh(last)
 0.22510251021	1	-1.02585e-13	9001	66407.8	0.0001	0.0001	0.0001	5e-05
