# a = 0.100000
# b = 1.000000
# E = 21.000000
# tol = 0.000100
# s12 = 0.554977
# s13 = 0.152971
# psi0 = 0.822075 + I0.000000	0.548446 + I0.000000	0.152971 + I0.000000
# dh = 0.000100
# out = data/E2.1e1.0_tol1e-4.log
# model = sun
# scan_steps = 100.000000
# H0 = 
#	 0.000000e+00 0.000000e+00 0.000000e+00
#	 0.000000e+00 6.331895e+03 0.000000e+00
#	 0.000000e+00 0.000000e+00 2.072362e+05
# W = 
#	 6.758072e-01 4.508635e-01 1.257533e-01
#	 4.508635e-01 3.007928e-01 8.389608e-02
#	 1.257533e-01 8.389608e-02 2.340000e-02
# H0W = 
#	 0.000000e+00 -2.854820e+03 -2.606063e+04
#	 2.854820e+03 0.000000e+00 -1.685508e+04
#	 2.606063e+04 1.685508e+04 0.000000e+00
# H0H0W = 
#	 0.000000e+00 1.807642e+07 5.400706e+09
#	 1.807642e+07 0.000000e+00 3.386258e+09
#	 5.400706e+09 3.386258e+09 0.000000e+00
# WH0W = 
#	 9.128689e+03 3.235368e+03 -2.436198e+04
#	 3.235368e+03 2.538815e+02 -1.678427e+04
#	 -2.436198e+04 -1.678427e+04 -9.382570e+03
#################################################
##            CALCULATION COMPLETED            ##
#################################################
# Psi[0]^2 = 0.019618 + I0.000000
# Psi[1]^2 = 0.950688 + I0.000000
# Psi[2]^2 = 0.029694 + I0.000000
# phi0 = 2.928418 
# phi1 = -3.076772 
# phi2 = 1.556778 
# Psi = 
#	2.963248e-02+i(-1.368935e-01)
#	-6.315760e-02+i(-9.729847e-01)
#	1.723023e-01+i(2.415513e-03)
#ProbSurv b 1-|Psi|^2 calls E tol dh dh(prev) dh(last)
0.299912923944	1	-5.66436e-12	9001	21	0.0001	0.0001	0.0001	5e-05
