# a = 0.100000
# b = 1.000000
# E = 6.640783
# tol = 0.000100
# s12 = 0.554977
# s13 = 0.152971
# psi0 = 0.822075 + I0.000000	0.548446 + I0.000000	0.152971 + I0.000000
# dh = 0.000100
# out = data/E2.1e0.5_tol1e-4.log
# model = sun
# scan_steps = 100.000000
# H0 = 
#	 0.000000e+00 0.000000e+00 0.000000e+00
#	 0.000000e+00 2.002321e+04 0.000000e+00
#	 0.000000e+00 0.000000e+00 6.553384e+05
# W = 
#	 6.758072e-01 4.508635e-01 1.257533e-01
#	 4.508635e-01 3.007928e-01 8.389608e-02
#	 1.257533e-01 8.389608e-02 2.340000e-02
# H0W = 
#	 0.000000e+00 -9.027735e+03 -8.241095e+04
#	 9.027735e+03 0.000000e+00 -5.330045e+04
#	 8.241095e+04 5.330045e+04 0.000000e+00
# H0H0W = 
#	 0.000000e+00 1.807642e+08 5.400706e+10
#	 1.807642e+08 0.000000e+00 3.386258e+10
#	 5.400706e+10 3.386258e+10 0.000000e+00
# WH0W = 
#	 2.886745e+04 1.023113e+04 -7.703934e+04
#	 1.023113e+04 8.028438e+02 -5.307652e+04
#	 -7.703934e+04 -5.307652e+04 -2.967029e+04
#################################################
##            CALCULATION COMPLETED            ##
#################################################
# Psi[0]^2 = 0.183555 + I0.000000
# Psi[1]^2 = 0.791340 + I0.000000
# Psi[2]^2 = 0.025105 + I0.000000
# phi0 = 0.624633 
# phi1 = 2.187047 
# phi2 = -1.108656 
# Psi = 
#	2.505474e-01+i(3.475356e-01)
#	7.259371e-01+i(-5.141554e-01)
#	-1.418236e-01+i(7.064474e-02)
#ProbSurv b 1-|Psi|^2 calls E tol dh dh(prev) dh(last)
0.362664726352	1	-1.0612e-11	29481	6.64078	0.0001	0.0001	3.05295e-05	2.57208e-05
