# a = 0.100000
# b = 1.000000
# E = 220000.000000
# tol = 0.000100
# s12 = 0.554977
# s13 = 0.152971
# psi0 = 0.822075 + I0.000000	0.548446 + I0.000000	0.152971 + I0.000000
# dh = 0.000100
# out = data/E2.2e5.0_tol1e-4.log
# model = sun
# scan_steps = 100.000000
# H0 = 
#	 0.000000e+00 0.000000e+00 0.000000e+00
#	 0.000000e+00 6.044081e-01 0.000000e+00
#	 0.000000e+00 0.000000e+00 1.978164e+01
# W = 
#	 6.758072e-01 4.508635e-01 1.257533e-01
#	 4.508635e-01 3.007928e-01 8.389608e-02
#	 1.257533e-01 8.389608e-02 2.340000e-02
# H0W = 
#	 0.000000e+00 -2.725056e-01 -2.487606e+00
#	 2.725056e-01 0.000000e+00 -1.608894e+00
#	 2.487606e+00 1.608894e+00 0.000000e+00
# H0H0W = 
#	 0.000000e+00 1.647046e-01 4.920891e+01
#	 1.647046e-01 0.000000e+00 3.085413e+01
#	 4.920891e+01 3.085413e+01 0.000000e+00
# WH0W = 
#	 8.713749e-01 3.088306e-01 -2.325461e+00
#	 3.088306e-01 2.423414e-02 -1.602135e+00
#	 -2.325461e+00 -1.602135e+00 -8.956090e-01
#################################################
##            CALCULATION COMPLETED            ##
#################################################
# Psi[0]^2 = 0.496814 + I0.000000
# Psi[1]^2 = 0.253632 + I0.000000
# Psi[2]^2 = 0.249554 + I0.000000
# phi0 = 2.651849 
# phi1 = 2.736706 
# phi2 = -0.016477 
# Psi = 
#	3.315611e-01+i(-6.219978e-01)
#	1.983827e-01+i(-4.628998e-01)
#	-8.230767e-03+i(4.994861e-01)
#ProbSurv b 1-|Psi|^2 calls E tol dh dh(prev) dh(last)
0.417880679354	1	-1.16129e-13	9001	220000	0.0001	0.0001	0.0001	5e-05
