# a = 0.100000
# b = 1.000000
# E = 2200.000000
# tol = 0.000100
# s12 = 0.554977
# s13 = 0.152971
# psi0 = 0.822075 + I0.000000	0.548446 + I0.000000	0.152971 + I0.000000
# dh = 0.000100
# out = data/E2.2e3.0_tol1e-4.log
# model = sun
# scan_steps = 100.000000
# H0 = 
#	 0.000000e+00 0.000000e+00 0.000000e+00
#	 0.000000e+00 6.044081e+01 0.000000e+00
#	 0.000000e+00 0.000000e+00 1.978164e+03
# W = 
#	 6.758072e-01 4.508635e-01 1.257533e-01
#	 4.508635e-01 3.007928e-01 8.389608e-02
#	 1.257533e-01 8.389608e-02 2.340000e-02
# H0W = 
#	 0.000000e+00 -2.725056e+01 -2.487606e+02
#	 2.725056e+01 0.000000e+00 -1.608894e+02
#	 2.487606e+02 1.608894e+02 0.000000e+00
# H0H0W = 
#	 0.000000e+00 1.647046e+03 4.920891e+05
#	 1.647046e+03 0.000000e+00 3.085413e+05
#	 4.920891e+05 3.085413e+05 0.000000e+00
# WH0W = 
#	 8.713749e+01 3.088306e+01 -2.325461e+02
#	 3.088306e+01 2.423414e+00 -1.602135e+02
#	 -2.325461e+02 -1.602135e+02 -8.956090e+01
#################################################
##            CALCULATION COMPLETED            ##
#################################################
# Psi[0]^2 = 0.000002 + I0.000000
# Psi[1]^2 = 0.000197 + I0.000000
# Psi[2]^2 = 0.999800 + I0.000000
# phi0 = 1.730058 
# phi1 = 2.315398 
# phi2 = 1.415677 
# Psi = 
#	1.505377e-03+i(-2.417961e-04)
#	1.032955e-02+i(-9.519337e-03)
#	9.878945e-01+i(1.544823e-01)
#ProbSurv b 1-|Psi|^2 calls E tol dh dh(prev) dh(last)
0.0234562510391	1	-4.37428e-14	9001	2200	0.0001	0.0001	0.0001	5e-05
