# a = 0.100000
# b = 1.000000
# E = 22000.000000
# tol = 0.000100
# s12 = 0.554977
# s13 = 0.152971
# psi0 = 0.822075 + I0.000000	0.548446 + I0.000000	0.152971 + I0.000000
# dh = 0.000100
# out = data/E2.2e4.0_tol1e-4.log
# model = sun
# scan_steps = 100.000000
# H0 = 
#	 0.000000e+00 0.000000e+00 0.000000e+00
#	 0.000000e+00 6.044081e+00 0.000000e+00
#	 0.000000e+00 0.000000e+00 1.978164e+02
# W = 
#	 6.758072e-01 4.508635e-01 1.257533e-01
#	 4.508635e-01 3.007928e-01 8.389608e-02
#	 1.257533e-01 8.389608e-02 2.340000e-02
# H0W = 
#	 0.000000e+00 -2.725056e+00 -2.487606e+01
#	 2.725056e+00 0.000000e+00 -1.608894e+01
#	 2.487606e+01 1.608894e+01 0.000000e+00
# H0H0W = 
#	 0.000000e+00 1.647046e+01 4.920891e+03
#	 1.647046e+01 0.000000e+00 3.085413e+03
#	 4.920891e+03 3.085413e+03 0.000000e+00
# WH0W = 
#	 8.713749e+00 3.088306e+00 -2.325461e+01
#	 3.088306e+00 2.423414e-01 -1.602135e+01
#	 -2.325461e+01 -1.602135e+01 -8.956090e+00
#################################################
##            CALCULATION COMPLETED            ##
#################################################
# Psi[0]^2 = 0.024065 + I0.000000
# Psi[1]^2 = 0.041146 + I0.000000
# Psi[2]^2 = 0.934789 + I0.000000
# phi0 = -0.559235 
# phi1 = 0.329009 
# phi2 = 2.165579 
# Psi = 
#	-8.230122e-02+i(1.314960e-01)
#	6.554043e-02+i(1.919657e-01)
#	8.008087e-01+i(-5.417512e-01)
#ProbSurv b 1-|Psi|^2 calls E tol dh dh(prev) dh(last)
0.0505136841468	1	-1.19904e-13	9001	22000	0.0001	0.0001	0.0001	5e-05
