# a = 0.100000
# b = 1.000000
# E = 6957.010852
# tol = 0.000100
# s12 = 0.554977
# s13 = 0.152971
# psi0 = 0.822075 + I0.000000	0.548446 + I0.000000	0.152971 + I0.000000
# dh = 0.000100
# out = data/E2.2e3.5_tol1e-4.log
# model = sun
# scan_steps = 100.000000
# H0 = 
#	 0.000000e+00 0.000000e+00 0.000000e+00
#	 0.000000e+00 1.911306e+01 0.000000e+00
#	 0.000000e+00 0.000000e+00 6.255503e+02
# W = 
#	 6.758072e-01 4.508635e-01 1.257533e-01
#	 4.508635e-01 3.007928e-01 8.389608e-02
#	 1.257533e-01 8.389608e-02 2.340000e-02
# H0W = 
#	 0.000000e+00 -8.617383e+00 -7.866500e+01
#	 8.617383e+00 0.000000e+00 -5.087770e+01
#	 7.866500e+01 5.087770e+01 0.000000e+00
# H0H0W = 
#	 0.000000e+00 1.647046e+02 4.920891e+04
#	 1.647046e+02 0.000000e+00 3.085413e+04
#	 4.920891e+04 3.085413e+04 0.000000e+00
# WH0W = 
#	 2.755529e+01 9.766080e+00 -7.353755e+01
#	 9.766080e+00 7.663509e-01 -5.066395e+01
#	 -7.353755e+01 -5.066395e+01 -2.832164e+01
#################################################
##            CALCULATION COMPLETED            ##
#################################################
# Psi[0]^2 = 0.000004 + I0.000000
# Psi[1]^2 = 0.000096 + I0.000000
# Psi[2]^2 = 0.999900 + I0.000000
# phi0 = -1.453794 
# phi1 = 2.787183 
# phi2 = -2.212456 
# Psi = 
#	-1.917942e-03+i(2.254328e-04)
#	3.404136e-03+i(-9.199517e-03)
#	-8.010638e-01+i(-5.984955e-01)
#ProbSurv b 1-|Psi|^2 calls E tol dh dh(prev) dh(last)
0.0234291235624	1	-8.9484e-14	9001	6957.01	0.0001	0.0001	0.0001	5e-05
