# a = 0.100000
# b = 1.000000
# E = 220.000000
# tol = 0.000100
# s12 = 0.554977
# s13 = 0.152971
# psi0 = 0.822075 + I0.000000	0.548446 + I0.000000	0.152971 + I0.000000
# dh = 0.000100
# out = data/E2.2e2.0_tol1e-4.log
# model = sun
# scan_steps = 100.000000
# H0 = 
#	 0.000000e+00 0.000000e+00 0.000000e+00
#	 0.000000e+00 6.044081e+02 0.000000e+00
#	 0.000000e+00 0.000000e+00 1.978164e+04
# W = 
#	 6.758072e-01 4.508635e-01 1.257533e-01
#	 4.508635e-01 3.007928e-01 8.389608e-02
#	 1.257533e-01 8.389608e-02 2.340000e-02
# H0W = 
#	 0.000000e+00 -2.725056e+02 -2.487606e+03
#	 2.725056e+02 0.000000e+00 -1.608894e+03
#	 2.487606e+03 1.608894e+03 0.000000e+00
# H0H0W = 
#	 0.000000e+00 1.647046e+05 4.920891e+07
#	 1.647046e+05 0.000000e+00 3.085413e+07
#	 4.920891e+07 3.085413e+07 0.000000e+00
# WH0W = 
#	 8.713749e+02 3.088306e+02 -2.325461e+03
#	 3.088306e+02 2.423414e+01 -1.602135e+03
#	 -2.325461e+03 -1.602135e+03 -8.956090e+02
#################################################
##            CALCULATION COMPLETED            ##
#################################################
# Psi[0]^2 = 0.000168 + I0.000000
# Psi[1]^2 = 0.205583 + I0.000000
# Psi[2]^2 = 0.794249 + I0.000000
# phi0 = 0.693151 
# phi1 = 0.456023 
# phi2 = -1.561055 
# Psi = 
#	8.291140e-03+i(9.981549e-03)
#	1.996742e-01+i(4.070787e-01)
#	-8.911641e-01+i(8.681467e-03)
#ProbSurv b 1-|Psi|^2 calls E tol dh dh(prev) dh(last)
0.0805370474878	1	-4.4853e-14	9001	220	0.0001	0.0001	0.0001	5e-05
