# a = 0.100000
# b = 1.000000
# E = 69570.108524
# tol = 0.000100
# s12 = 0.554977
# s13 = 0.152971
# psi0 = 0.822075 + I0.000000	0.548446 + I0.000000	0.152971 + I0.000000
# dh = 0.000100
# out = data/E2.2e4.5_tol1e-4.log
# model = sun
# scan_steps = 100.000000
# H0 = 
#	 0.000000e+00 0.000000e+00 0.000000e+00
#	 0.000000e+00 1.911306e+00 0.000000e+00
#	 0.000000e+00 0.000000e+00 6.255503e+01
# W = 
#	 6.758072e-01 4.508635e-01 1.257533e-01
#	 4.508635e-01 3.007928e-01 8.389608e-02
#	 1.257533e-01 8.389608e-02 2.340000e-02
# H0W = 
#	 0.000000e+00 -8.617383e-01 -7.866500e+00
#	 8.617383e-01 0.000000e+00 -5.087770e+00
#	 7.866500e+00 5.087770e+00 0.000000e+00
# H0H0W = 
#	 0.000000e+00 1.647046e+00 4.920891e+02
#	 1.647046e+00 0.000000e+00 3.085413e+02
#	 4.920891e+02 3.085413e+02 0.000000e+00
# WH0W = 
#	 2.755529e+00 9.766080e-01 -7.353755e+00
#	 9.766080e-01 7.663509e-02 -5.066395e+00
#	 -7.353755e+00 -5.066395e+00 -2.832164e+00
#################################################
##            CALCULATION COMPLETED            ##
#################################################
# Psi[0]^2 = 0.248576 + I0.000000
# Psi[1]^2 = 0.169387 + I0.000000
# Psi[2]^2 = 0.582037 + I0.000000
# phi0 = -2.817095 
# phi1 = -2.546269 
# phi2 = 1.055413 
# Psi = 
#	-1.589615e-01+i(-4.725541e-01)
#	-2.307967e-01+i(-3.407631e-01)
#	6.638140e-01+i(3.760163e-01)
#ProbSurv b 1-|Psi|^2 calls E tol dh dh(prev) dh(last)
0.232559494387	1	-9.59233e-14	9001	69570.1	0.0001	0.0001	0.0001	5e-05
