# a = 0.100000
# b = 1.000000
# E = 6.957011
# tol = 0.000100
# s12 = 0.554977
# s13 = 0.152971
# psi0 = 0.822075 + I0.000000	0.548446 + I0.000000	0.152971 + I0.000000
# dh = 0.000100
# out = data/E2.2e0.5_tol1e-4.log
# model = sun
# scan_steps = 100.000000
# H0 = 
#	 0.000000e+00 0.000000e+00 0.000000e+00
#	 0.000000e+00 1.911306e+04 0.000000e+00
#	 0.000000e+00 0.000000e+00 6.255503e+05
# W = 
#	 6.758072e-01 4.508635e-01 1.257533e-01
#	 4.508635e-01 3.007928e-01 8.389608e-02
#	 1.257533e-01 8.389608e-02 2.340000e-02
# H0W = 
#	 0.000000e+00 -8.617383e+03 -7.866500e+04
#	 8.617383e+03 0.000000e+00 -5.087770e+04
#	 7.866500e+04 5.087770e+04 0.000000e+00
# H0H0W = 
#	 0.000000e+00 1.647046e+08 4.920891e+10
#	 1.647046e+08 0.000000e+00 3.085413e+10
#	 4.920891e+10 3.085413e+10 0.000000e+00
# WH0W = 
#	 2.755529e+04 9.766080e+03 -7.353755e+04
#	 9.766080e+03 7.663509e+02 -5.066395e+04
#	 -7.353755e+04 -5.066395e+04 -2.832164e+04
#################################################
##            CALCULATION COMPLETED            ##
#################################################
# Psi[0]^2 = 0.170654 + I0.000000
# Psi[1]^2 = 0.804120 + I0.000000
# Psi[2]^2 = 0.025226 + I0.000000
# phi0 = -0.433494 
# phi1 = 0.883907 
# phi2 = -0.012152 
# Psi = 
#	-1.735215e-01+i(3.748924e-01)
#	6.933697e-01+i(5.686460e-01)
#	-1.930030e-03+i(1.588159e-01)
#ProbSurv b 1-|Psi|^2 calls E tol dh dh(prev) dh(last)
 0.35779294913	1	-1.14069e-11	28398	6.95701	0.0001	0.0001	3.16944e-05	1.92185e-05
