# a = 0.100000
# b = 1.000000
# E = 22.000000
# tol = 0.000100
# s12 = 0.554977
# s13 = 0.152971
# psi0 = 0.822075 + I0.000000	0.548446 + I0.000000	0.152971 + I0.000000
# dh = 0.000100
# out = data/E2.2e1.0_tol1e-4.log
# model = sun
# scan_steps = 100.000000
# H0 = 
#	 0.000000e+00 0.000000e+00 0.000000e+00
#	 0.000000e+00 6.044081e+03 0.000000e+00
#	 0.000000e+00 0.000000e+00 1.978164e+05
# W = 
#	 6.758072e-01 4.508635e-01 1.257533e-01
#	 4.508635e-01 3.007928e-01 8.389608e-02
#	 1.257533e-01 8.389608e-02 2.340000e-02
# H0W = 
#	 0.000000e+00 -2.725056e+03 -2.487606e+04
#	 2.725056e+03 0.000000e+00 -1.608894e+04
#	 2.487606e+04 1.608894e+04 0.000000e+00
# H0H0W = 
#	 0.000000e+00 1.647046e+07 4.920891e+09
#	 1.647046e+07 0.000000e+00 3.085413e+09
#	 4.920891e+09 3.085413e+09 0.000000e+00
# WH0W = 
#	 8.713749e+03 3.088306e+03 -2.325461e+04
#	 3.088306e+03 2.423414e+02 -1.602135e+04
#	 -2.325461e+04 -1.602135e+04 -8.956090e+03
#################################################
##            CALCULATION COMPLETED            ##
#################################################
# Psi[0]^2 = 0.017721 + I0.000000
# Psi[1]^2 = 0.952343 + I0.000000
# Psi[2]^2 = 0.029937 + I0.000000
# phi0 = -2.392726 
# phi1 = 0.667915 
# phi2 = -0.113805 
# Psi = 
#	-9.062831e-02+i(-9.750412e-02)
#	6.044116e-01+i(7.661782e-01)
#	-1.964849e-02+i(1.719037e-01)
#ProbSurv b 1-|Psi|^2 calls E tol dh dh(prev) dh(last)
 0.29913396219	1	-5.6537e-12	9001	22	0.0001	0.0001	0.0001	5e-05
