# a = 0.100000
# b = 1.000000
# E = 2.200000
# tol = 0.000100
# s12 = 0.554977
# s13 = 0.152971
# psi0 = 0.822075 + I0.000000	0.548446 + I0.000000	0.152971 + I0.000000
# dh = 0.000100
# out = data/E2.2e0.0_tol1e-4.log
# model = sun
# scan_steps = 100.000000
# H0 = 
#	 0.000000e+00 0.000000e+00 0.000000e+00
#	 0.000000e+00 6.044081e+04 0.000000e+00
#	 0.000000e+00 0.000000e+00 1.978164e+06
# W = 
#	 6.758072e-01 4.508635e-01 1.257533e-01
#	 4.508635e-01 3.007928e-01 8.389608e-02
#	 1.257533e-01 8.389608e-02 2.340000e-02
# H0W = 
#	 0.000000e+00 -2.725056e+04 -2.487606e+05
#	 2.725056e+04 0.000000e+00 -1.608894e+05
#	 2.487606e+05 1.608894e+05 0.000000e+00
# H0H0W = 
#	 0.000000e+00 1.647046e+09 4.920891e+11
#	 1.647046e+09 0.000000e+00 3.085413e+11
#	 4.920891e+11 3.085413e+11 0.000000e+00
# WH0W = 
#	 8.713749e+04 3.088306e+04 -2.325461e+05
#	 3.088306e+04 2.423414e+03 -1.602135e+05
#	 -2.325461e+05 -1.602135e+05 -8.956090e+04
#################################################
##            CALCULATION COMPLETED            ##
#################################################
# Psi[0]^2 = 0.494708 + I0.000000
# Psi[1]^2 = 0.481346 + I0.000000
# Psi[2]^2 = 0.023945 + I0.000000
# phi0 = 1.368197 
# phi1 = -1.748740 
# phi2 = 3.065578 
# Psi = 
#	6.889694e-01+i(1.415261e-01)
#	-6.828360e-01+i(-1.228054e-01)
#	1.175138e-02+i(-1.542962e-01)
#ProbSurv b 1-|Psi|^2 calls E tol dh dh(prev) dh(last)
0.479673295677	1	1.33402e-11	161675	2.2	0.0001	0.0001	5.56678e-06	3.89895e-06
