# a = 0.100000
# b = 1.000000
# E = 0.220000
# tol = 0.000100
# s12 = 0.554977
# s13 = 0.152971
# psi0 = 0.822075 + I0.000000	0.548446 + I0.000000	0.152971 + I0.000000
# dh = 0.000100
# out = data/E2.2e-1.0_tol1e-4.log
# model = sun
# scan_steps = 100.000000
# H0 = 
#	 0.000000e+00 0.000000e+00 0.000000e+00
#	 0.000000e+00 6.044081e+05 0.000000e+00
#	 0.000000e+00 0.000000e+00 1.978164e+07
# W = 
#	 6.758072e-01 4.508635e-01 1.257533e-01
#	 4.508635e-01 3.007928e-01 8.389608e-02
#	 1.257533e-01 8.389608e-02 2.340000e-02
# H0W = 
#	 0.000000e+00 -2.725056e+05 -2.487606e+06
#	 2.725056e+05 0.000000e+00 -1.608894e+06
#	 2.487606e+06 1.608894e+06 0.000000e+00
# H0H0W = 
#	 0.000000e+00 1.647046e+11 4.920891e+13
#	 1.647046e+11 0.000000e+00 3.085413e+13
#	 4.920891e+13 3.085413e+13 0.000000e+00
# WH0W = 
#	 8.713749e+05 3.088306e+05 -2.325461e+06
#	 3.088306e+05 2.423414e+04 -1.602135e+06
#	 -2.325461e+06 -1.602135e+06 -8.956090e+05
#################################################
##            CALCULATION COMPLETED            ##
#################################################
# Psi[0]^2 = 0.659980 + I0.000000
# Psi[1]^2 = 0.316566 + I0.000000
# Psi[2]^2 = 0.023454 + I0.000000
# phi0 = 2.920765 
# phi1 = 0.589560 
# phi2 = 0.412744 
# Psi = 
#	1.779437e-01+i(-7.926639e-01)
#	3.128262e-01+i(4.676601e-01)
#	6.143067e-02+i(1.402854e-01)
#ProbSurv b 1-|Psi|^2 calls E tol dh dh(prev) dh(last)
0.541788939858	1	2.23271e-10	2001197	0.22	0.0001	0.0001	4.49731e-07	4.16592e-07
