# a = 0.100000
# b = 1.000000
# E = 230.000000
# tol = 0.000100
# s12 = 0.554977
# s13 = 0.152971
# psi0 = 0.822075 + I0.000000	0.548446 + I0.000000	0.152971 + I0.000000
# dh = 0.000100
# out = data/E2.3e2.0_tol1e-4.log
# model = sun
# scan_steps = 100.000000
# H0 = 
#	 0.000000e+00 0.000000e+00 0.000000e+00
#	 0.000000e+00 5.781295e+02 0.000000e+00
#	 0.000000e+00 0.000000e+00 1.892157e+04
# W = 
#	 6.758072e-01 4.508635e-01 1.257533e-01
#	 4.508635e-01 3.007928e-01 8.389608e-02
#	 1.257533e-01 8.389608e-02 2.340000e-02
# H0W = 
#	 0.000000e+00 -2.606575e+02 -2.379449e+03
#	 2.606575e+02 0.000000e+00 -1.538942e+03
#	 2.379449e+03 1.538942e+03 0.000000e+00
# H0H0W = 
#	 0.000000e+00 1.506938e+05 4.502290e+07
#	 1.506938e+05 0.000000e+00 2.822949e+07
#	 4.502290e+07 2.822949e+07 0.000000e+00
# WH0W = 
#	 8.334890e+02 2.954032e+02 -2.224354e+03
#	 2.954032e+02 2.318049e+01 -1.532477e+03
#	 -2.224354e+03 -1.532477e+03 -8.566695e+02
#################################################
##            CALCULATION COMPLETED            ##
#################################################
# Psi[0]^2 = 0.000132 + I0.000000
# Psi[1]^2 = 0.164527 + I0.000000
# Psi[2]^2 = 0.835341 + I0.000000
# phi0 = 1.625374 
# phi1 = -2.329729 
# phi2 = 0.588178 
# Psi = 
#	1.147606e-02+i(-6.269538e-04)
#	-2.943055e-01+i(-2.791256e-01)
#	5.071128e-01+i(7.603800e-01)
#ProbSurv b 1-|Psi|^2 calls E tol dh dh(prev) dh(last)
0.0691247210122	1	-1.69198e-13	9001	230	0.0001	0.0001	0.0001	5e-05
