# a = 0.100000
# b = 1.000000
# E = 7.273239
# tol = 0.000100
# s12 = 0.554977
# s13 = 0.152971
# psi0 = 0.822075 + I0.000000	0.548446 + I0.000000	0.152971 + I0.000000
# dh = 0.000100
# out = data/E2.3e0.5_tol1e-4.log
# model = sun
# scan_steps = 100.000000
# H0 = 
#	 0.000000e+00 0.000000e+00 0.000000e+00
#	 0.000000e+00 1.828206e+04 0.000000e+00
#	 0.000000e+00 0.000000e+00 5.983524e+05
# W = 
#	 6.758072e-01 4.508635e-01 1.257533e-01
#	 4.508635e-01 3.007928e-01 8.389608e-02
#	 1.257533e-01 8.389608e-02 2.340000e-02
# H0W = 
#	 0.000000e+00 -8.242715e+03 -7.524478e+04
#	 8.242715e+03 0.000000e+00 -4.866563e+04
#	 7.524478e+04 4.866563e+04 0.000000e+00
# H0H0W = 
#	 0.000000e+00 1.506938e+08 4.502290e+10
#	 1.506938e+08 0.000000e+00 2.822949e+10
#	 4.502290e+10 2.822949e+10 0.000000e+00
# WH0W = 
#	 2.635724e+04 9.341468e+03 -7.034026e+04
#	 9.341468e+03 7.330313e+02 -4.846117e+04
#	 -7.034026e+04 -4.846117e+04 -2.709027e+04
#################################################
##            CALCULATION COMPLETED            ##
#################################################
# Psi[0]^2 = 0.158768 + I0.000000
# Psi[1]^2 = 0.815893 + I0.000000
# Psi[2]^2 = 0.025339 + I0.000000
# phi0 = -1.289261 
# phi1 = 1.492167 
# phi2 = 1.271047 
# Psi = 
#	-3.827702e-01+i(1.107039e-01)
#	9.004772e-01+i(7.095007e-02)
#	1.520833e-01+i(4.700316e-02)
#ProbSurv b 1-|Psi|^2 calls E tol dh dh(prev) dh(last)
  0.3533044637	1	-1.18252e-11	27316	7.27324	0.0001	0.0001	3.29492e-05	2.90477e-05
