# a = 0.100000
# b = 1.000000
# E = 23.000000
# tol = 0.000100
# s12 = 0.554977
# s13 = 0.152971
# psi0 = 0.822075 + I0.000000	0.548446 + I0.000000	0.152971 + I0.000000
# dh = 0.000100
# out = data/E2.3e1.0_tol1e-4.log
# model = sun
# scan_steps = 100.000000
# H0 = 
#	 0.000000e+00 0.000000e+00 0.000000e+00
#	 0.000000e+00 5.781295e+03 0.000000e+00
#	 0.000000e+00 0.000000e+00 1.892157e+05
# W = 
#	 6.758072e-01 4.508635e-01 1.257533e-01
#	 4.508635e-01 3.007928e-01 8.389608e-02
#	 1.257533e-01 8.389608e-02 2.340000e-02
# H0W = 
#	 0.000000e+00 -2.606575e+03 -2.379449e+04
#	 2.606575e+03 0.000000e+00 -1.538942e+04
#	 2.379449e+04 1.538942e+04 0.000000e+00
# H0H0W = 
#	 0.000000e+00 1.506938e+07 4.502290e+09
#	 1.506938e+07 0.000000e+00 2.822949e+09
#	 4.502290e+09 2.822949e+09 0.000000e+00
# WH0W = 
#	 8.334890e+03 2.954032e+03 -2.224354e+04
#	 2.954032e+03 2.318049e+02 -1.532477e+04
#	 -2.224354e+04 -1.532477e+04 -8.566695e+03
#################################################
##            CALCULATION COMPLETED            ##
#################################################
# Psi[0]^2 = 0.016163 + I0.000000
# Psi[1]^2 = 0.953666 + I0.000000
# Psi[2]^2 = 0.030171 + I0.000000
# phi0 = -0.511189 
# phi1 = 0.884638 
# phi2 = 0.288473 
# Psi = 
#	-6.219524e-02+i(1.108806e-01)
#	7.555493e-01+i(6.187177e-01)
#	4.941512e-02+i(1.665205e-01)
#ProbSurv b 1-|Psi|^2 calls E tol dh dh(prev) dh(last)
0.298484868907	1	-4.51883e-12	9001	23	0.0001	0.0001	0.0001	5e-05
