# a = 0.100000
# b = 1.000000
# E = 2.300000
# tol = 0.000100
# s12 = 0.554977
# s13 = 0.152971
# psi0 = 0.822075 + I0.000000	0.548446 + I0.000000	0.152971 + I0.000000
# dh = 0.000100
# out = data/E2.3e0.0_tol1e-4.log
# model = sun
# scan_steps = 100.000000
# H0 = 
#	 0.000000e+00 0.000000e+00 0.000000e+00
#	 0.000000e+00 5.781295e+04 0.000000e+00
#	 0.000000e+00 0.000000e+00 1.892157e+06
# W = 
#	 6.758072e-01 4.508635e-01 1.257533e-01
#	 4.508635e-01 3.007928e-01 8.389608e-02
#	 1.257533e-01 8.389608e-02 2.340000e-02
# H0W = 
#	 0.000000e+00 -2.606575e+04 -2.379449e+05
#	 2.606575e+04 0.000000e+00 -1.538942e+05
#	 2.379449e+05 1.538942e+05 0.000000e+00
# H0H0W = 
#	 0.000000e+00 1.506938e+09 4.502290e+11
#	 1.506938e+09 0.000000e+00 2.822949e+11
#	 4.502290e+11 2.822949e+11 0.000000e+00
# WH0W = 
#	 8.334890e+04 2.954032e+04 -2.224354e+05
#	 2.954032e+04 2.318049e+03 -1.532477e+05
#	 -2.224354e+05 -1.532477e+05 -8.566695e+04
#################################################
##            CALCULATION COMPLETED            ##
#################################################
# Psi[0]^2 = 0.485777 + I0.000000
# Psi[1]^2 = 0.490252 + I0.000000
# Psi[2]^2 = 0.023971 + I0.000000
# phi0 = -3.092256 
# phi1 = 0.100655 
# phi2 = -0.764288 
# Psi = 
#	-3.437276e-02+i(-6.961291e-01)
#	7.035792e-02+i(6.966361e-01)
#	-1.071422e-01+i(1.117641e-01)
#ProbSurv b 1-|Psi|^2 calls E tol dh dh(prev) dh(last)
0.476316976422	1	5.16631e-12	147234	2.3	0.0001	0.0001	6.11277e-06	5.60908e-06
