# a = 0.100000
# b = 1.000000
# E = 23000.000000
# tol = 0.000100
# s12 = 0.554977
# s13 = 0.152971
# psi0 = 0.822075 + I0.000000	0.548446 + I0.000000	0.152971 + I0.000000
# dh = 0.000100
# out = data/E2.3e4.0_tol1e-4.log
# model = sun
# scan_steps = 100.000000
# H0 = 
#	 0.000000e+00 0.000000e+00 0.000000e+00
#	 0.000000e+00 5.781295e+00 0.000000e+00
#	 0.000000e+00 0.000000e+00 1.892157e+02
# W = 
#	 6.758072e-01 4.508635e-01 1.257533e-01
#	 4.508635e-01 3.007928e-01 8.389608e-02
#	 1.257533e-01 8.389608e-02 2.340000e-02
# H0W = 
#	 0.000000e+00 -2.606575e+00 -2.379449e+01
#	 2.606575e+00 0.000000e+00 -1.538942e+01
#	 2.379449e+01 1.538942e+01 0.000000e+00
# H0H0W = 
#	 0.000000e+00 1.506938e+01 4.502290e+03
#	 1.506938e+01 0.000000e+00 2.822949e+03
#	 4.502290e+03 2.822949e+03 0.000000e+00
# WH0W = 
#	 8.334890e+00 2.954032e+00 -2.224354e+01
#	 2.954032e+00 2.318049e-01 -1.532477e+01
#	 -2.224354e+01 -1.532477e+01 -8.566695e+00
#################################################
##            CALCULATION COMPLETED            ##
#################################################
# Psi[0]^2 = 0.028236 + I0.000000
# Psi[1]^2 = 0.044663 + I0.000000
# Psi[2]^2 = 0.927101 + I0.000000
# phi0 = -0.697231 
# phi1 = 0.152365 
# phi2 = -1.859534 
# Psi = 
#	-1.078959e-01+i(1.288209e-01)
#	3.207586e-02+i(2.088878e-01)
#	-9.230022e-01+i(-2.741670e-01)
#ProbSurv b 1-|Psi|^2 calls E tol dh dh(prev) dh(last)
0.0542107872265	1	-6.77236e-14	9001	23000	0.0001	0.0001	0.0001	5e-05
