# a = 0.100000
# b = 1.000000
# E = 727323.861839
# tol = 0.000100
# s12 = 0.554977
# s13 = 0.152971
# psi0 = 0.822075 + I0.000000	0.548446 + I0.000000	0.152971 + I0.000000
# dh = 0.000100
# out = data/E2.3e5.5_tol1e-4.log
# model = sun
# scan_steps = 100.000000
# H0 = 
#	 0.000000e+00 0.000000e+00 0.000000e+00
#	 0.000000e+00 1.828206e-01 0.000000e+00
#	 0.000000e+00 0.000000e+00 5.983524e+00
# W = 
#	 6.758072e-01 4.508635e-01 1.257533e-01
#	 4.508635e-01 3.007928e-01 8.389608e-02
#	 1.257533e-01 8.389608e-02 2.340000e-02
# H0W = 
#	 0.000000e+00 -8.242715e-02 -7.524478e-01
#	 8.242715e-02 0.000000e+00 -4.866563e-01
#	 7.524478e-01 4.866563e-01 0.000000e+00
# H0H0W = 
#	 0.000000e+00 1.506938e-02 4.502290e+00
#	 1.506938e-02 0.000000e+00 2.822949e+00
#	 4.502290e+00 2.822949e+00 0.000000e+00
# WH0W = 
#	 2.635724e-01 9.341468e-02 -7.034026e-01
#	 9.341468e-02 7.330313e-03 -4.846117e-01
#	 -7.034026e-01 -4.846117e-01 -2.709027e-01
#################################################
##            CALCULATION COMPLETED            ##
#################################################
# Psi[0]^2 = 0.635091 + I0.000000
# Psi[1]^2 = 0.294627 + I0.000000
# Psi[2]^2 = 0.070282 + I0.000000
# phi0 = 2.348875 
# phi1 = 2.373877 
# phi2 = -3.032938 
# Psi = 
#	5.676211e-01+i(-5.593723e-01)
#	3.769680e-01+i(-3.905406e-01)
#	-2.874849e-02+i(-2.635442e-01)
#ProbSurv b 1-|Psi|^2 calls E tol dh dh(prev) dh(last)
0.519465381244	1	-1.34337e-13	9001	727324	0.0001	0.0001	0.0001	5e-05
