# a = 0.100000
# b = 1.000000
# E = 0.727324
# tol = 0.000100
# s12 = 0.554977
# s13 = 0.152971
# psi0 = 0.822075 + I0.000000	0.548446 + I0.000000	0.152971 + I0.000000
# dh = 0.000100
# out = data/E2.3e-0.5_tol1e-4.log
# model = sun
# scan_steps = 100.000000
# H0 = 
#	 0.000000e+00 0.000000e+00 0.000000e+00
#	 0.000000e+00 1.828206e+05 0.000000e+00
#	 0.000000e+00 0.000000e+00 5.983524e+06
# W = 
#	 6.758072e-01 4.508635e-01 1.257533e-01
#	 4.508635e-01 3.007928e-01 8.389608e-02
#	 1.257533e-01 8.389608e-02 2.340000e-02
# H0W = 
#	 0.000000e+00 -8.242715e+04 -7.524478e+05
#	 8.242715e+04 0.000000e+00 -4.866563e+05
#	 7.524478e+05 4.866563e+05 0.000000e+00
# H0H0W = 
#	 0.000000e+00 1.506938e+10 4.502290e+12
#	 1.506938e+10 0.000000e+00 2.822949e+12
#	 4.502290e+12 2.822949e+12 0.000000e+00
# WH0W = 
#	 2.635724e+05 9.341468e+04 -7.034026e+05
#	 9.341468e+04 7.330313e+03 -4.846117e+05
#	 -7.034026e+05 -4.846117e+05 -2.709027e+05
#################################################
##            CALCULATION COMPLETED            ##
#################################################
# Psi[0]^2 = 0.621114 + I0.000000
# Psi[1]^2 = 0.355307 + I0.000000
# Psi[2]^2 = 0.023578 + I0.000000
# phi0 = 1.505335 
# phi1 = 2.167216 
# phi2 = 0.690060 
# Psi = 
#	7.864201e-01+i(5.155400e-02)
#	4.931652e-01+i(-3.348065e-01)
#	9.774881e-02+i(1.184207e-01)
#ProbSurv b 1-|Psi|^2 calls E tol dh dh(prev) dh(last)
0.527179183772	1	4.06536e-11	648706	0.727324	0.0001	0.0001	1.38738e-06	1.09821e-06
