# a = 0.100000
# b = 1.000000
# E = 230000.000000
# tol = 0.000100
# s12 = 0.554977
# s13 = 0.152971
# psi0 = 0.822075 + I0.000000	0.548446 + I0.000000	0.152971 + I0.000000
# dh = 0.000100
# out = data/E2.3e5.0_tol1e-4.log
# model = sun
# scan_steps = 100.000000
# H0 = 
#	 0.000000e+00 0.000000e+00 0.000000e+00
#	 0.000000e+00 5.781295e-01 0.000000e+00
#	 0.000000e+00 0.000000e+00 1.892157e+01
# W = 
#	 6.758072e-01 4.508635e-01 1.257533e-01
#	 4.508635e-01 3.007928e-01 8.389608e-02
#	 1.257533e-01 8.389608e-02 2.340000e-02
# H0W = 
#	 0.000000e+00 -2.606575e-01 -2.379449e+00
#	 2.606575e-01 0.000000e+00 -1.538942e+00
#	 2.379449e+00 1.538942e+00 0.000000e+00
# H0H0W = 
#	 0.000000e+00 1.506938e-01 4.502290e+01
#	 1.506938e-01 0.000000e+00 2.822949e+01
#	 4.502290e+01 2.822949e+01 0.000000e+00
# WH0W = 
#	 8.334890e-01 2.954032e-01 -2.224354e+00
#	 2.954032e-01 2.318049e-02 -1.532477e+00
#	 -2.224354e+00 -1.532477e+00 -8.566695e-01
#################################################
##            CALCULATION COMPLETED            ##
#################################################
# Psi[0]^2 = 0.503952 + I0.000000
# Psi[1]^2 = 0.255828 + I0.000000
# Psi[2]^2 = 0.240220 + I0.000000
# phi0 = 2.635578 
# phi1 = 2.716641 
# phi2 = -0.230087 
# Psi = 
#	3.440830e-01+i(-6.209337e-01)
#	2.085270e-01+i(-4.608082e-01)
#	-1.117785e-01+i(4.772065e-01)
#ProbSurv b 1-|Psi|^2 calls E tol dh dh(prev) dh(last)
0.423146552977	1	-8.4599e-14	9001	230000	0.0001	0.0001	0.0001	5e-05
