# a = 0.100000
# b = 1.000000
# E = 72732.386184
# tol = 0.000100
# s12 = 0.554977
# s13 = 0.152971
# psi0 = 0.822075 + I0.000000	0.548446 + I0.000000	0.152971 + I0.000000
# dh = 0.000100
# out = data/E2.3e4.5_tol1e-4.log
# model = sun
# scan_steps = 100.000000
# H0 = 
#	 0.000000e+00 0.000000e+00 0.000000e+00
#	 0.000000e+00 1.828206e+00 0.000000e+00
#	 0.000000e+00 0.000000e+00 5.983524e+01
# W = 
#	 6.758072e-01 4.508635e-01 1.257533e-01
#	 4.508635e-01 3.007928e-01 8.389608e-02
#	 1.257533e-01 8.389608e-02 2.340000e-02
# H0W = 
#	 0.000000e+00 -8.242715e-01 -7.524478e+00
#	 8.242715e-01 0.000000e+00 -4.866563e+00
#	 7.524478e+00 4.866563e+00 0.000000e+00
# H0H0W = 
#	 0.000000e+00 1.506938e+00 4.502290e+02
#	 1.506938e+00 0.000000e+00 2.822949e+02
#	 4.502290e+02 2.822949e+02 0.000000e+00
# WH0W = 
#	 2.635724e+00 9.341468e-01 -7.034026e+00
#	 9.341468e-01 7.330313e-02 -4.846117e+00
#	 -7.034026e+00 -4.846117e+00 -2.709027e+00
#################################################
##            CALCULATION COMPLETED            ##
#################################################
# Psi[0]^2 = 0.259454 + I0.000000
# Psi[1]^2 = 0.173996 + I0.000000
# Psi[2]^2 = 0.566550 + I0.000000
# phi0 = -2.861749 
# phi1 = -2.603693 
# phi2 = 0.079053 
# Psi = 
#	-1.406896e-01+i(-4.895514e-01)
#	-2.137085e-01+i(-3.582237e-01)
#	5.944055e-02+i(7.503447e-01)
#ProbSurv b 1-|Psi|^2 calls E tol dh dh(prev) dh(last)
0.240934832752	1	-1.16351e-13	9001	72732.4	0.0001	0.0001	0.0001	5e-05
