# a = 0.100000
# b = 1.000000
# E = 2300000.000000
# tol = 0.000100
# s12 = 0.554977
# s13 = 0.152971
# psi0 = 0.822075 + I0.000000	0.548446 + I0.000000	0.152971 + I0.000000
# dh = 0.000100
# out = data/E2.3e6.0_tol1e-4.log
# model = sun
# scan_steps = 100.000000
# H0 = 
#	 0.000000e+00 0.000000e+00 0.000000e+00
#	 0.000000e+00 5.781295e-02 0.000000e+00
#	 0.000000e+00 0.000000e+00 1.892157e+00
# W = 
#	 6.758072e-01 4.508635e-01 1.257533e-01
#	 4.508635e-01 3.007928e-01 8.389608e-02
#	 1.257533e-01 8.389608e-02 2.340000e-02
# H0W = 
#	 0.000000e+00 -2.606575e-02 -2.379449e-01
#	 2.606575e-02 0.000000e+00 -1.538942e-01
#	 2.379449e-01 1.538942e-01 0.000000e+00
# H0H0W = 
#	 0.000000e+00 1.506938e-03 4.502290e-01
#	 1.506938e-03 0.000000e+00 2.822949e-01
#	 4.502290e-01 2.822949e-01 0.000000e+00
# WH0W = 
#	 8.334890e-02 2.954032e-02 -2.224354e-01
#	 2.954032e-02 2.318049e-03 -1.532477e-01
#	 -2.224354e-01 -1.532477e-01 -8.566695e-02
#################################################
##            CALCULATION COMPLETED            ##
#################################################
# Psi[0]^2 = 0.665396 + I0.000000
# Psi[1]^2 = 0.300038 + I0.000000
# Psi[2]^2 = 0.034566 + I0.000000
# phi0 = 2.245795 
# phi1 = 2.253702 
# phi2 = 2.513336 
# Psi = 
#	6.368378e-01+i(-5.097391e-01)
#	4.249181e-01+i(-3.456619e-01)
#	1.092716e-01+i(-1.504189e-01)
#ProbSurv b 1-|Psi|^2 calls E tol dh dh(prev) dh(last)
0.540737612653	1	-7.34968e-14	9001	2.3e+06	0.0001	0.0001	0.0001	5e-05
