# a = 0.100000
# b = 1.000000
# E = 75894.663844
# tol = 0.000100
# s12 = 0.554977
# s13 = 0.152971
# psi0 = 0.822075 + I0.000000	0.548446 + I0.000000	0.152971 + I0.000000
# dh = 0.000100
# out = data/E2.4e4.5_tol1e-4.log
# model = sun
# scan_steps = 100.000000
# H0 = 
#	 0.000000e+00 0.000000e+00 0.000000e+00
#	 0.000000e+00 1.752031e+00 0.000000e+00
#	 0.000000e+00 0.000000e+00 5.734211e+01
# W = 
#	 6.758072e-01 4.508635e-01 1.257533e-01
#	 4.508635e-01 3.007928e-01 8.389608e-02
#	 1.257533e-01 8.389608e-02 2.340000e-02
# H0W = 
#	 0.000000e+00 -7.899268e-01 -7.210958e+00
#	 7.899268e-01 0.000000e+00 -4.663789e+00
#	 7.210958e+00 4.663789e+00 0.000000e+00
# H0H0W = 
#	 0.000000e+00 1.383976e+00 4.134916e+02
#	 1.383976e+00 0.000000e+00 2.592604e+02
#	 4.134916e+02 2.592604e+02 0.000000e+00
# WH0W = 
#	 2.525902e+00 8.952240e-01 -6.740942e+00
#	 8.952240e-01 7.024883e-02 -4.644196e+00
#	 -6.740942e+00 -4.644196e+00 -2.596151e+00
#################################################
##            CALCULATION COMPLETED            ##
#################################################
# Psi[0]^2 = 0.271988 + I0.000000
# Psi[1]^2 = 0.179378 + I0.000000
# Psi[2]^2 = 0.548635 + I0.000000
# phi0 = -2.903644 
# phi1 = -2.657734 
# phi2 = -0.807122 
# Psi = 
#	-1.229284e-01+i(-5.068297e-01)
#	-1.970253e-01+i(-3.749116e-01)
#	-5.350066e-01+i(5.122524e-01)
#ProbSurv b 1-|Psi|^2 calls E tol dh dh(prev) dh(last)
0.250604825726	1	-8.63754e-14	9001	75894.7	0.0001	0.0001	0.0001	5e-05
