# a = 0.100000
# b = 1.000000
# E = 0.758947
# tol = 0.000100
# s12 = 0.554977
# s13 = 0.152971
# psi0 = 0.822075 + I0.000000	0.548446 + I0.000000	0.152971 + I0.000000
# dh = 0.000100
# out = data/E2.4e-0.5_tol1e-4.log
# model = sun
# scan_steps = 100.000000
# H0 = 
#	 0.000000e+00 0.000000e+00 0.000000e+00
#	 0.000000e+00 1.752031e+05 0.000000e+00
#	 0.000000e+00 0.000000e+00 5.734211e+06
# W = 
#	 6.758072e-01 4.508635e-01 1.257533e-01
#	 4.508635e-01 3.007928e-01 8.389608e-02
#	 1.257533e-01 8.389608e-02 2.340000e-02
# H0W = 
#	 0.000000e+00 -7.899268e+04 -7.210958e+05
#	 7.899268e+04 0.000000e+00 -4.663789e+05
#	 7.210958e+05 4.663789e+05 0.000000e+00
# H0H0W = 
#	 0.000000e+00 1.383976e+10 4.134916e+12
#	 1.383976e+10 0.000000e+00 2.592604e+12
#	 4.134916e+12 2.592604e+12 0.000000e+00
# WH0W = 
#	 2.525902e+05 8.952240e+04 -6.740942e+05
#	 8.952240e+04 7.024883e+03 -4.644196e+05
#	 -6.740942e+05 -4.644196e+05 -2.596151e+05
#################################################
##            CALCULATION COMPLETED            ##
#################################################
# Psi[0]^2 = 0.618583 + I0.000000
# Psi[1]^2 = 0.357831 + I0.000000
# Psi[2]^2 = 0.023586 + I0.000000
# phi0 = 0.215603 
# phi1 = 2.635341 
# phi2 = -2.636408 
# Psi = 
#	1.682612e-01+i(7.682909e-01)
#	2.900638e-01+i(-5.231579e-01)
#	-7.432678e-02+i(-1.343935e-01)
#ProbSurv b 1-|Psi|^2 calls E tol dh dh(prev) dh(last)
0.526227617638	1	6.95234e-11	490072	0.758947	0.0001	0.0001	1.83647e-06	1.4262e-06
