# a = 0.100000
# b = 1.000000
# E = 7.589466
# tol = 0.000100
# s12 = 0.554977
# s13 = 0.152971
# psi0 = 0.822075 + I0.000000	0.548446 + I0.000000	0.152971 + I0.000000
# dh = 0.000100
# out = data/E2.4e0.5_tol1e-4.log
# model = sun
# scan_steps = 100.000000
# H0 = 
#	 0.000000e+00 0.000000e+00 0.000000e+00
#	 0.000000e+00 1.752031e+04 0.000000e+00
#	 0.000000e+00 0.000000e+00 5.734211e+05
# W = 
#	 6.758072e-01 4.508635e-01 1.257533e-01
#	 4.508635e-01 3.007928e-01 8.389608e-02
#	 1.257533e-01 8.389608e-02 2.340000e-02
# H0W = 
#	 0.000000e+00 -7.899268e+03 -7.210958e+04
#	 7.899268e+03 0.000000e+00 -4.663789e+04
#	 7.210958e+04 4.663789e+04 0.000000e+00
# H0H0W = 
#	 0.000000e+00 1.383976e+08 4.134916e+10
#	 1.383976e+08 0.000000e+00 2.592604e+10
#	 4.134916e+10 2.592604e+10 0.000000e+00
# WH0W = 
#	 2.525902e+04 8.952240e+03 -6.740942e+04
#	 8.952240e+03 7.024883e+02 -4.644196e+04
#	 -6.740942e+04 -4.644196e+04 -2.596151e+04
#################################################
##            CALCULATION COMPLETED            ##
#################################################
# Psi[0]^2 = 0.147897 + I0.000000
# Psi[1]^2 = 0.826668 + I0.000000
# Psi[2]^2 = 0.025435 + I0.000000
# phi0 = -1.933640 
# phi1 = 1.382147 
# phi2 = 0.352240 
# Psi = 
#	-3.595352e-01+i(-1.364986e-01)
#	8.930819e-01+i(1.705069e-01)
#	5.502153e-02+i(1.496906e-01)
#ProbSurv b 1-|Psi|^2 calls E tol dh dh(prev) dh(last)
0.349201093353	1	-9.6394e-12	26265	7.58947	0.0001	0.0001	3.42684e-05	2.17267e-05
