# a = 0.100000
# b = 1.000000
# E = 7589.466384
# tol = 0.000100
# s12 = 0.554977
# s13 = 0.152971
# psi0 = 0.822075 + I0.000000	0.548446 + I0.000000	0.152971 + I0.000000
# dh = 0.000100
# out = data/E2.4e3.5_tol1e-4.log
# model = sun
# scan_steps = 100.000000
# H0 = 
#	 0.000000e+00 0.000000e+00 0.000000e+00
#	 0.000000e+00 1.752031e+01 0.000000e+00
#	 0.000000e+00 0.000000e+00 5.734211e+02
# W = 
#	 6.758072e-01 4.508635e-01 1.257533e-01
#	 4.508635e-01 3.007928e-01 8.389608e-02
#	 1.257533e-01 8.389608e-02 2.340000e-02
# H0W = 
#	 0.000000e+00 -7.899268e+00 -7.210958e+01
#	 7.899268e+00 0.000000e+00 -4.663789e+01
#	 7.210958e+01 4.663789e+01 0.000000e+00
# H0H0W = 
#	 0.000000e+00 1.383976e+02 4.134916e+04
#	 1.383976e+02 0.000000e+00 2.592604e+04
#	 4.134916e+04 2.592604e+04 0.000000e+00
# WH0W = 
#	 2.525902e+01 8.952240e+00 -6.740942e+01
#	 8.952240e+00 7.024883e-01 -4.644196e+01
#	 -6.740942e+01 -4.644196e+01 -2.596151e+01
#################################################
##            CALCULATION COMPLETED            ##
#################################################
# Psi[0]^2 = 0.000013 + I0.000000
# Psi[1]^2 = 0.000359 + I0.000000
# Psi[2]^2 = 0.999628 + I0.000000
# phi0 = -2.004133 
# phi1 = 1.307633 
# phi2 = -0.637519 
# Psi = 
#	-3.221677e-03+i(-1.490558e-03)
#	1.829461e-02+i(4.928781e-03)
#	-5.950933e-01+i(8.034254e-01)
#ProbSurv b 1-|Psi|^2 calls E tol dh dh(prev) dh(last)
0.023507801006	1	-1.09024e-13	9001	7589.47	0.0001	0.0001	0.0001	5e-05
