# a = 0.100000
# b = 1.000000
# E = 758.946638
# tol = 0.000100
# s12 = 0.554977
# s13 = 0.152971
# psi0 = 0.822075 + I0.000000	0.548446 + I0.000000	0.152971 + I0.000000
# dh = 0.000100
# out = data/E2.4e2.5_tol1e-4.log
# model = sun
# scan_steps = 100.000000
# H0 = 
#	 0.000000e+00 0.000000e+00 0.000000e+00
#	 0.000000e+00 1.752031e+02 0.000000e+00
#	 0.000000e+00 0.000000e+00 5.734211e+03
# W = 
#	 6.758072e-01 4.508635e-01 1.257533e-01
#	 4.508635e-01 3.007928e-01 8.389608e-02
#	 1.257533e-01 8.389608e-02 2.340000e-02
# H0W = 
#	 0.000000e+00 -7.899268e+01 -7.210958e+02
#	 7.899268e+01 0.000000e+00 -4.663789e+02
#	 7.210958e+02 4.663789e+02 0.000000e+00
# H0H0W = 
#	 0.000000e+00 1.383976e+04 4.134916e+06
#	 1.383976e+04 0.000000e+00 2.592604e+06
#	 4.134916e+06 2.592604e+06 0.000000e+00
# WH0W = 
#	 2.525902e+02 8.952240e+01 -6.740942e+02
#	 8.952240e+01 7.024883e+00 -4.644196e+02
#	 -6.740942e+02 -4.644196e+02 -2.596151e+02
#################################################
##            CALCULATION COMPLETED            ##
#################################################
# Psi[0]^2 = 0.000011 + I0.000000
# Psi[1]^2 = 0.002368 + I0.000000
# Psi[2]^2 = 0.997620 + I0.000000
# phi0 = -0.063324 
# phi1 = 2.846558 
# phi2 = -0.816756 
# Psi = 
#	-2.145260e-04+i(3.383229e-03)
#	1.415068e-02+i(-4.656307e-02)
#	-7.280612e-01+i(6.837741e-01)
#ProbSurv b 1-|Psi|^2 calls E tol dh dh(prev) dh(last)
0.0240644640457	1	-1.51656e-13	9001	758.947	0.0001	0.0001	0.0001	5e-05
