# a = 0.100000
# b = 1.000000
# E = 2.400000
# tol = 0.000100
# s12 = 0.554977
# s13 = 0.152971
# psi0 = 0.822075 + I0.000000	0.548446 + I0.000000	0.152971 + I0.000000
# dh = 0.000100
# out = data/E2.4e0.0_tol1e-4.log
# model = sun
# scan_steps = 100.000000
# H0 = 
#	 0.000000e+00 0.000000e+00 0.000000e+00
#	 0.000000e+00 5.540408e+04 0.000000e+00
#	 0.000000e+00 0.000000e+00 1.813317e+06
# W = 
#	 6.758072e-01 4.508635e-01 1.257533e-01
#	 4.508635e-01 3.007928e-01 8.389608e-02
#	 1.257533e-01 8.389608e-02 2.340000e-02
# H0W = 
#	 0.000000e+00 -2.497968e+04 -2.280305e+05
#	 2.497968e+04 0.000000e+00 -1.474820e+05
#	 2.280305e+05 1.474820e+05 0.000000e+00
# H0H0W = 
#	 0.000000e+00 1.383976e+09 4.134916e+11
#	 1.383976e+09 0.000000e+00 2.592604e+11
#	 4.134916e+11 2.592604e+11 0.000000e+00
# WH0W = 
#	 7.987603e+04 2.830947e+04 -2.131673e+05
#	 2.830947e+04 2.221463e+03 -1.468624e+05
#	 -2.131673e+05 -1.468624e+05 -8.209749e+04
#################################################
##            CALCULATION COMPLETED            ##
#################################################
# Psi[0]^2 = 0.476873 + I0.000000
# Psi[1]^2 = 0.499131 + I0.000000
# Psi[2]^2 = 0.023996 + I0.000000
# phi0 = -1.288038 
# phi1 = -2.003786 
# phi2 = -0.608661 
# Psi = 
#	-6.631376e-01+i(1.926703e-01)
#	-6.412934e-01+i(-2.964347e-01)
#	-8.857059e-02+i(1.270872e-01)
#ProbSurv b 1-|Psi|^2 calls E tol dh dh(prev) dh(last)
0.472970869459	1	-4.95026e-12	133336	2.4	0.0001	0.0001	6.74996e-06	3.79151e-06
