# a = 0.100000
# b = 1.000000
# E = 24.000000
# tol = 0.000100
# s12 = 0.554977
# s13 = 0.152971
# psi0 = 0.822075 + I0.000000	0.548446 + I0.000000	0.152971 + I0.000000
# dh = 0.000100
# out = data/E2.4e1.0_tol1e-4.log
# model = sun
# scan_steps = 100.000000
# H0 = 
#	 0.000000e+00 0.000000e+00 0.000000e+00
#	 0.000000e+00 5.540408e+03 0.000000e+00
#	 0.000000e+00 0.000000e+00 1.813317e+05
# W = 
#	 6.758072e-01 4.508635e-01 1.257533e-01
#	 4.508635e-01 3.007928e-01 8.389608e-02
#	 1.257533e-01 8.389608e-02 2.340000e-02
# H0W = 
#	 0.000000e+00 -2.497968e+03 -2.280305e+04
#	 2.497968e+03 0.000000e+00 -1.474820e+04
#	 2.280305e+04 1.474820e+04 0.000000e+00
# H0H0W = 
#	 0.000000e+00 1.383976e+07 4.134916e+09
#	 1.383976e+07 0.000000e+00 2.592604e+09
#	 4.134916e+09 2.592604e+09 0.000000e+00
# WH0W = 
#	 7.987603e+03 2.830947e+03 -2.131673e+04
#	 2.830947e+03 2.221463e+02 -1.468624e+04
#	 -2.131673e+04 -1.468624e+04 -8.209749e+03
#################################################
##            CALCULATION COMPLETED            ##
#################################################
# Psi[0]^2 = 0.014791 + I0.000000
# Psi[1]^2 = 0.954689 + I0.000000
# Psi[2]^2 = 0.030520 + I0.000000
# phi0 = 2.217387 
# phi1 = 1.109872 
# phi2 = -1.424878 
# Psi = 
#	9.706941e-02+i(-7.327179e-02)
#	8.751155e-01+i(4.345826e-01)
#	-1.728423e-01+i(2.540133e-02)
#ProbSurv b 1-|Psi|^2 calls E tol dh dh(prev) dh(last)
0.297873778293	1	-3.7792e-12	9001	24	0.0001	0.0001	0.0001	5e-05
