# a = 0.100000
# b = 1.000000
# E = 0.240000
# tol = 0.000100
# s12 = 0.554977
# s13 = 0.152971
# psi0 = 0.822075 + I0.000000	0.548446 + I0.000000	0.152971 + I0.000000
# dh = 0.000100
# out = data/E2.4e-1.0_tol1e-4.log
# model = sun
# scan_steps = 100.000000
# H0 = 
#	 0.000000e+00 0.000000e+00 0.000000e+00
#	 0.000000e+00 5.540408e+05 0.000000e+00
#	 0.000000e+00 0.000000e+00 1.813317e+07
# W = 
#	 6.758072e-01 4.508635e-01 1.257533e-01
#	 4.508635e-01 3.007928e-01 8.389608e-02
#	 1.257533e-01 8.389608e-02 2.340000e-02
# H0W = 
#	 0.000000e+00 -2.497968e+05 -2.280305e+06
#	 2.497968e+05 0.000000e+00 -1.474820e+06
#	 2.280305e+06 1.474820e+06 0.000000e+00
# H0H0W = 
#	 0.000000e+00 1.383976e+11 4.134916e+13
#	 1.383976e+11 0.000000e+00 2.592604e+13
#	 4.134916e+13 2.592604e+13 0.000000e+00
# WH0W = 
#	 7.987603e+05 2.830947e+05 -2.131673e+06
#	 2.830947e+05 2.221463e+04 -1.468624e+06
#	 -2.131673e+06 -1.468624e+06 -8.209749e+05
#################################################
##            CALCULATION COMPLETED            ##
#################################################
# Psi[0]^2 = 0.658510 + I0.000000
# Psi[1]^2 = 0.318032 + I0.000000
# Psi[2]^2 = 0.023459 + I0.000000
# phi0 = 2.137390 
# phi1 = -2.339725 
# phi2 = 1.102011 
# Psi = 
#	6.846787e-01+i(-4.355743e-01)
#	-4.052811e-01+i(-3.921464e-01)
#	1.366386e-01+i(6.919903e-02)
#ProbSurv b 1-|Psi|^2 calls E tol dh dh(prev) dh(last)
0.541236233488	1	-3.03566e-11	2432522	0.24	0.0001	0.0001	3.69987e-07	2.30021e-07
