# a = 0.100000
# b = 1.000000
# E = 79.056942
# tol = 0.000100
# s12 = 0.554977
# s13 = 0.152971
# psi0 = 0.822075 + I0.000000	0.548446 + I0.000000	0.152971 + I0.000000
# dh = 0.000100
# out = data/E2.5e1.5_tol1e-4.log
# model = sun
# scan_steps = 100.000000
# H0 = 
#	 0.000000e+00 0.000000e+00 0.000000e+00
#	 0.000000e+00 1.681950e+03 0.000000e+00
#	 0.000000e+00 0.000000e+00 5.504842e+04
# W = 
#	 6.758072e-01 4.508635e-01 1.257533e-01
#	 4.508635e-01 3.007928e-01 8.389608e-02
#	 1.257533e-01 8.389608e-02 2.340000e-02
# H0W = 
#	 0.000000e+00 -7.583297e+02 -6.922520e+03
#	 7.583297e+02 0.000000e+00 -4.477238e+03
#	 6.922520e+03 4.477238e+03 0.000000e+00
# H0H0W = 
#	 0.000000e+00 1.275472e+06 3.810738e+08
#	 1.275472e+06 0.000000e+00 2.389344e+08
#	 3.810738e+08 2.389344e+08 0.000000e+00
# WH0W = 
#	 2.424866e+03 8.594150e+02 -6.471304e+03
#	 8.594150e+02 6.743888e+01 -4.458428e+03
#	 -6.471304e+03 -4.458428e+03 -2.492305e+03
#################################################
##            CALCULATION COMPLETED            ##
#################################################
# Psi[0]^2 = 0.001266 + I0.000000
# Psi[1]^2 = 0.933348 + I0.000000
# Psi[2]^2 = 0.065386 + I0.000000
# phi0 = -2.924233 
# phi1 = -2.796666 
# phi2 = -1.331259 
# Psi = 
#	-7.673676e-03+i(-3.474627e-02)
#	-3.266648e-01+i(-9.091963e-01)
#	-2.484059e-01+i(6.066720e-02)
#ProbSurv b 1-|Psi|^2 calls E tol dh dh(prev) dh(last)
 0.28313003169	1	1.95843e-13	9001	79.0569	0.0001	0.0001	0.0001	5e-05
