# a = 0.100000
# b = 1.000000
# E = 25.000000
# tol = 0.000100
# s12 = 0.554977
# s13 = 0.152971
# psi0 = 0.822075 + I0.000000	0.548446 + I0.000000	0.152971 + I0.000000
# dh = 0.000100
# out = data/E2.5e1.0_tol1e-4.log
# model = sun
# scan_steps = 100.000000
# H0 = 
#	 0.000000e+00 0.000000e+00 0.000000e+00
#	 0.000000e+00 5.318791e+03 0.000000e+00
#	 0.000000e+00 0.000000e+00 1.740784e+05
# W = 
#	 6.758072e-01 4.508635e-01 1.257533e-01
#	 4.508635e-01 3.007928e-01 8.389608e-02
#	 1.257533e-01 8.389608e-02 2.340000e-02
# H0W = 
#	 0.000000e+00 -2.398049e+03 -2.189093e+04
#	 2.398049e+03 0.000000e+00 -1.415827e+04
#	 2.189093e+04 1.415827e+04 0.000000e+00
# H0H0W = 
#	 0.000000e+00 1.275472e+07 3.810738e+09
#	 1.275472e+07 0.000000e+00 2.389344e+09
#	 3.810738e+09 2.389344e+09 0.000000e+00
# WH0W = 
#	 7.668099e+03 2.717709e+03 -2.046406e+04
#	 2.717709e+03 2.132605e+02 -1.409879e+04
#	 -2.046406e+04 -1.409879e+04 -7.881359e+03
#################################################
##            CALCULATION COMPLETED            ##
#################################################
# Psi[0]^2 = 0.013588 + I0.000000
# Psi[1]^2 = 0.955531 + I0.000000
# Psi[2]^2 = 0.030881 + I0.000000
# phi0 = -0.547928 
# phi1 = -0.958655 
# phi2 = -0.976872 
# Psi = 
#	-6.072230e-02+i(9.950264e-02)
#	-8.000153e-01+i(5.616994e-01)
#	-1.456370e-01+i(9.834200e-02)
#ProbSurv b 1-|Psi|^2 calls E tol dh dh(prev) dh(last)
0.297322236596	1	-2.55485e-12	9001	25	0.0001	0.0001	0.0001	5e-05
