# a = 0.100000
# b = 1.000000
# E = 790569.415042
# tol = 0.000100
# s12 = 0.554977
# s13 = 0.152971
# psi0 = 0.822075 + I0.000000	0.548446 + I0.000000	0.152971 + I0.000000
# dh = 0.000100
# out = data/E2.5e5.5_tol1e-4.log
# model = sun
# scan_steps = 100.000000
# H0 = 
#	 0.000000e+00 0.000000e+00 0.000000e+00
#	 0.000000e+00 1.681950e-01 0.000000e+00
#	 0.000000e+00 0.000000e+00 5.504842e+00
# W = 
#	 6.758072e-01 4.508635e-01 1.257533e-01
#	 4.508635e-01 3.007928e-01 8.389608e-02
#	 1.257533e-01 8.389608e-02 2.340000e-02
# H0W = 
#	 0.000000e+00 -7.583297e-02 -6.922520e-01
#	 7.583297e-02 0.000000e+00 -4.477238e-01
#	 6.922520e-01 4.477238e-01 0.000000e+00
# H0H0W = 
#	 0.000000e+00 1.275472e-02 3.810738e+00
#	 1.275472e-02 0.000000e+00 2.389344e+00
#	 3.810738e+00 2.389344e+00 0.000000e+00
# WH0W = 
#	 2.424866e-01 8.594150e-02 -6.471304e-01
#	 8.594150e-02 6.743888e-03 -4.458428e-01
#	 -6.471304e-01 -4.458428e-01 -2.492305e-01
#################################################
##            CALCULATION COMPLETED            ##
#################################################
# Psi[0]^2 = 0.639192 + I0.000000
# Psi[1]^2 = 0.295538 + I0.000000
# Psi[2]^2 = 0.065270 + I0.000000
# phi0 = 2.336874 
# phi1 = 2.359871 
# phi2 = -3.122919 
# Psi = 
#	5.761444e-01+i(-5.543009e-01)
#	3.829914e-01+i(-3.858178e-01)
#	-4.770366e-03+i(-2.554358e-01)
#ProbSurv b 1-|Psi|^2 calls E tol dh dh(prev) dh(last)
 0.52239349249	1	-1.04805e-13	9001	790569	0.0001	0.0001	0.0001	5e-05
