# a = 0.100000
# b = 1.000000
# E = 2500000.000000
# tol = 0.000100
# s12 = 0.554977
# s13 = 0.152971
# psi0 = 0.822075 + I0.000000	0.548446 + I0.000000	0.152971 + I0.000000
# dh = 0.000100
# out = data/E2.5e6.0_tol1e-4.log
# model = sun
# scan_steps = 100.000000
# H0 = 
#	 0.000000e+00 0.000000e+00 0.000000e+00
#	 0.000000e+00 5.318791e-02 0.000000e+00
#	 0.000000e+00 0.000000e+00 1.740784e+00
# W = 
#	 6.758072e-01 4.508635e-01 1.257533e-01
#	 4.508635e-01 3.007928e-01 8.389608e-02
#	 1.257533e-01 8.389608e-02 2.340000e-02
# H0W = 
#	 0.000000e+00 -2.398049e-02 -2.189093e-01
#	 2.398049e-02 0.000000e+00 -1.415827e-01
#	 2.189093e-01 1.415827e-01 0.000000e+00
# H0H0W = 
#	 0.000000e+00 1.275472e-03 3.810738e-01
#	 1.275472e-03 0.000000e+00 2.389344e-01
#	 3.810738e-01 2.389344e-01 0.000000e+00
# WH0W = 
#	 7.668099e-02 2.717709e-02 -2.046406e-01
#	 2.717709e-02 2.132605e-03 -1.409879e-01
#	 -2.046406e-01 -1.409879e-01 -7.881359e-02
#################################################
##            CALCULATION COMPLETED            ##
#################################################
# Psi[0]^2 = 0.666310 + I0.000000
# Psi[1]^2 = 0.300136 + I0.000000
# Psi[2]^2 = 0.033554 + I0.000000
# phi0 = 2.241988 
# phi1 = 2.249263 
# phi2 = 2.487516 
# Psi = 
#	6.392120e-01+i(-5.076589e-01)
#	4.265184e-01+i(-3.438286e-01)
#	1.114507e-01+i(-1.453722e-01)
#ProbSurv b 1-|Psi|^2 calls E tol dh dh(prev) dh(last)
0.541360752363	1	-9.63674e-14	9001	2.5e+06	0.0001	0.0001	0.0001	5e-05
