# a = 0.100000
# b = 1.000000
# E = 250000.000000
# tol = 0.000100
# s12 = 0.554977
# s13 = 0.152971
# psi0 = 0.822075 + I0.000000	0.548446 + I0.000000	0.152971 + I0.000000
# dh = 0.000100
# out = data/E2.5e5.0_tol1e-4.log
# model = sun
# scan_steps = 100.000000
# H0 = 
#	 0.000000e+00 0.000000e+00 0.000000e+00
#	 0.000000e+00 5.318791e-01 0.000000e+00
#	 0.000000e+00 0.000000e+00 1.740784e+01
# W = 
#	 6.758072e-01 4.508635e-01 1.257533e-01
#	 4.508635e-01 3.007928e-01 8.389608e-02
#	 1.257533e-01 8.389608e-02 2.340000e-02
# H0W = 
#	 0.000000e+00 -2.398049e-01 -2.189093e+00
#	 2.398049e-01 0.000000e+00 -1.415827e+00
#	 2.189093e+00 1.415827e+00 0.000000e+00
# H0H0W = 
#	 0.000000e+00 1.275472e-01 3.810738e+01
#	 1.275472e-01 0.000000e+00 2.389344e+01
#	 3.810738e+01 2.389344e+01 0.000000e+00
# WH0W = 
#	 7.668099e-01 2.717709e-01 -2.046406e+00
#	 2.717709e-01 2.132605e-02 -1.409879e+00
#	 -2.046406e+00 -1.409879e+00 -7.881359e-01
#################################################
##            CALCULATION COMPLETED            ##
#################################################
# Psi[0]^2 = 0.517539 + I0.000000
# Psi[1]^2 = 0.260087 + I0.000000
# Psi[2]^2 = 0.222374 + I0.000000
# phi0 = 2.606486 
# phi1 = 2.680842 
# phi2 = -0.597169 
# Psi = 
#	3.668464e-01+i(-6.188397e-01)
#	2.267509e-01+i(-4.568050e-01)
#	-2.651633e-01+i(3.899523e-01)
#ProbSurv b 1-|Psi|^2 calls E tol dh dh(prev) dh(last)
0.433192255143	1	-1.17018e-13	9001	250000	0.0001	0.0001	0.0001	5e-05
