# a = 0.100000
# b = 1.000000
# E = 25000.000000
# tol = 0.000100
# s12 = 0.554977
# s13 = 0.152971
# psi0 = 0.822075 + I0.000000	0.548446 + I0.000000	0.152971 + I0.000000
# dh = 0.000100
# out = data/E2.5e4.0_tol1e-4.log
# model = sun
# scan_steps = 100.000000
# H0 = 
#	 0.000000e+00 0.000000e+00 0.000000e+00
#	 0.000000e+00 5.318791e+00 0.000000e+00
#	 0.000000e+00 0.000000e+00 1.740784e+02
# W = 
#	 6.758072e-01 4.508635e-01 1.257533e-01
#	 4.508635e-01 3.007928e-01 8.389608e-02
#	 1.257533e-01 8.389608e-02 2.340000e-02
# H0W = 
#	 0.000000e+00 -2.398049e+00 -2.189093e+01
#	 2.398049e+00 0.000000e+00 -1.415827e+01
#	 2.189093e+01 1.415827e+01 0.000000e+00
# H0H0W = 
#	 0.000000e+00 1.275472e+01 3.810738e+03
#	 1.275472e+01 0.000000e+00 2.389344e+03
#	 3.810738e+03 2.389344e+03 0.000000e+00
# WH0W = 
#	 7.668099e+00 2.717709e+00 -2.046406e+01
#	 2.717709e+00 2.132605e-01 -1.409879e+01
#	 -2.046406e+01 -1.409879e+01 -7.881359e+00
#################################################
##            CALCULATION COMPLETED            ##
#################################################
# Psi[0]^2 = 0.036888 + I0.000000
# Psi[1]^2 = 0.052843 + I0.000000
# Psi[2]^2 = 0.910269 + I0.000000
# phi0 = -0.937477 
# phi1 = -0.158875 
# phi2 = -2.569133 
# Psi = 
#	-1.548152e-01+i(1.136670e-01)
#	-3.636818e-02+i(2.269815e-01)
#	-5.168267e-01+i(-8.019719e-01)
#ProbSurv b 1-|Psi|^2 calls E tol dh dh(prev) dh(last)
0.0621242864792	1	-1.31228e-13	9001	25000	0.0001	0.0001	0.0001	5e-05
