# a = 0.100000
# b = 1.000000
# E = 7.905694
# tol = 0.000100
# s12 = 0.554977
# s13 = 0.152971
# psi0 = 0.822075 + I0.000000	0.548446 + I0.000000	0.152971 + I0.000000
# dh = 0.000100
# out = data/E2.5e0.5_tol1e-4.log
# model = sun
# scan_steps = 100.000000
# H0 = 
#	 0.000000e+00 0.000000e+00 0.000000e+00
#	 0.000000e+00 1.681950e+04 0.000000e+00
#	 0.000000e+00 0.000000e+00 5.504842e+05
# W = 
#	 6.758072e-01 4.508635e-01 1.257533e-01
#	 4.508635e-01 3.007928e-01 8.389608e-02
#	 1.257533e-01 8.389608e-02 2.340000e-02
# H0W = 
#	 0.000000e+00 -7.583297e+03 -6.922520e+04
#	 7.583297e+03 0.000000e+00 -4.477238e+04
#	 6.922520e+04 4.477238e+04 0.000000e+00
# H0H0W = 
#	 0.000000e+00 1.275472e+08 3.810738e+10
#	 1.275472e+08 0.000000e+00 2.389344e+10
#	 3.810738e+10 2.389344e+10 0.000000e+00
# WH0W = 
#	 2.424866e+04 8.594150e+03 -6.471304e+04
#	 8.594150e+03 6.743888e+02 -4.458428e+04
#	 -6.471304e+04 -4.458428e+04 -2.492305e+04
#################################################
##            CALCULATION COMPLETED            ##
#################################################
# Psi[0]^2 = 0.137957 + I0.000000
# Psi[1]^2 = 0.836551 + I0.000000
# Psi[2]^2 = 0.025492 + I0.000000
# phi0 = -2.359449 
# phi1 = -0.648707 
# phi2 = -2.496724 
# Psi = 
#	-2.617816e-01+i(-2.634912e-01)
#	-5.525809e-01+i(7.288381e-01)
#	-9.597215e-02+i(-1.275990e-01)
#ProbSurv b 1-|Psi|^2 calls E tol dh dh(prev) dh(last)
0.345457402592	1	-8.97793e-12	25260	7.90569	0.0001	0.0001	3.56323e-05	1.80464e-05
