# a = 0.100000
# b = 1.000000
# E = 2.500000
# tol = 0.000100
# s12 = 0.554977
# s13 = 0.152971
# psi0 = 0.822075 + I0.000000	0.548446 + I0.000000	0.152971 + I0.000000
# dh = 0.000100
# out = data/E2.5e0.0_tol1e-4.log
# model = sun
# scan_steps = 100.000000
# H0 = 
#	 0.000000e+00 0.000000e+00 0.000000e+00
#	 0.000000e+00 5.318791e+04 0.000000e+00
#	 0.000000e+00 0.000000e+00 1.740784e+06
# W = 
#	 6.758072e-01 4.508635e-01 1.257533e-01
#	 4.508635e-01 3.007928e-01 8.389608e-02
#	 1.257533e-01 8.389608e-02 2.340000e-02
# H0W = 
#	 0.000000e+00 -2.398049e+04 -2.189093e+05
#	 2.398049e+04 0.000000e+00 -1.415827e+05
#	 2.189093e+05 1.415827e+05 0.000000e+00
# H0H0W = 
#	 0.000000e+00 1.275472e+09 3.810738e+11
#	 1.275472e+09 0.000000e+00 2.389344e+11
#	 3.810738e+11 2.389344e+11 0.000000e+00
# WH0W = 
#	 7.668099e+04 2.717709e+04 -2.046406e+05
#	 2.717709e+04 2.132605e+03 -1.409879e+05
#	 -2.046406e+05 -1.409879e+05 -7.881359e+04
#################################################
##            CALCULATION COMPLETED            ##
#################################################
# Psi[0]^2 = 0.467957 + I0.000000
# Psi[1]^2 = 0.507997 + I0.000000
# Psi[2]^2 = 0.024046 + I0.000000
# phi0 = 0.498694 
# phi1 = -0.297896 
# phi2 = 2.300043 
# Psi = 
#	3.271782e-01+i(6.007591e-01)
#	-2.091957e-01+i(6.813472e-01)
#	1.156305e-01+i(-1.033230e-01)
#ProbSurv b 1-|Psi|^2 calls E tol dh dh(prev) dh(last)
0.469613223535	1	-8.66041e-12	120313	2.5	0.0001	0.0001	7.4806e-06	4.21863e-06
