# a = 0.100000
# b = 1.000000
# E = 0.250000
# tol = 0.000100
# s12 = 0.554977
# s13 = 0.152971
# psi0 = 0.822075 + I0.000000	0.548446 + I0.000000	0.152971 + I0.000000
# dh = 0.000100
# out = data/E2.5e-1.0_tol1e-4.log
# model = sun
# scan_steps = 100.000000
# H0 = 
#	 0.000000e+00 0.000000e+00 0.000000e+00
#	 0.000000e+00 5.318791e+05 0.000000e+00
#	 0.000000e+00 0.000000e+00 1.740784e+07
# W = 
#	 6.758072e-01 4.508635e-01 1.257533e-01
#	 4.508635e-01 3.007928e-01 8.389608e-02
#	 1.257533e-01 8.389608e-02 2.340000e-02
# H0W = 
#	 0.000000e+00 -2.398049e+05 -2.189093e+06
#	 2.398049e+05 0.000000e+00 -1.415827e+06
#	 2.189093e+06 1.415827e+06 0.000000e+00
# H0H0W = 
#	 0.000000e+00 1.275472e+11 3.810738e+13
#	 1.275472e+11 0.000000e+00 2.389344e+13
#	 3.810738e+13 2.389344e+13 0.000000e+00
# WH0W = 
#	 7.668099e+05 2.717709e+05 -2.046406e+06
#	 2.717709e+05 2.132605e+04 -1.409879e+06
#	 -2.046406e+06 -1.409879e+06 -7.881359e+05
#################################################
##            CALCULATION COMPLETED            ##
#################################################
# Psi[0]^2 = 0.657774 + I0.000000
# Psi[1]^2 = 0.318765 + I0.000000
# Psi[2]^2 = 0.023461 + I0.000000
# phi0 = 1.745215 
# phi1 = 1.696590 
# phi2 = -1.359204 
# Psi = 
#	7.987275e-01+i(-1.407428e-01)
#	5.601314e-01+i(-7.083474e-02)
#	-1.497540e-01+i(3.216829e-02)
#ProbSurv b 1-|Psi|^2 calls E tol dh dh(prev) dh(last)
0.540959661497	1	-1.04332e-11	2205540	0.25	0.0001	0.0001	4.08064e-07	3.49052e-07
