# a = 0.100000
# b = 1.000000
# E = 79056.941504
# tol = 0.000100
# s12 = 0.554977
# s13 = 0.152971
# psi0 = 0.822075 + I0.000000	0.548446 + I0.000000	0.152971 + I0.000000
# dh = 0.000100
# out = data/E2.5e4.5_tol1e-4.log
# model = sun
# scan_steps = 100.000000
# H0 = 
#	 0.000000e+00 0.000000e+00 0.000000e+00
#	 0.000000e+00 1.681950e+00 0.000000e+00
#	 0.000000e+00 0.000000e+00 5.504842e+01
# W = 
#	 6.758072e-01 4.508635e-01 1.257533e-01
#	 4.508635e-01 3.007928e-01 8.389608e-02
#	 1.257533e-01 8.389608e-02 2.340000e-02
# H0W = 
#	 0.000000e+00 -7.583297e-01 -6.922520e+00
#	 7.583297e-01 0.000000e+00 -4.477238e+00
#	 6.922520e+00 4.477238e+00 0.000000e+00
# H0H0W = 
#	 0.000000e+00 1.275472e+00 3.810738e+02
#	 1.275472e+00 0.000000e+00 2.389344e+02
#	 3.810738e+02 2.389344e+02 0.000000e+00
# WH0W = 
#	 2.424866e+00 8.594150e-01 -6.471304e+00
#	 8.594150e-01 6.743888e-02 -4.458428e+00
#	 -6.471304e+00 -4.458428e+00 -2.492305e+00
#################################################
##            CALCULATION COMPLETED            ##
#################################################
# Psi[0]^2 = 0.285003 + I0.000000
# Psi[1]^2 = 0.184791 + I0.000000
# Psi[2]^2 = 0.530206 + I0.000000
# phi0 = -2.945606 
# phi1 = -2.710471 
# phi2 = -1.615669 
# Psi = 
#	-1.039604e-01+i(-5.236368e-01)
#	-1.796396e-01+i(-3.905386e-01)
#	-7.274194e-01+i(-3.266307e-02)
#ProbSurv b 1-|Psi|^2 calls E tol dh dh(prev) dh(last)
0.260597825786	1	-1.17018e-13	9001	79056.9	0.0001	0.0001	0.0001	5e-05
