# a = 0.100000
# b = 1.000000
# E = 0.790569
# tol = 0.000100
# s12 = 0.554977
# s13 = 0.152971
# psi0 = 0.822075 + I0.000000	0.548446 + I0.000000	0.152971 + I0.000000
# dh = 0.000100
# out = data/E2.5e-0.5_tol1e-4.log
# model = sun
# scan_steps = 100.000000
# H0 = 
#	 0.000000e+00 0.000000e+00 0.000000e+00
#	 0.000000e+00 1.681950e+05 0.000000e+00
#	 0.000000e+00 0.000000e+00 5.504842e+06
# W = 
#	 6.758072e-01 4.508635e-01 1.257533e-01
#	 4.508635e-01 3.007928e-01 8.389608e-02
#	 1.257533e-01 8.389608e-02 2.340000e-02
# H0W = 
#	 0.000000e+00 -7.583297e+04 -6.922520e+05
#	 7.583297e+04 0.000000e+00 -4.477238e+05
#	 6.922520e+05 4.477238e+05 0.000000e+00
# H0H0W = 
#	 0.000000e+00 1.275472e+10 3.810738e+12
#	 1.275472e+10 0.000000e+00 2.389344e+12
#	 3.810738e+12 2.389344e+12 0.000000e+00
# WH0W = 
#	 2.424866e+05 8.594150e+04 -6.471304e+05
#	 8.594150e+04 6.743888e+03 -4.458428e+05
#	 -6.471304e+05 -4.458428e+05 -2.492305e+05
#################################################
##            CALCULATION COMPLETED            ##
#################################################
# Psi[0]^2 = 0.616054 + I0.000000
# Psi[1]^2 = 0.360352 + I0.000000
# Psi[2]^2 = 0.023594 + I0.000000
# phi0 = -1.077165 
# phi1 = -1.352009 
# phi2 = -0.167192 
# Psi = 
#	-6.911891e-01+i(3.719023e-01)
#	-5.859835e-01+i(1.302911e-01)
#	-2.556178e-02+i(1.514611e-01)
#ProbSurv b 1-|Psi|^2 calls E tol dh dh(prev) dh(last)
0.525277028412	1	-1.28986e-12	342133	0.790569	0.0001	0.0001	2.63056e-06	2.44869e-06
