# a = 0.100000
# b = 1.000000
# E = 2500.000000
# tol = 0.000100
# s12 = 0.554977
# s13 = 0.152971
# psi0 = 0.822075 + I0.000000	0.548446 + I0.000000	0.152971 + I0.000000
# dh = 0.000100
# out = data/E2.5e3.0_tol1e-4.log
# model = sun
# scan_steps = 100.000000
# H0 = 
#	 0.000000e+00 0.000000e+00 0.000000e+00
#	 0.000000e+00 5.318791e+01 0.000000e+00
#	 0.000000e+00 0.000000e+00 1.740784e+03
# W = 
#	 6.758072e-01 4.508635e-01 1.257533e-01
#	 4.508635e-01 3.007928e-01 8.389608e-02
#	 1.257533e-01 8.389608e-02 2.340000e-02
# H0W = 
#	 0.000000e+00 -2.398049e+01 -2.189093e+02
#	 2.398049e+01 0.000000e+00 -1.415827e+02
#	 2.189093e+02 1.415827e+02 0.000000e+00
# H0H0W = 
#	 0.000000e+00 1.275472e+03 3.810738e+05
#	 1.275472e+03 0.000000e+00 2.389344e+05
#	 3.810738e+05 2.389344e+05 0.000000e+00
# WH0W = 
#	 7.668099e+01 2.717709e+01 -2.046406e+02
#	 2.717709e+01 2.132605e+00 -1.409879e+02
#	 -2.046406e+02 -1.409879e+02 -7.881359e+01
#################################################
##            CALCULATION COMPLETED            ##
#################################################
# Psi[0]^2 = 0.000001 + I0.000000
# Psi[1]^2 = 0.000147 + I0.000000
# Psi[2]^2 = 0.999851 + I0.000000
# phi0 = -0.971479 
# phi1 = 1.811347 
# phi2 = -2.010357 
# Psi = 
#	-8.952406e-04+i(6.115698e-04)
#	1.179086e-02+i(-2.892299e-03)
#	-9.048715e-01+i(-4.255103e-01)
#ProbSurv b 1-|Psi|^2 calls E tol dh dh(prev) dh(last)
0.0234416517607	1	-5.44009e-14	9001	2500	0.0001	0.0001	0.0001	5e-05
