# a = 0.100000
# b = 1.000000
# E = 250.000000
# tol = 0.000100
# s12 = 0.554977
# s13 = 0.152971
# psi0 = 0.822075 + I0.000000	0.548446 + I0.000000	0.152971 + I0.000000
# dh = 0.000100
# out = data/E2.5e2.0_tol1e-4.log
# model = sun
# scan_steps = 100.000000
# H0 = 
#	 0.000000e+00 0.000000e+00 0.000000e+00
#	 0.000000e+00 5.318791e+02 0.000000e+00
#	 0.000000e+00 0.000000e+00 1.740784e+04
# W = 
#	 6.758072e-01 4.508635e-01 1.257533e-01
#	 4.508635e-01 3.007928e-01 8.389608e-02
#	 1.257533e-01 8.389608e-02 2.340000e-02
# H0W = 
#	 0.000000e+00 -2.398049e+02 -2.189093e+03
#	 2.398049e+02 0.000000e+00 -1.415827e+03
#	 2.189093e+03 1.415827e+03 0.000000e+00
# H0H0W = 
#	 0.000000e+00 1.275472e+05 3.810738e+07
#	 1.275472e+05 0.000000e+00 2.389344e+07
#	 3.810738e+07 2.389344e+07 0.000000e+00
# WH0W = 
#	 7.668099e+02 2.717709e+02 -2.046406e+03
#	 2.717709e+02 2.132605e+01 -1.409879e+03
#	 -2.046406e+03 -1.409879e+03 -7.881359e+02
#################################################
##            CALCULATION COMPLETED            ##
#################################################
# Psi[0]^2 = 0.000114 + I0.000000
# Psi[1]^2 = 0.108641 + I0.000000
# Psi[2]^2 = 0.891244 + I0.000000
# phi0 = -1.773748 
# phi1 = 0.288859 
# phi2 = -1.453149 
# Psi = 
#	-1.047019e-02+i(-2.154611e-03)
#	9.389173e-02+i(3.159522e-01)
#	-9.375316e-01+i(1.108095e-01)
#ProbSurv b 1-|Psi|^2 calls E tol dh dh(prev) dh(last)
0.0536109078336	1	-3.14637e-13	9001	250	0.0001	0.0001	0.0001	5e-05
