# a = 0.100000
# b = 1.000000
# E = 26000.000000
# tol = 0.000100
# s12 = 0.554977
# s13 = 0.152971
# psi0 = 0.822075 + I0.000000	0.548446 + I0.000000	0.152971 + I0.000000
# dh = 0.000100
# out = data/E2.6e4.0_tol1e-4.log
# model = sun
# scan_steps = 100.000000
# H0 = 
#	 0.000000e+00 0.000000e+00 0.000000e+00
#	 0.000000e+00 5.114223e+00 0.000000e+00
#	 0.000000e+00 0.000000e+00 1.673831e+02
# W = 
#	 6.758072e-01 4.508635e-01 1.257533e-01
#	 4.508635e-01 3.007928e-01 8.389608e-02
#	 1.257533e-01 8.389608e-02 2.340000e-02
# H0W = 
#	 0.000000e+00 -2.305817e+00 -2.104897e+01
#	 2.305817e+00 0.000000e+00 -1.361372e+01
#	 2.104897e+01 1.361372e+01 0.000000e+00
# H0H0W = 
#	 0.000000e+00 1.179246e+01 3.523242e+03
#	 1.179246e+01 0.000000e+00 2.209083e+03
#	 3.523242e+03 2.209083e+03 0.000000e+00
# WH0W = 
#	 7.373172e+00 2.613182e+00 -1.967698e+01
#	 2.613182e+00 2.050581e-01 -1.355653e+01
#	 -1.967698e+01 -1.355653e+01 -7.578230e+00
#################################################
##            CALCULATION COMPLETED            ##
#################################################
# Psi[0]^2 = 0.041799 + I0.000000
# Psi[1]^2 = 0.057766 + I0.000000
# Psi[2]^2 = 0.900435 + I0.000000
# phi0 = -1.038494 
# phi1 = -0.298741 
# phi2 = 0.661196 
# Psi = 
#	-1.761616e-01+i(1.037617e-01)
#	-7.073769e-02+i(2.296999e-01)
#	5.826905e-01+i(7.489369e-01)
#ProbSurv b 1-|Psi|^2 calls E tol dh dh(prev) dh(last)
0.0666940756256	1	-7.19425e-14	9001	26000	0.0001	0.0001	0.0001	5e-05
