# a = 0.100000
# b = 1.000000
# E = 82219.219164
# tol = 0.000100
# s12 = 0.554977
# s13 = 0.152971
# psi0 = 0.822075 + I0.000000	0.548446 + I0.000000	0.152971 + I0.000000
# dh = 0.000100
# out = data/E2.6e4.5_tol1e-4.log
# model = sun
# scan_steps = 100.000000
# H0 = 
#	 0.000000e+00 0.000000e+00 0.000000e+00
#	 0.000000e+00 1.617259e+00 0.000000e+00
#	 0.000000e+00 0.000000e+00 5.293118e+01
# W = 
#	 6.758072e-01 4.508635e-01 1.257533e-01
#	 4.508635e-01 3.007928e-01 8.389608e-02
#	 1.257533e-01 8.389608e-02 2.340000e-02
# H0W = 
#	 0.000000e+00 -7.291632e-01 -6.656269e+00
#	 7.291632e-01 0.000000e+00 -4.305036e+00
#	 6.656269e+00 4.305036e+00 0.000000e+00
# H0H0W = 
#	 0.000000e+00 1.179246e+00 3.523242e+02
#	 1.179246e+00 0.000000e+00 2.209083e+02
#	 3.523242e+02 2.209083e+02 0.000000e+00
# WH0W = 
#	 2.331602e+00 8.263606e-01 -6.222408e+00
#	 8.263606e-01 6.484508e-02 -4.286950e+00
#	 -6.222408e+00 -4.286950e+00 -2.396447e+00
#################################################
##            CALCULATION COMPLETED            ##
#################################################
# Psi[0]^2 = 0.296909 + I0.000000
# Psi[1]^2 = 0.189416 + I0.000000
# Psi[2]^2 = 0.513675 + I0.000000
# phi0 = -2.987498 
# phi1 = -2.761619 
# phi2 = -2.355857 
# Psi = 
#	-8.363358e-02+i(-5.384374e-01)
#	-1.614211e-01+i(-4.041766e-01)
#	-5.069625e-01+i(-5.066202e-01)
#ProbSurv b 1-|Psi|^2 calls E tol dh dh(prev) dh(last)
0.269648364714	1	-1.13243e-13	9001	82219.2	0.0001	0.0001	0.0001	5e-05
