# a = 0.100000
# b = 1.000000
# E = 2600.000000
# tol = 0.000100
# s12 = 0.554977
# s13 = 0.152971
# psi0 = 0.822075 + I0.000000	0.548446 + I0.000000	0.152971 + I0.000000
# dh = 0.000100
# out = data/E2.6e3.0_tol1e-4.log
# model = sun
# scan_steps = 100.000000
# H0 = 
#	 0.000000e+00 0.000000e+00 0.000000e+00
#	 0.000000e+00 5.114223e+01 0.000000e+00
#	 0.000000e+00 0.000000e+00 1.673831e+03
# W = 
#	 6.758072e-01 4.508635e-01 1.257533e-01
#	 4.508635e-01 3.007928e-01 8.389608e-02
#	 1.257533e-01 8.389608e-02 2.340000e-02
# H0W = 
#	 0.000000e+00 -2.305817e+01 -2.104897e+02
#	 2.305817e+01 0.000000e+00 -1.361372e+02
#	 2.104897e+02 1.361372e+02 0.000000e+00
# H0H0W = 
#	 0.000000e+00 1.179246e+03 3.523242e+05
#	 1.179246e+03 0.000000e+00 2.209083e+05
#	 3.523242e+05 2.209083e+05 0.000000e+00
# WH0W = 
#	 7.373172e+01 2.613182e+01 -1.967698e+02
#	 2.613182e+01 2.050581e+00 -1.355653e+02
#	 -1.967698e+02 -1.355653e+02 -7.578230e+01
#################################################
##            CALCULATION COMPLETED            ##
#################################################
# Psi[0]^2 = 0.000001 + I0.000000
# Psi[1]^2 = 0.000139 + I0.000000
# Psi[2]^2 = 0.999860 + I0.000000
# phi0 = -1.930946 
# phi1 = -2.233318 
# phi2 = -2.780015 
# Psi = 
#	-1.092313e-03+i(-4.113359e-04)
#	-9.291758e-03+i(-7.248993e-03)
#	-3.537250e-01+i(-9.352745e-01)
#ProbSurv b 1-|Psi|^2 calls E tol dh dh(prev) dh(last)
0.0234394144108	1	-4.17444e-14	9001	2600	0.0001	0.0001	0.0001	5e-05
