# a = 0.100000
# b = 1.000000
# E = 822.192192
# tol = 0.000100
# s12 = 0.554977
# s13 = 0.152971
# psi0 = 0.822075 + I0.000000	0.548446 + I0.000000	0.152971 + I0.000000
# dh = 0.000100
# out = data/E2.6e2.5_tol1e-4.log
# model = sun
# scan_steps = 100.000000
# H0 = 
#	 0.000000e+00 0.000000e+00 0.000000e+00
#	 0.000000e+00 1.617259e+02 0.000000e+00
#	 0.000000e+00 0.000000e+00 5.293118e+03
# W = 
#	 6.758072e-01 4.508635e-01 1.257533e-01
#	 4.508635e-01 3.007928e-01 8.389608e-02
#	 1.257533e-01 8.389608e-02 2.340000e-02
# H0W = 
#	 0.000000e+00 -7.291632e+01 -6.656269e+02
#	 7.291632e+01 0.000000e+00 -4.305036e+02
#	 6.656269e+02 4.305036e+02 0.000000e+00
# H0H0W = 
#	 0.000000e+00 1.179246e+04 3.523242e+06
#	 1.179246e+04 0.000000e+00 2.209083e+06
#	 3.523242e+06 2.209083e+06 0.000000e+00
# WH0W = 
#	 2.331602e+02 8.263606e+01 -6.222408e+02
#	 8.263606e+01 6.484508e+00 -4.286950e+02
#	 -6.222408e+02 -4.286950e+02 -2.396447e+02
#################################################
##            CALCULATION COMPLETED            ##
#################################################
# Psi[0]^2 = 0.000013 + I0.000000
# Psi[1]^2 = 0.001930 + I0.000000
# Psi[2]^2 = 0.998058 + I0.000000
# phi0 = 2.340963 
# phi1 = 2.321464 
# phi2 = 2.871371 
# Psi = 
#	2.544982e-03+i(-2.468611e-03)
#	3.212062e-02+i(-2.996355e-02)
#	2.666853e-01+i(-9.627756e-01)
#ProbSurv b 1-|Psi|^2 calls E tol dh dh(prev) dh(last)
0.0239434442653	1	-1.34559e-13	9001	822.192	0.0001	0.0001	0.0001	5e-05
