# a = 0.100000
# b = 1.000000
# E = 82.219219
# tol = 0.000100
# s12 = 0.554977
# s13 = 0.152971
# psi0 = 0.822075 + I0.000000	0.548446 + I0.000000	0.152971 + I0.000000
# dh = 0.000100
# out = data/E2.6e1.5_tol1e-4.log
# model = sun
# scan_steps = 100.000000
# H0 = 
#	 0.000000e+00 0.000000e+00 0.000000e+00
#	 0.000000e+00 1.617259e+03 0.000000e+00
#	 0.000000e+00 0.000000e+00 5.293118e+04
# W = 
#	 6.758072e-01 4.508635e-01 1.257533e-01
#	 4.508635e-01 3.007928e-01 8.389608e-02
#	 1.257533e-01 8.389608e-02 2.340000e-02
# H0W = 
#	 0.000000e+00 -7.291632e+02 -6.656269e+03
#	 7.291632e+02 0.000000e+00 -4.305036e+03
#	 6.656269e+03 4.305036e+03 0.000000e+00
# H0H0W = 
#	 0.000000e+00 1.179246e+06 3.523242e+08
#	 1.179246e+06 0.000000e+00 2.209083e+08
#	 3.523242e+08 2.209083e+08 0.000000e+00
# WH0W = 
#	 2.331602e+03 8.263606e+02 -6.222408e+03
#	 8.263606e+02 6.484508e+01 -4.286950e+03
#	 -6.222408e+03 -4.286950e+03 -2.396447e+03
#################################################
##            CALCULATION COMPLETED            ##
#################################################
# Psi[0]^2 = 0.001108 + I0.000000
# Psi[1]^2 = 0.930012 + I0.000000
# Psi[2]^2 = 0.068881 + I0.000000
# phi0 = 0.583930 
# phi1 = -2.519040 
# phi2 = -2.225742 
# Psi = 
#	1.834748e-02+i(2.776556e-02)
#	-5.623357e-01+i(-7.834478e-01)
#	-2.081450e-01+i(-1.598634e-01)
#ProbSurv b 1-|Psi|^2 calls E tol dh dh(prev) dh(last)
0.282101151391	1	5.03153e-13	9001	82.2192	0.0001	0.0001	0.0001	5e-05
