# a = 0.100000
# b = 1.000000
# E = 260000.000000
# tol = 0.000100
# s12 = 0.554977
# s13 = 0.152971
# psi0 = 0.822075 + I0.000000	0.548446 + I0.000000	0.152971 + I0.000000
# dh = 0.000100
# out = data/E2.6e5.0_tol1e-4.log
# model = sun
# scan_steps = 100.000000
# H0 = 
#	 0.000000e+00 0.000000e+00 0.000000e+00
#	 0.000000e+00 5.114223e-01 0.000000e+00
#	 0.000000e+00 0.000000e+00 1.673831e+01
# W = 
#	 6.758072e-01 4.508635e-01 1.257533e-01
#	 4.508635e-01 3.007928e-01 8.389608e-02
#	 1.257533e-01 8.389608e-02 2.340000e-02
# H0W = 
#	 0.000000e+00 -2.305817e-01 -2.104897e+00
#	 2.305817e-01 0.000000e+00 -1.361372e+00
#	 2.104897e+00 1.361372e+00 0.000000e+00
# H0H0W = 
#	 0.000000e+00 1.179246e-01 3.523242e+01
#	 1.179246e-01 0.000000e+00 2.209083e+01
#	 3.523242e+01 2.209083e+01 0.000000e+00
# WH0W = 
#	 7.373172e-01 2.613182e-01 -1.967698e+00
#	 2.613182e-01 2.050581e-02 -1.355653e+00
#	 -1.967698e+00 -1.355653e+00 -7.578230e-01
#################################################
##            CALCULATION COMPLETED            ##
#################################################
# Psi[0]^2 = 0.523951 + I0.000000
# Psi[1]^2 = 0.262119 + I0.000000
# Psi[2]^2 = 0.213930 + I0.000000
# phi0 = 2.593354 
# phi1 = 2.664739 
# phi2 = -0.756021 
# Psi = 
#	3.772566e-01+i(-6.177606e-01)
#	2.349899e-01+i(-4.548613e-01)
#	-3.173073e-01+i(3.365207e-01)
#ProbSurv b 1-|Psi|^2 calls E tol dh dh(prev) dh(last)
0.437939207544	1	-9.72555e-14	9001	260000	0.0001	0.0001	0.0001	5e-05
