# a = 0.100000
# b = 1.000000
# E = 26.000000
# tol = 0.000100
# s12 = 0.554977
# s13 = 0.152971
# psi0 = 0.822075 + I0.000000	0.548446 + I0.000000	0.152971 + I0.000000
# dh = 0.000100
# out = data/E2.6e1.0_tol1e-4.log
# model = sun
# scan_steps = 100.000000
# H0 = 
#	 0.000000e+00 0.000000e+00 0.000000e+00
#	 0.000000e+00 5.114223e+03 0.000000e+00
#	 0.000000e+00 0.000000e+00 1.673831e+05
# W = 
#	 6.758072e-01 4.508635e-01 1.257533e-01
#	 4.508635e-01 3.007928e-01 8.389608e-02
#	 1.257533e-01 8.389608e-02 2.340000e-02
# H0W = 
#	 0.000000e+00 -2.305817e+03 -2.104897e+04
#	 2.305817e+03 0.000000e+00 -1.361372e+04
#	 2.104897e+04 1.361372e+04 0.000000e+00
# H0H0W = 
#	 0.000000e+00 1.179246e+07 3.523242e+09
#	 1.179246e+07 0.000000e+00 2.209083e+09
#	 3.523242e+09 2.209083e+09 0.000000e+00
# WH0W = 
#	 7.373172e+03 2.613182e+03 -1.967698e+04
#	 2.613182e+03 2.050581e+02 -1.355653e+04
#	 -1.967698e+04 -1.355653e+04 -7.578230e+03
#################################################
##            CALCULATION COMPLETED            ##
#################################################
# Psi[0]^2 = 0.012480 + I0.000000
# Psi[1]^2 = 0.956270 + I0.000000
# Psi[2]^2 = 0.031250 + I0.000000
# phi0 = -2.581886 
# phi1 = -0.982113 
# phi2 = -1.033243 
# Psi = 
#	-5.931324e-02+i(-9.466769e-02)
#	-8.132849e-01+i(5.429897e-01)
#	-1.518444e-01+i(9.051571e-02)
#ProbSurv b 1-|Psi|^2 calls E tol dh dh(prev) dh(last)
0.296804516026	1	-2.27973e-12	9001	26	0.0001	0.0001	0.0001	5e-05
