# a = 0.100000
# b = 1.000000
# E = 0.260000
# tol = 0.000100
# s12 = 0.554977
# s13 = 0.152971
# psi0 = 0.822075 + I0.000000	0.548446 + I0.000000	0.152971 + I0.000000
# dh = 0.000100
# out = data/E2.6e-1.0_tol1e-4.log
# model = sun
# scan_steps = 100.000000
# H0 = 
#	 0.000000e+00 0.000000e+00 0.000000e+00
#	 0.000000e+00 5.114223e+05 0.000000e+00
#	 0.000000e+00 0.000000e+00 1.673831e+07
# W = 
#	 6.758072e-01 4.508635e-01 1.257533e-01
#	 4.508635e-01 3.007928e-01 8.389608e-02
#	 1.257533e-01 8.389608e-02 2.340000e-02
# H0W = 
#	 0.000000e+00 -2.305817e+05 -2.104897e+06
#	 2.305817e+05 0.000000e+00 -1.361372e+06
#	 2.104897e+06 1.361372e+06 0.000000e+00
# H0H0W = 
#	 0.000000e+00 1.179246e+11 3.523242e+13
#	 1.179246e+11 0.000000e+00 2.209083e+13
#	 3.523242e+13 2.209083e+13 0.000000e+00
# WH0W = 
#	 7.373172e+05 2.613182e+05 -1.967698e+06
#	 2.613182e+05 2.050581e+04 -1.355653e+06
#	 -1.967698e+06 -1.355653e+06 -7.578230e+05
#################################################
##            CALCULATION COMPLETED            ##
#################################################
# Psi[0]^2 = 0.657035 + I0.000000
# Psi[1]^2 = 0.319501 + I0.000000
# Psi[2]^2 = 0.023464 + I0.000000
# phi0 = 1.352716 
# phi1 = 0.619570 
# phi2 = 2.168303 
# Psi = 
#	7.913782e-01+i(1.753731e-01)
#	3.282291e-01+i(4.601814e-01)
#	1.266385e-01+i(-8.617534e-02)
#ProbSurv b 1-|Psi|^2 calls E tol dh dh(prev) dh(last)
0.540681869596	1	2.08709e-10	2923143	0.26	0.0001	0.0001	3.07888e-07	2.25272e-07
