# a = 0.100000
# b = 1.000000
# E = 8221.921916
# tol = 0.000100
# s12 = 0.554977
# s13 = 0.152971
# psi0 = 0.822075 + I0.000000	0.548446 + I0.000000	0.152971 + I0.000000
# dh = 0.000100
# out = data/E2.6e3.5_tol1e-4.log
# model = sun
# scan_steps = 100.000000
# H0 = 
#	 0.000000e+00 0.000000e+00 0.000000e+00
#	 0.000000e+00 1.617259e+01 0.000000e+00
#	 0.000000e+00 0.000000e+00 5.293118e+02
# W = 
#	 6.758072e-01 4.508635e-01 1.257533e-01
#	 4.508635e-01 3.007928e-01 8.389608e-02
#	 1.257533e-01 8.389608e-02 2.340000e-02
# H0W = 
#	 0.000000e+00 -7.291632e+00 -6.656269e+01
#	 7.291632e+00 0.000000e+00 -4.305036e+01
#	 6.656269e+01 4.305036e+01 0.000000e+00
# H0H0W = 
#	 0.000000e+00 1.179246e+02 3.523242e+04
#	 1.179246e+02 0.000000e+00 2.209083e+04
#	 3.523242e+04 2.209083e+04 0.000000e+00
# WH0W = 
#	 2.331602e+01 8.263606e+00 -6.222408e+01
#	 8.263606e+00 6.484508e-01 -4.286950e+01
#	 -6.222408e+01 -4.286950e+01 -2.396447e+01
#################################################
##            CALCULATION COMPLETED            ##
#################################################
# Psi[0]^2 = 0.000021 + I0.000000
# Psi[1]^2 = 0.000496 + I0.000000
# Psi[2]^2 = 0.999483 + I0.000000
# phi0 = -2.225482 
# phi1 = 0.698656 
# phi2 = -0.415908 
# Psi = 
#	-3.606486e-03+i(-2.768429e-03)
#	1.432393e-02+i(1.705245e-02)
#	-4.039159e-01+i(9.145137e-01)
#ProbSurv b 1-|Psi|^2 calls E tol dh dh(prev) dh(last)
0.0235510619389	1	-7.03881e-14	9001	8221.92	0.0001	0.0001	0.0001	5e-05
