# a = 0.100000
# b = 1.000000
# E = 0.822192
# tol = 0.000100
# s12 = 0.554977
# s13 = 0.152971
# psi0 = 0.822075 + I0.000000	0.548446 + I0.000000	0.152971 + I0.000000
# dh = 0.000100
# out = data/E2.6e-0.5_tol1e-4.log
# model = sun
# scan_steps = 100.000000
# H0 = 
#	 0.000000e+00 0.000000e+00 0.000000e+00
#	 0.000000e+00 1.617259e+05 0.000000e+00
#	 0.000000e+00 0.000000e+00 5.293118e+06
# W = 
#	 6.758072e-01 4.508635e-01 1.257533e-01
#	 4.508635e-01 3.007928e-01 8.389608e-02
#	 1.257533e-01 8.389608e-02 2.340000e-02
# H0W = 
#	 0.000000e+00 -7.291632e+04 -6.656269e+05
#	 7.291632e+04 0.000000e+00 -4.305036e+05
#	 6.656269e+05 4.305036e+05 0.000000e+00
# H0H0W = 
#	 0.000000e+00 1.179246e+10 3.523242e+12
#	 1.179246e+10 0.000000e+00 2.209083e+12
#	 3.523242e+12 2.209083e+12 0.000000e+00
# WH0W = 
#	 2.331602e+05 8.263606e+04 -6.222408e+05
#	 8.263606e+04 6.484508e+03 -4.286950e+05
#	 -6.222408e+05 -4.286950e+05 -2.396447e+05
#################################################
##            CALCULATION COMPLETED            ##
#################################################
# Psi[0]^2 = 0.613502 + I0.000000
# Psi[1]^2 = 0.362897 + I0.000000
# Psi[2]^2 = 0.023602 + I0.000000
# phi0 = -2.372950 
# phi1 = 2.319323 
# phi2 = -2.237525 
# Psi = 
#	-5.444934e-01+i(-5.630530e-01)
#	4.413804e-01+i(-4.099755e-01)
#	-1.207287e-01+i(-9.500661e-02)
#ProbSurv b 1-|Psi|^2 calls E tol dh dh(prev) dh(last)
0.524317876085	1	2.3572e-11	307727	0.822192	0.0001	0.0001	2.92468e-06	2.58899e-06
