# a = 0.100000
# b = 1.000000
# E = 8538.149682
# tol = 0.000100
# s12 = 0.554977
# s13 = 0.152971
# psi0 = 0.822075 + I0.000000	0.548446 + I0.000000	0.152971 + I0.000000
# dh = 0.000100
# out = data/E2.7e3.5_tol1e-4.log
# model = sun
# scan_steps = 100.000000
# H0 = 
#	 0.000000e+00 0.000000e+00 0.000000e+00
#	 0.000000e+00 1.557361e+01 0.000000e+00
#	 0.000000e+00 0.000000e+00 5.097076e+02
# W = 
#	 6.758072e-01 4.508635e-01 1.257533e-01
#	 4.508635e-01 3.007928e-01 8.389608e-02
#	 1.257533e-01 8.389608e-02 2.340000e-02
# H0W = 
#	 0.000000e+00 -7.021572e+00 -6.409741e+01
#	 7.021572e+00 0.000000e+00 -4.145591e+01
#	 6.409741e+01 4.145591e+01 0.000000e+00
# H0H0W = 
#	 0.000000e+00 1.093512e+02 3.267094e+04
#	 1.093512e+02 0.000000e+00 2.048477e+04
#	 3.267094e+04 2.048477e+04 0.000000e+00
# WH0W = 
#	 2.245246e+01 7.957547e+00 -5.991948e+01
#	 7.957547e+00 6.244341e-01 -4.128174e+01
#	 -5.991948e+01 -4.128174e+01 -2.307689e+01
#################################################
##            CALCULATION COMPLETED            ##
#################################################
# Psi[0]^2 = 0.000031 + I0.000000
# Psi[1]^2 = 0.000706 + I0.000000
# Psi[2]^2 = 0.999263 + I0.000000
# phi0 = -2.539235 
# phi1 = 0.349262 
# phi2 = 1.185834 
# Psi = 
#	-3.165590e-03+i(-4.603803e-03)
#	9.090780e-03+i(2.496149e-02)
#	9.264711e-01+i(3.753857e-01)
#ProbSurv b 1-|Psi|^2 calls E tol dh dh(prev) dh(last)
0.0236161266726	1	-6.86118e-14	9001	8538.15	0.0001	0.0001	0.0001	5e-05
