# a = 0.100000
# b = 1.000000
# E = 2.700000
# tol = 0.000100
# s12 = 0.554977
# s13 = 0.152971
# psi0 = 0.822075 + I0.000000	0.548446 + I0.000000	0.152971 + I0.000000
# dh = 0.000100
# out = data/E2.7e0.0_tol1e-4.log
# model = sun
# scan_steps = 100.000000
# H0 = 
#	 0.000000e+00 0.000000e+00 0.000000e+00
#	 0.000000e+00 4.924807e+04 0.000000e+00
#	 0.000000e+00 0.000000e+00 1.611837e+06
# W = 
#	 6.758072e-01 4.508635e-01 1.257533e-01
#	 4.508635e-01 3.007928e-01 8.389608e-02
#	 1.257533e-01 8.389608e-02 2.340000e-02
# H0W = 
#	 0.000000e+00 -2.220416e+04 -2.026938e+05
#	 2.220416e+04 0.000000e+00 -1.310951e+05
#	 2.026938e+05 1.310951e+05 0.000000e+00
# H0H0W = 
#	 0.000000e+00 1.093512e+09 3.267094e+11
#	 1.093512e+09 0.000000e+00 2.048477e+11
#	 3.267094e+11 2.048477e+11 0.000000e+00
# WH0W = 
#	 7.100091e+04 2.516397e+04 -1.894820e+05
#	 2.516397e+04 1.974634e+03 -1.305443e+05
#	 -1.894820e+05 -1.305443e+05 -7.297555e+04
#################################################
##            CALCULATION COMPLETED            ##
#################################################
# Psi[0]^2 = 0.450173 + I0.000000
# Psi[1]^2 = 0.525755 + I0.000000
# Psi[2]^2 = 0.024072 + I0.000000
# phi0 = -2.259341 
# phi1 = 0.288700 
# phi2 = 0.493211 
# Psi = 
#	-5.180879e-01+i(-4.263309e-01)
#	2.064374e-01+i(6.950817e-01)
#	7.345749e-02+i(1.366601e-01)
#ProbSurv b 1-|Psi|^2 calls E tol dh dh(prev) dh(last)
0.462936796559	1	-2.40141e-12	97251	2.7	0.0001	0.0001	9.25458e-06	5.32059e-06
