# a = 0.100000
# b = 1.000000
# E = 8.538150
# tol = 0.000100
# s12 = 0.554977
# s13 = 0.152971
# psi0 = 0.822075 + I0.000000	0.548446 + I0.000000	0.152971 + I0.000000
# dh = 0.000100
# out = data/E2.7e0.5_tol1e-4.log
# model = sun
# scan_steps = 100.000000
# H0 = 
#	 0.000000e+00 0.000000e+00 0.000000e+00
#	 0.000000e+00 1.557361e+04 0.000000e+00
#	 0.000000e+00 0.000000e+00 5.097076e+05
# W = 
#	 6.758072e-01 4.508635e-01 1.257533e-01
#	 4.508635e-01 3.007928e-01 8.389608e-02
#	 1.257533e-01 8.389608e-02 2.340000e-02
# H0W = 
#	 0.000000e+00 -7.021572e+03 -6.409741e+04
#	 7.021572e+03 0.000000e+00 -4.145591e+04
#	 6.409741e+04 4.145591e+04 0.000000e+00
# H0H0W = 
#	 0.000000e+00 1.093512e+08 3.267094e+10
#	 1.093512e+08 0.000000e+00 2.048477e+10
#	 3.267094e+10 2.048477e+10 0.000000e+00
# WH0W = 
#	 2.245246e+04 7.957547e+03 -5.991948e+04
#	 7.957547e+03 6.244341e+02 -4.128174e+04
#	 -5.991948e+04 -4.128174e+04 -2.307689e+04
#################################################
##            CALCULATION COMPLETED            ##
#################################################
# Psi[0]^2 = 0.120459 + I0.000000
# Psi[1]^2 = 0.853953 + I0.000000
# Psi[2]^2 = 0.025588 + I0.000000
# phi0 = -2.537049 
# phi1 = 2.830083 
# phi2 = -1.274057 
# Psi = 
#	-1.972707e-01+i(-2.855570e-01)
#	2.832318e-01+i(-8.796208e-01)
#	-1.529724e-01+i(4.677390e-02)
#ProbSurv b 1-|Psi|^2 calls E tol dh dh(prev) dh(last)
0.338868466626	1	-1.07958e-11	23353	8.53815	0.0001	0.0001	3.85414e-05	2.93379e-05
