# a = 0.100000
# b = 1.000000
# E = 2700.000000
# tol = 0.000100
# s12 = 0.554977
# s13 = 0.152971
# psi0 = 0.822075 + I0.000000	0.548446 + I0.000000	0.152971 + I0.000000
# dh = 0.000100
# out = data/E2.7e3.0_tol1e-4.log
# model = sun
# scan_steps = 100.000000
# H0 = 
#	 0.000000e+00 0.000000e+00 0.000000e+00
#	 0.000000e+00 4.924807e+01 0.000000e+00
#	 0.000000e+00 0.000000e+00 1.611837e+03
# W = 
#	 6.758072e-01 4.508635e-01 1.257533e-01
#	 4.508635e-01 3.007928e-01 8.389608e-02
#	 1.257533e-01 8.389608e-02 2.340000e-02
# H0W = 
#	 0.000000e+00 -2.220416e+01 -2.026938e+02
#	 2.220416e+01 0.000000e+00 -1.310951e+02
#	 2.026938e+02 1.310951e+02 0.000000e+00
# H0H0W = 
#	 0.000000e+00 1.093512e+03 3.267094e+05
#	 1.093512e+03 0.000000e+00 2.048477e+05
#	 3.267094e+05 2.048477e+05 0.000000e+00
# WH0W = 
#	 7.100091e+01 2.516397e+01 -1.894820e+02
#	 2.516397e+01 1.974634e+00 -1.305443e+02
#	 -1.894820e+02 -1.305443e+02 -7.297555e+01
#################################################
##            CALCULATION COMPLETED            ##
#################################################
# Psi[0]^2 = 0.000001 + I0.000000
# Psi[1]^2 = 0.000128 + I0.000000
# Psi[2]^2 = 0.999872 + I0.000000
# phi0 = -2.101476 
# phi1 = 1.030996 
# phi2 = -0.016469 
# Psi = 
#	-6.135498e-04+i(-3.600498e-04)
#	9.688618e-03+i(5.805016e-03)
#	-1.646671e-02+i(9.998004e-01)
#ProbSurv b 1-|Psi|^2 calls E tol dh dh(prev) dh(last)
0.0234357164848	1	-3.95239e-14	9001	2700	0.0001	0.0001	0.0001	5e-05
