# a = 0.100000
# b = 1.000000
# E = 27000.000000
# tol = 0.000100
# s12 = 0.554977
# s13 = 0.152971
# psi0 = 0.822075 + I0.000000	0.548446 + I0.000000	0.152971 + I0.000000
# dh = 0.000100
# out = data/E2.7e4.0_tol1e-4.log
# model = sun
# scan_steps = 100.000000
# H0 = 
#	 0.000000e+00 0.000000e+00 0.000000e+00
#	 0.000000e+00 4.924807e+00 0.000000e+00
#	 0.000000e+00 0.000000e+00 1.611837e+02
# W = 
#	 6.758072e-01 4.508635e-01 1.257533e-01
#	 4.508635e-01 3.007928e-01 8.389608e-02
#	 1.257533e-01 8.389608e-02 2.340000e-02
# H0W = 
#	 0.000000e+00 -2.220416e+00 -2.026938e+01
#	 2.220416e+00 0.000000e+00 -1.310951e+01
#	 2.026938e+01 1.310951e+01 0.000000e+00
# H0H0W = 
#	 0.000000e+00 1.093512e+01 3.267094e+03
#	 1.093512e+01 0.000000e+00 2.048477e+03
#	 3.267094e+03 2.048477e+03 0.000000e+00
# WH0W = 
#	 7.100091e+00 2.516397e+00 -1.894820e+01
#	 2.516397e+00 1.974634e-01 -1.305443e+01
#	 -1.894820e+01 -1.305443e+01 -7.297555e+00
#################################################
##            CALCULATION COMPLETED            ##
#################################################
# Psi[0]^2 = 0.046574 + I0.000000
# Psi[1]^2 = 0.060948 + I0.000000
# Psi[2]^2 = 0.892477 + I0.000000
# phi0 = -1.144808 
# phi1 = -0.429009 
# phi2 = -2.146173 
# Psi = 
#	-1.965243e-01+i(8.917779e-02)
#	-1.026934e-01+i(2.245048e-01)
#	-7.925998e-01+i(-5.140650e-01)
#ProbSurv b 1-|Psi|^2 calls E tol dh dh(prev) dh(last)
0.0706921489849	1	-7.9714e-14	9001	27000	0.0001	0.0001	0.0001	5e-05
