# a = 0.100000
# b = 1.000000
# E = 85.381497
# tol = 0.000100
# s12 = 0.554977
# s13 = 0.152971
# psi0 = 0.822075 + I0.000000	0.548446 + I0.000000	0.152971 + I0.000000
# dh = 0.000100
# out = data/E2.7e1.5_tol1e-4.log
# model = sun
# scan_steps = 100.000000
# H0 = 
#	 0.000000e+00 0.000000e+00 0.000000e+00
#	 0.000000e+00 1.557361e+03 0.000000e+00
#	 0.000000e+00 0.000000e+00 5.097076e+04
# W = 
#	 6.758072e-01 4.508635e-01 1.257533e-01
#	 4.508635e-01 3.007928e-01 8.389608e-02
#	 1.257533e-01 8.389608e-02 2.340000e-02
# H0W = 
#	 0.000000e+00 -7.021572e+02 -6.409741e+03
#	 7.021572e+02 0.000000e+00 -4.145591e+03
#	 6.409741e+03 4.145591e+03 0.000000e+00
# H0H0W = 
#	 0.000000e+00 1.093512e+06 3.267094e+08
#	 1.093512e+06 0.000000e+00 2.048477e+08
#	 3.267094e+08 2.048477e+08 0.000000e+00
# WH0W = 
#	 2.245246e+03 7.957547e+02 -5.991948e+03
#	 7.957547e+02 6.244341e+01 -4.128174e+03
#	 -5.991948e+03 -4.128174e+03 -2.307689e+03
#################################################
##            CALCULATION COMPLETED            ##
#################################################
# Psi[0]^2 = 0.001023 + I0.000000
# Psi[1]^2 = 0.926334 + I0.000000
# Psi[2]^2 = 0.072643 + I0.000000
# phi0 = -1.662539 
# phi1 = 1.517215 
# phi2 = -0.172928 
# Psi = 
#	-3.184956e-02+i(-2.930174e-03)
#	9.610812e-01+i(5.154512e-02)
#	-4.637622e-02+i(2.655039e-01)
#ProbSurv b 1-|Psi|^2 calls E tol dh dh(prev) dh(last)
0.281025769398	1	6.28608e-13	9001	85.3815	0.0001	0.0001	0.0001	5e-05
