# a = 0.100000
# b = 1.000000
# E = 0.270000
# tol = 0.000100
# s12 = 0.554977
# s13 = 0.152971
# psi0 = 0.822075 + I0.000000	0.548446 + I0.000000	0.152971 + I0.000000
# dh = 0.000100
# out = data/E2.7e-1.0_tol1e-4.log
# model = sun
# scan_steps = 100.000000
# H0 = 
#	 0.000000e+00 0.000000e+00 0.000000e+00
#	 0.000000e+00 4.924807e+05 0.000000e+00
#	 0.000000e+00 0.000000e+00 1.611837e+07
# W = 
#	 6.758072e-01 4.508635e-01 1.257533e-01
#	 4.508635e-01 3.007928e-01 8.389608e-02
#	 1.257533e-01 8.389608e-02 2.340000e-02
# H0W = 
#	 0.000000e+00 -2.220416e+05 -2.026938e+06
#	 2.220416e+05 0.000000e+00 -1.310951e+06
#	 2.026938e+06 1.310951e+06 0.000000e+00
# H0H0W = 
#	 0.000000e+00 1.093512e+11 3.267094e+13
#	 1.093512e+11 0.000000e+00 2.048477e+13
#	 3.267094e+13 2.048477e+13 0.000000e+00
# WH0W = 
#	 7.100091e+05 2.516397e+05 -1.894820e+06
#	 2.516397e+05 1.974634e+04 -1.305443e+06
#	 -1.894820e+06 -1.305443e+06 -7.297555e+05
#################################################
##            CALCULATION COMPLETED            ##
#################################################
# Psi[0]^2 = 0.656295 + I0.000000
# Psi[1]^2 = 0.320239 + I0.000000
# Psi[2]^2 = 0.023466 + I0.000000
# phi0 = 0.959894 
# phi1 = -0.115624 
# phi2 = -0.847375 
# Psi = 
#	6.635947e-01+i(4.646902e-01)
#	-6.528544e-02+i(5.621182e-01)
#	-1.148199e-01+i(1.014019e-01)
#ProbSurv b 1-|Psi|^2 calls E tol dh dh(prev) dh(last)
0.540403564822	1	-1.50795e-11	2159061	0.27	0.0001	0.0001	4.16848e-07	3.86069e-07
