# a = 0.100000
# b = 1.000000
# E = 853814.968245
# tol = 0.000100
# s12 = 0.554977
# s13 = 0.152971
# psi0 = 0.822075 + I0.000000	0.548446 + I0.000000	0.152971 + I0.000000
# dh = 0.000100
# out = data/E2.7e5.5_tol1e-4.log
# model = sun
# scan_steps = 100.000000
# H0 = 
#	 0.000000e+00 0.000000e+00 0.000000e+00
#	 0.000000e+00 1.557361e-01 0.000000e+00
#	 0.000000e+00 0.000000e+00 5.097076e+00
# W = 
#	 6.758072e-01 4.508635e-01 1.257533e-01
#	 4.508635e-01 3.007928e-01 8.389608e-02
#	 1.257533e-01 8.389608e-02 2.340000e-02
# H0W = 
#	 0.000000e+00 -7.021572e-02 -6.409741e-01
#	 7.021572e-02 0.000000e+00 -4.145591e-01
#	 6.409741e-01 4.145591e-01 0.000000e+00
# H0H0W = 
#	 0.000000e+00 1.093512e-02 3.267094e+00
#	 1.093512e-02 0.000000e+00 2.048477e+00
#	 3.267094e+00 2.048477e+00 0.000000e+00
# WH0W = 
#	 2.245246e-01 7.957547e-02 -5.991948e-01
#	 7.957547e-02 6.244341e-03 -4.128174e-01
#	 -5.991948e-01 -4.128174e-01 -2.307689e-01
#################################################
##            CALCULATION COMPLETED            ##
#################################################
# Psi[0]^2 = 0.642573 + I0.000000
# Psi[1]^2 = 0.296256 + I0.000000
# Psi[2]^2 = 0.061171 + I0.000000
# phi0 = 2.326624 
# phi1 = 2.347915 
# phi2 = 3.084380 
# Psi = 
#	5.833324e-01+i(-5.498148e-01)
#	3.880476e-01+i(-3.816745e-01)
#	1.414261e-02+i(-2.469223e-01)
#ProbSurv b 1-|Psi|^2 calls E tol dh dh(prev) dh(last)
0.524798658508	1	-1.00808e-13	9001	853815	0.0001	0.0001	0.0001	5e-05
