# a = 0.100000
# b = 1.000000
# E = 270.000000
# tol = 0.000100
# s12 = 0.554977
# s13 = 0.152971
# psi0 = 0.822075 + I0.000000	0.548446 + I0.000000	0.152971 + I0.000000
# dh = 0.000100
# out = data/E2.7e2.0_tol1e-4.log
# model = sun
# scan_steps = 100.000000
# H0 = 
#	 0.000000e+00 0.000000e+00 0.000000e+00
#	 0.000000e+00 4.924807e+02 0.000000e+00
#	 0.000000e+00 0.000000e+00 1.611837e+04
# W = 
#	 6.758072e-01 4.508635e-01 1.257533e-01
#	 4.508635e-01 3.007928e-01 8.389608e-02
#	 1.257533e-01 8.389608e-02 2.340000e-02
# H0W = 
#	 0.000000e+00 -2.220416e+02 -2.026938e+03
#	 2.220416e+02 0.000000e+00 -1.310951e+03
#	 2.026938e+03 1.310951e+03 0.000000e+00
# H0H0W = 
#	 0.000000e+00 1.093512e+05 3.267094e+07
#	 1.093512e+05 0.000000e+00 2.048477e+07
#	 3.267094e+07 2.048477e+07 0.000000e+00
# WH0W = 
#	 7.100091e+02 2.516397e+02 -1.894820e+03
#	 2.516397e+02 1.974634e+01 -1.305443e+03
#	 -1.894820e+03 -1.305443e+03 -7.297555e+02
#################################################
##            CALCULATION COMPLETED            ##
#################################################
# Psi[0]^2 = 0.000093 + I0.000000
# Psi[1]^2 = 0.075240 + I0.000000
# Psi[2]^2 = 0.924667 + I0.000000
# phi0 = 2.295232 
# phi1 = -0.858497 
# phi2 = -0.307618 
# Psi = 
#	7.222634e-03+i(-6.391646e-03)
#	-2.076069e-01+i(1.792756e-01)
#	-2.911607e-01+i(9.164563e-01)
#ProbSurv b 1-|Psi|^2 calls E tol dh dh(prev) dh(last)
0.0443318176885	1	-4.18554e-13	9001	270	0.0001	0.0001	0.0001	5e-05
