# a = 0.100000
# b = 1.000000
# E = 2700000.000000
# tol = 0.000100
# s12 = 0.554977
# s13 = 0.152971
# psi0 = 0.822075 + I0.000000	0.548446 + I0.000000	0.152971 + I0.000000
# dh = 0.000100
# out = data/E2.7e6.0_tol1e-4.log
# model = sun
# scan_steps = 100.000000
# H0 = 
#	 0.000000e+00 0.000000e+00 0.000000e+00
#	 0.000000e+00 4.924807e-02 0.000000e+00
#	 0.000000e+00 0.000000e+00 1.611837e+00
# W = 
#	 6.758072e-01 4.508635e-01 1.257533e-01
#	 4.508635e-01 3.007928e-01 8.389608e-02
#	 1.257533e-01 8.389608e-02 2.340000e-02
# H0W = 
#	 0.000000e+00 -2.220416e-02 -2.026938e-01
#	 2.220416e-02 0.000000e+00 -1.310951e-01
#	 2.026938e-01 1.310951e-01 0.000000e+00
# H0H0W = 
#	 0.000000e+00 1.093512e-03 3.267094e-01
#	 1.093512e-03 0.000000e+00 2.048477e-01
#	 3.267094e-01 2.048477e-01 0.000000e+00
# WH0W = 
#	 7.100091e-02 2.516397e-02 -1.894820e-01
#	 2.516397e-02 1.974634e-03 -1.305443e-01
#	 -1.894820e-01 -1.305443e-01 -7.297555e-02
#################################################
##            CALCULATION COMPLETED            ##
#################################################
# Psi[0]^2 = 0.667076 + I0.000000
# Psi[1]^2 = 0.300215 + I0.000000
# Psi[2]^2 = 0.032709 + I0.000000
# phi0 = 2.238746 
# phi1 = 2.245483 
# phi2 = 2.465605 
# Psi = 
#	6.412226e-01+i(-5.058753e-01)
#	4.278708e-01+i(-3.422588e-01)
#	1.131564e-01+i(-1.410846e-01)
#ProbSurv b 1-|Psi|^2 calls E tol dh dh(prev) dh(last)
0.541882655443	1	-6.77236e-14	9001	2.7e+06	0.0001	0.0001	0.0001	5e-05
