# a = 0.100000
# b = 1.000000
# E = 2800.000000
# tol = 0.000100
# s12 = 0.554977
# s13 = 0.152971
# psi0 = 0.822075 + I0.000000	0.548446 + I0.000000	0.152971 + I0.000000
# dh = 0.000100
# out = data/E2.8e3.0_tol1e-4.log
# model = sun
# scan_steps = 100.000000
# H0 = 
#	 0.000000e+00 0.000000e+00 0.000000e+00
#	 0.000000e+00 4.748921e+01 0.000000e+00
#	 0.000000e+00 0.000000e+00 1.554271e+03
# W = 
#	 6.758072e-01 4.508635e-01 1.257533e-01
#	 4.508635e-01 3.007928e-01 8.389608e-02
#	 1.257533e-01 8.389608e-02 2.340000e-02
# H0W = 
#	 0.000000e+00 -2.141115e+01 -1.954547e+02
#	 2.141115e+01 0.000000e+00 -1.264131e+02
#	 1.954547e+02 1.264131e+02 0.000000e+00
# H0H0W = 
#	 0.000000e+00 1.016799e+03 3.037897e+05
#	 1.016799e+03 0.000000e+00 1.904770e+05
#	 3.037897e+05 1.904770e+05 0.000000e+00
# WH0W = 
#	 6.846517e+01 2.426526e+01 -1.827148e+02
#	 2.426526e+01 1.904111e+00 -1.258820e+02
#	 -1.827148e+02 -1.258820e+02 -7.036928e+01
#################################################
##            CALCULATION COMPLETED            ##
#################################################
# Psi[0]^2 = 0.000001 + I0.000000
# Psi[1]^2 = 0.000118 + I0.000000
# Psi[2]^2 = 0.999881 + I0.000000
# phi0 = -2.631098 
# phi1 = -1.051856 
# phi2 = -0.396734 
# Psi = 
#	-4.599858e-04+i(-8.213907e-04)
#	-9.430291e-03+i(5.386168e-03)
#	-3.863853e-01+i(9.222730e-01)
#ProbSurv b 1-|Psi|^2 calls E tol dh dh(prev) dh(last)
0.0234332942482	1	-3.64153e-14	9001	2800	0.0001	0.0001	0.0001	5e-05
