# a = 0.100000
# b = 1.000000
# E = 885.437745
# tol = 0.000100
# s12 = 0.554977
# s13 = 0.152971
# psi0 = 0.822075 + I0.000000	0.548446 + I0.000000	0.152971 + I0.000000
# dh = 0.000100
# out = data/E2.8e2.5_tol1e-4.log
# model = sun
# scan_steps = 100.000000
# H0 = 
#	 0.000000e+00 0.000000e+00 0.000000e+00
#	 0.000000e+00 1.501741e+02 0.000000e+00
#	 0.000000e+00 0.000000e+00 4.915038e+03
# W = 
#	 6.758072e-01 4.508635e-01 1.257533e-01
#	 4.508635e-01 3.007928e-01 8.389608e-02
#	 1.257533e-01 8.389608e-02 2.340000e-02
# H0W = 
#	 0.000000e+00 -6.770801e+01 -6.180821e+02
#	 6.770801e+01 0.000000e+00 -3.997534e+02
#	 6.180821e+02 3.997534e+02 0.000000e+00
# H0H0W = 
#	 0.000000e+00 1.016799e+04 3.037897e+06
#	 1.016799e+04 0.000000e+00 1.904770e+06
#	 3.037897e+06 1.904770e+06 0.000000e+00
# WH0W = 
#	 2.165059e+02 7.673349e+01 -5.777950e+02
#	 7.673349e+01 6.021329e+00 -3.980739e+02
#	 -5.777950e+02 -3.980739e+02 -2.225272e+02
#################################################
##            CALCULATION COMPLETED            ##
#################################################
# Psi[0]^2 = 0.000008 + I0.000000
# Psi[1]^2 = 0.001604 + I0.000000
# Psi[2]^2 = 0.998388 + I0.000000
# phi0 = -1.011432 
# phi1 = 1.986475 
# phi2 = 1.487363 
# Psi = 
#	-2.389180e-03+i(1.495782e-03)
#	3.663980e-02+i(-1.617280e-02)
#	9.957179e-01+i(8.326963e-02)
#ProbSurv b 1-|Psi|^2 calls E tol dh dh(prev) dh(last)
0.0238501313743	1	-7.81597e-14	9001	885.438	0.0001	0.0001	0.0001	5e-05
