# a = 0.100000
# b = 1.000000
# E = 8.854377
# tol = 0.000100
# s12 = 0.554977
# s13 = 0.152971
# psi0 = 0.822075 + I0.000000	0.548446 + I0.000000	0.152971 + I0.000000
# dh = 0.000100
# out = data/E2.8e0.5_tol1e-4.log
# model = sun
# scan_steps = 100.000000
# H0 = 
#	 0.000000e+00 0.000000e+00 0.000000e+00
#	 0.000000e+00 1.501741e+04 0.000000e+00
#	 0.000000e+00 0.000000e+00 4.915038e+05
# W = 
#	 6.758072e-01 4.508635e-01 1.257533e-01
#	 4.508635e-01 3.007928e-01 8.389608e-02
#	 1.257533e-01 8.389608e-02 2.340000e-02
# H0W = 
#	 0.000000e+00 -6.770801e+03 -6.180821e+04
#	 6.770801e+03 0.000000e+00 -3.997534e+04
#	 6.180821e+04 3.997534e+04 0.000000e+00
# H0H0W = 
#	 0.000000e+00 1.016799e+08 3.037897e+10
#	 1.016799e+08 0.000000e+00 1.904770e+10
#	 3.037897e+10 1.904770e+10 0.000000e+00
# WH0W = 
#	 2.165059e+04 7.673349e+03 -5.777950e+04
#	 7.673349e+03 6.021329e+02 -3.980739e+04
#	 -5.777950e+04 -3.980739e+04 -2.225272e+04
#################################################
##            CALCULATION COMPLETED            ##
#################################################
# Psi[0]^2 = 0.112773 + I0.000000
# Psi[1]^2 = 0.861603 + I0.000000
# Psi[2]^2 = 0.025624 + I0.000000
# phi0 = -2.282356 
# phi1 = -1.677549 
# phi2 = 1.860289 
# Psi = 
#	-2.543286e-01+i(-2.192932e-01)
#	-9.229418e-01+i(-9.890258e-02)
#	1.534143e-01+i(-4.569607e-02)
#ProbSurv b 1-|Psi|^2 calls E tol dh dh(prev) dh(last)
0.335976200421	1	-1.01048e-11	22475	8.85438	0.0001	0.0001	4.00478e-05	2.29623e-05
