# a = 0.100000
# b = 1.000000
# E = 0.885438
# tol = 0.000100
# s12 = 0.554977
# s13 = 0.152971
# psi0 = 0.822075 + I0.000000	0.548446 + I0.000000	0.152971 + I0.000000
# dh = 0.000100
# out = data/E2.8e-0.5_tol1e-4.log
# model = sun
# scan_steps = 100.000000
# H0 = 
#	 0.000000e+00 0.000000e+00 0.000000e+00
#	 0.000000e+00 1.501741e+05 0.000000e+00
#	 0.000000e+00 0.000000e+00 4.915038e+06
# W = 
#	 6.758072e-01 4.508635e-01 1.257533e-01
#	 4.508635e-01 3.007928e-01 8.389608e-02
#	 1.257533e-01 8.389608e-02 2.340000e-02
# H0W = 
#	 0.000000e+00 -6.770801e+04 -6.180821e+05
#	 6.770801e+04 0.000000e+00 -3.997534e+05
#	 6.180821e+05 3.997534e+05 0.000000e+00
# H0H0W = 
#	 0.000000e+00 1.016799e+10 3.037897e+12
#	 1.016799e+10 0.000000e+00 1.904770e+12
#	 3.037897e+12 1.904770e+12 0.000000e+00
# WH0W = 
#	 2.165059e+05 7.673349e+04 -5.777950e+05
#	 7.673349e+04 6.021329e+03 -3.980739e+05
#	 -5.777950e+05 -3.980739e+05 -2.225272e+05
#################################################
##            CALCULATION COMPLETED            ##
#################################################
# Psi[0]^2 = 0.608378 + I0.000000
# Psi[1]^2 = 0.368005 + I0.000000
# Psi[2]^2 = 0.023617 + I0.000000
# phi0 = 1.309684 
# phi1 = 0.633851 
# phi2 = -1.894468 
# Psi = 
#	7.535471e-01+i(2.013577e-01)
#	3.592800e-01+i(4.887969e-01)
#	-1.456993e-01+i(-4.887770e-02)
#ProbSurv b 1-|Psi|^2 calls E tol dh dh(prev) dh(last)
0.522392080389	1	6.63369e-11	443496	0.885438	0.0001	0.0001	2.02934e-06	1.2328e-06
