# a = 0.100000
# b = 1.000000
# E = 28000.000000
# tol = 0.000100
# s12 = 0.554977
# s13 = 0.152971
# psi0 = 0.822075 + I0.000000	0.548446 + I0.000000	0.152971 + I0.000000
# dh = 0.000100
# out = data/E2.8e4.0_tol1e-4.log
# model = sun
# scan_steps = 100.000000
# H0 = 
#	 0.000000e+00 0.000000e+00 0.000000e+00
#	 0.000000e+00 4.748921e+00 0.000000e+00
#	 0.000000e+00 0.000000e+00 1.554271e+02
# W = 
#	 6.758072e-01 4.508635e-01 1.257533e-01
#	 4.508635e-01 3.007928e-01 8.389608e-02
#	 1.257533e-01 8.389608e-02 2.340000e-02
# H0W = 
#	 0.000000e+00 -2.141115e+00 -1.954547e+01
#	 2.141115e+00 0.000000e+00 -1.264131e+01
#	 1.954547e+01 1.264131e+01 0.000000e+00
# H0H0W = 
#	 0.000000e+00 1.016799e+01 3.037897e+03
#	 1.016799e+01 0.000000e+00 1.904770e+03
#	 3.037897e+03 1.904770e+03 0.000000e+00
# WH0W = 
#	 6.846517e+00 2.426526e+00 -1.827148e+01
#	 2.426526e+00 1.904111e-01 -1.258820e+01
#	 -1.827148e+01 -1.258820e+01 -7.036928e+00
#################################################
##            CALCULATION COMPLETED            ##
#################################################
# Psi[0]^2 = 0.051235 + I0.000000
# Psi[1]^2 = 0.065463 + I0.000000
# Psi[2]^2 = 0.883302 + I0.000000
# phi0 = -1.232001 
# phi1 = -0.543981 
# phi2 = 1.552624 
# Psi = 
#	-2.134847e-01+i(7.522819e-02)
#	-1.324178e-01+i(2.189254e-01)
#	9.396864e-01+i(1.707792e-02)
#ProbSurv b 1-|Psi|^2 calls E tol dh dh(prev) dh(last)
0.0749849920299	1	-7.9714e-14	9001	28000	0.0001	0.0001	0.0001	5e-05
