# a = 0.100000
# b = 1.000000
# E = 28.000000
# tol = 0.000100
# s12 = 0.554977
# s13 = 0.152971
# psi0 = 0.822075 + I0.000000	0.548446 + I0.000000	0.152971 + I0.000000
# dh = 0.000100
# out = data/E2.8e1.0_tol1e-4.log
# model = sun
# scan_steps = 100.000000
# H0 = 
#	 0.000000e+00 0.000000e+00 0.000000e+00
#	 0.000000e+00 4.748921e+03 0.000000e+00
#	 0.000000e+00 0.000000e+00 1.554271e+05
# W = 
#	 6.758072e-01 4.508635e-01 1.257533e-01
#	 4.508635e-01 3.007928e-01 8.389608e-02
#	 1.257533e-01 8.389608e-02 2.340000e-02
# H0W = 
#	 0.000000e+00 -2.141115e+03 -1.954547e+04
#	 2.141115e+03 0.000000e+00 -1.264131e+04
#	 1.954547e+04 1.264131e+04 0.000000e+00
# H0H0W = 
#	 0.000000e+00 1.016799e+07 3.037897e+09
#	 1.016799e+07 0.000000e+00 1.904770e+09
#	 3.037897e+09 1.904770e+09 0.000000e+00
# WH0W = 
#	 6.846517e+03 2.426526e+03 -1.827148e+04
#	 2.426526e+03 1.904111e+02 -1.258820e+04
#	 -1.827148e+04 -1.258820e+04 -7.036928e+03
#################################################
##            CALCULATION COMPLETED            ##
#################################################
# Psi[0]^2 = 0.010644 + I0.000000
# Psi[1]^2 = 0.957349 + I0.000000
# Psi[2]^2 = 0.032007 + I0.000000
# phi0 = 1.615761 
# phi1 = -1.267141 
# phi2 = 2.045725 
# Psi = 
#	1.030669e-01+i(-4.637452e-03)
#	-9.336783e-01+i(2.925643e-01)
#	1.591040e-01+i(-8.180835e-02)
#ProbSurv b 1-|Psi|^2 calls E tol dh dh(prev) dh(last)
0.295906142898	1	-2.82441e-12	9001	28	0.0001	0.0001	0.0001	5e-05
