# a = 0.100000
# b = 1.000000
# E = 88.543774
# tol = 0.000100
# s12 = 0.554977
# s13 = 0.152971
# psi0 = 0.822075 + I0.000000	0.548446 + I0.000000	0.152971 + I0.000000
# dh = 0.000100
# out = data/E2.8e1.5_tol1e-4.log
# model = sun
# scan_steps = 100.000000
# H0 = 
#	 0.000000e+00 0.000000e+00 0.000000e+00
#	 0.000000e+00 1.501741e+03 0.000000e+00
#	 0.000000e+00 0.000000e+00 4.915038e+04
# W = 
#	 6.758072e-01 4.508635e-01 1.257533e-01
#	 4.508635e-01 3.007928e-01 8.389608e-02
#	 1.257533e-01 8.389608e-02 2.340000e-02
# H0W = 
#	 0.000000e+00 -6.770801e+02 -6.180821e+03
#	 6.770801e+02 0.000000e+00 -3.997534e+03
#	 6.180821e+03 3.997534e+03 0.000000e+00
# H0H0W = 
#	 0.000000e+00 1.016799e+06 3.037897e+08
#	 1.016799e+06 0.000000e+00 1.904770e+08
#	 3.037897e+08 1.904770e+08 0.000000e+00
# WH0W = 
#	 2.165059e+03 7.673349e+02 -5.777950e+03
#	 7.673349e+02 6.021329e+01 -3.980739e+03
#	 -5.777950e+03 -3.980739e+03 -2.225272e+03
#################################################
##            CALCULATION COMPLETED            ##
#################################################
# Psi[0]^2 = 0.001009 + I0.000000
# Psi[1]^2 = 0.922298 + I0.000000
# Psi[2]^2 = 0.076692 + I0.000000
# phi0 = 2.850620 
# phi1 = 2.611864 
# phi2 = 2.271882 
# Psi = 
#	9.115064e-03+i(-3.043704e-02)
#	4.852714e-01+i(-8.287401e-01)
#	2.116164e-01+i(-1.786353e-01)
#ProbSurv b 1-|Psi|^2 calls E tol dh dh(prev) dh(last)
0.279897539628	1	8.9162e-13	9001	88.5438	0.0001	0.0001	0.0001	5e-05
