# a = 0.100000
# b = 1.000000
# E = 2.800000
# tol = 0.000100
# s12 = 0.554977
# s13 = 0.152971
# psi0 = 0.822075 + I0.000000	0.548446 + I0.000000	0.152971 + I0.000000
# dh = 0.000100
# out = data/E2.8e0.0_tol1e-4.log
# model = sun
# scan_steps = 100.000000
# H0 = 
#	 0.000000e+00 0.000000e+00 0.000000e+00
#	 0.000000e+00 4.748921e+04 0.000000e+00
#	 0.000000e+00 0.000000e+00 1.554271e+06
# W = 
#	 6.758072e-01 4.508635e-01 1.257533e-01
#	 4.508635e-01 3.007928e-01 8.389608e-02
#	 1.257533e-01 8.389608e-02 2.340000e-02
# H0W = 
#	 0.000000e+00 -2.141115e+04 -1.954547e+05
#	 2.141115e+04 0.000000e+00 -1.264131e+05
#	 1.954547e+05 1.264131e+05 0.000000e+00
# H0H0W = 
#	 0.000000e+00 1.016799e+09 3.037897e+11
#	 1.016799e+09 0.000000e+00 1.904770e+11
#	 3.037897e+11 1.904770e+11 0.000000e+00
# WH0W = 
#	 6.846517e+04 2.426526e+04 -1.827148e+05
#	 2.426526e+04 1.904111e+03 -1.258820e+05
#	 -1.827148e+05 -1.258820e+05 -7.036928e+04
#################################################
##            CALCULATION COMPLETED            ##
#################################################
# Psi[0]^2 = 0.441372 + I0.000000
# Psi[1]^2 = 0.534531 + I0.000000
# Psi[2]^2 = 0.024097 + I0.000000
# phi0 = -0.518850 
# phi1 = -1.076306 
# phi2 = 2.605172 
# Psi = 
#	-3.294433e-01+i(5.769220e-01)
#	-6.435362e-01+i(3.469752e-01)
#	7.933408e-02+i(-1.334300e-01)
#ProbSurv b 1-|Psi|^2 calls E tol dh dh(prev) dh(last)
0.459629161099	1	1.14542e-12	87235	2.8	0.0001	0.0001	1.03172e-05	6.49599e-06
