# a = 0.100000
# b = 1.000000
# E = 885437.744847
# tol = 0.000100
# s12 = 0.554977
# s13 = 0.152971
# psi0 = 0.822075 + I0.000000	0.548446 + I0.000000	0.152971 + I0.000000
# dh = 0.000100
# out = data/E2.8e5.5_tol1e-4.log
# model = sun
# scan_steps = 100.000000
# H0 = 
#	 0.000000e+00 0.000000e+00 0.000000e+00
#	 0.000000e+00 1.501741e-01 0.000000e+00
#	 0.000000e+00 0.000000e+00 4.915038e+00
# W = 
#	 6.758072e-01 4.508635e-01 1.257533e-01
#	 4.508635e-01 3.007928e-01 8.389608e-02
#	 1.257533e-01 8.389608e-02 2.340000e-02
# H0W = 
#	 0.000000e+00 -6.770801e-02 -6.180821e-01
#	 6.770801e-02 0.000000e+00 -3.997534e-01
#	 6.180821e-01 3.997534e-01 0.000000e+00
# H0H0W = 
#	 0.000000e+00 1.016799e-02 3.037897e+00
#	 1.016799e-02 0.000000e+00 1.904770e+00
#	 3.037897e+00 1.904770e+00 0.000000e+00
# WH0W = 
#	 2.165059e-01 7.673349e-02 -5.777950e-01
#	 7.673349e-02 6.021329e-03 -3.980739e-01
#	 -5.777950e-01 -3.980739e-01 -2.225272e-01
#################################################
##            CALCULATION COMPLETED            ##
#################################################
# Psi[0]^2 = 0.644049 + I0.000000
# Psi[1]^2 = 0.296560 + I0.000000
# Psi[2]^2 = 0.059392 + I0.000000
# phi0 = 2.322042 
# phi1 = 2.342571 
# phi2 = 3.050731 
# Psi = 
#	5.865180e-01+i(-5.477638e-01)
#	3.902813e-01+i(-3.797899e-01)
#	2.211289e-02+i(-2.426988e-01)
#ProbSurv b 1-|Psi|^2 calls E tol dh dh(prev) dh(last)
0.525845444064	1	-8.90399e-14	9001	885438	0.0001	0.0001	0.0001	5e-05
