# a = 0.100000
# b = 1.000000
# E = 88543.774485
# tol = 0.000100
# s12 = 0.554977
# s13 = 0.152971
# psi0 = 0.822075 + I0.000000	0.548446 + I0.000000	0.152971 + I0.000000
# dh = 0.000100
# out = data/E2.8e4.5_tol1e-4.log
# model = sun
# scan_steps = 100.000000
# H0 = 
#	 0.000000e+00 0.000000e+00 0.000000e+00
#	 0.000000e+00 1.501741e+00 0.000000e+00
#	 0.000000e+00 0.000000e+00 4.915038e+01
# W = 
#	 6.758072e-01 4.508635e-01 1.257533e-01
#	 4.508635e-01 3.007928e-01 8.389608e-02
#	 1.257533e-01 8.389608e-02 2.340000e-02
# H0W = 
#	 0.000000e+00 -6.770801e-01 -6.180821e+00
#	 6.770801e-01 0.000000e+00 -3.997534e+00
#	 6.180821e+00 3.997534e+00 0.000000e+00
# H0H0W = 
#	 0.000000e+00 1.016799e+00 3.037897e+02
#	 1.016799e+00 0.000000e+00 1.904770e+02
#	 3.037897e+02 1.904770e+02 0.000000e+00
# WH0W = 
#	 2.165059e+00 7.673349e-01 -5.777950e+00
#	 7.673349e-01 6.021329e-02 -3.980739e+00
#	 -5.777950e+00 -3.980739e+00 -2.225272e+00
#################################################
##            CALCULATION COMPLETED            ##
#################################################
# Psi[0]^2 = 0.315001 + I0.000000
# Psi[1]^2 = 0.195527 + I0.000000
# Psi[2]^2 = 0.489472 + I0.000000
# phi0 = -3.064508 
# phi1 = -2.853802 
# phi2 = 2.623837 
# Psi = 
#	-4.322074e-02+i(-5.595828e-01)
#	-1.255071e-01+i(-4.239983e-01)
#	3.462654e-01+i(-6.079250e-01)
#ProbSurv b 1-|Psi|^2 calls E tol dh dh(prev) dh(last)
0.283146552048	1	-9.72555e-14	9001	88543.8	0.0001	0.0001	0.0001	5e-05
