# a = 0.100000
# b = 1.000000
# E = 9170.605214
# tol = 0.000100
# s12 = 0.554977
# s13 = 0.152971
# psi0 = 0.822075 + I0.000000	0.548446 + I0.000000	0.152971 + I0.000000
# dh = 0.000100
# out = data/E2.9e3.5_tol1e-4.log
# model = sun
# scan_steps = 100.000000
# H0 = 
#	 0.000000e+00 0.000000e+00 0.000000e+00
#	 0.000000e+00 1.449956e+01 0.000000e+00
#	 0.000000e+00 0.000000e+00 4.745554e+02
# W = 
#	 6.758072e-01 4.508635e-01 1.257533e-01
#	 4.508635e-01 3.007928e-01 8.389608e-02
#	 1.257533e-01 8.389608e-02 2.340000e-02
# H0W = 
#	 0.000000e+00 -6.537325e+00 -5.967690e+01
#	 6.537325e+00 0.000000e+00 -3.859688e+01
#	 5.967690e+01 3.859688e+01 0.000000e+00
# H0H0W = 
#	 0.000000e+00 9.478837e+01 2.831999e+04
#	 9.478837e+01 0.000000e+00 1.775672e+04
#	 2.831999e+04 1.775672e+04 0.000000e+00
# WH0W = 
#	 2.090401e+01 7.408750e+00 -5.578711e+01
#	 7.408750e+00 5.813697e-01 -3.843472e+01
#	 -5.578711e+01 -3.843472e+01 -2.148538e+01
#################################################
##            CALCULATION COMPLETED            ##
#################################################
# Psi[0]^2 = 0.000069 + I0.000000
# Psi[1]^2 = 0.001130 + I0.000000
# Psi[2]^2 = 0.998801 + I0.000000
# phi0 = -2.989220 
# phi1 = -0.419817 
# phi2 = 0.550438 
# Psi = 
#	-1.263737e-03+i(-8.229444e-03)
#	-1.370095e-02+i(3.069533e-02)
#	5.227471e-01+i(8.517842e-01)
#ProbSurv b 1-|Psi|^2 calls E tol dh dh(prev) dh(last)
0.0237586567801	1	-7.10543e-14	9001	9170.61	0.0001	0.0001	0.0001	5e-05
