# a = 0.100000
# b = 1.000000
# E = 917.060521
# tol = 0.000100
# s12 = 0.554977
# s13 = 0.152971
# psi0 = 0.822075 + I0.000000	0.548446 + I0.000000	0.152971 + I0.000000
# dh = 0.000100
# out = data/E2.9e2.5_tol1e-4.log
# model = sun
# scan_steps = 100.000000
# H0 = 
#	 0.000000e+00 0.000000e+00 0.000000e+00
#	 0.000000e+00 1.449956e+02 0.000000e+00
#	 0.000000e+00 0.000000e+00 4.745554e+03
# W = 
#	 6.758072e-01 4.508635e-01 1.257533e-01
#	 4.508635e-01 3.007928e-01 8.389608e-02
#	 1.257533e-01 8.389608e-02 2.340000e-02
# H0W = 
#	 0.000000e+00 -6.537325e+01 -5.967690e+02
#	 6.537325e+01 0.000000e+00 -3.859688e+02
#	 5.967690e+02 3.859688e+02 0.000000e+00
# H0H0W = 
#	 0.000000e+00 9.478837e+03 2.831999e+06
#	 9.478837e+03 0.000000e+00 1.775672e+06
#	 2.831999e+06 1.775672e+06 0.000000e+00
# WH0W = 
#	 2.090401e+02 7.408750e+01 -5.578711e+02
#	 7.408750e+01 5.813697e+00 -3.843472e+02
#	 -5.578711e+02 -3.843472e+02 -2.148538e+02
#################################################
##            CALCULATION COMPLETED            ##
#################################################
# Psi[0]^2 = 0.000008 + I0.000000
# Psi[1]^2 = 0.001466 + I0.000000
# Psi[2]^2 = 0.998526 + I0.000000
# phi0 = -2.571293 
# phi1 = 0.795986 
# phi2 = -2.190279 
# Psi = 
#	-1.507220e-03+i(-2.349920e-03)
#	2.735765e-02+i(2.678436e-02)
#	-8.135790e-01+i(-5.801859e-01)
#ProbSurv b 1-|Psi|^2 calls E tol dh dh(prev) dh(last)
0.0238116988953	1	-6.08402e-14	9001	917.061	0.0001	0.0001	0.0001	5e-05
