# a = 0.100000
# b = 1.000000
# E = 91.706052
# tol = 0.000100
# s12 = 0.554977
# s13 = 0.152971
# psi0 = 0.822075 + I0.000000	0.548446 + I0.000000	0.152971 + I0.000000
# dh = 0.000100
# out = data/E2.9e1.5_tol1e-4.log
# model = sun
# scan_steps = 100.000000
# H0 = 
#	 0.000000e+00 0.000000e+00 0.000000e+00
#	 0.000000e+00 1.449956e+03 0.000000e+00
#	 0.000000e+00 0.000000e+00 4.745554e+04
# W = 
#	 6.758072e-01 4.508635e-01 1.257533e-01
#	 4.508635e-01 3.007928e-01 8.389608e-02
#	 1.257533e-01 8.389608e-02 2.340000e-02
# H0W = 
#	 0.000000e+00 -6.537325e+02 -5.967690e+03
#	 6.537325e+02 0.000000e+00 -3.859688e+03
#	 5.967690e+03 3.859688e+03 0.000000e+00
# H0H0W = 
#	 0.000000e+00 9.478837e+05 2.831999e+08
#	 9.478837e+05 0.000000e+00 1.775672e+08
#	 2.831999e+08 1.775672e+08 0.000000e+00
# WH0W = 
#	 2.090401e+03 7.408750e+02 -5.578711e+03
#	 7.408750e+02 5.813697e+01 -3.843472e+03
#	 -5.578711e+03 -3.843472e+03 -2.148538e+03
#################################################
##            CALCULATION COMPLETED            ##
#################################################
# Psi[0]^2 = 0.000925 + I0.000000
# Psi[1]^2 = 0.918013 + I0.000000
# Psi[2]^2 = 0.081063 + I0.000000
# phi0 = 1.511452 
# phi1 = 0.406045 
# phi2 = -1.643789 
# Psi = 
#	3.035217e-02+i(1.803350e-03)
#	3.784412e-01+i(8.802244e-01)
#	-2.839570e-01+i(-2.076374e-02)
#ProbSurv b 1-|Psi|^2 calls E tol dh dh(prev) dh(last)
0.278653296807	1	1.10101e-12	9001	91.7061	0.0001	0.0001	0.0001	5e-05
