# a = 0.100000
# b = 1.000000
# E = 2900000.000000
# tol = 0.000100
# s12 = 0.554977
# s13 = 0.152971
# psi0 = 0.822075 + I0.000000	0.548446 + I0.000000	0.152971 + I0.000000
# dh = 0.000100
# out = data/E2.9e6.0_tol1e-4.log
# model = sun
# scan_steps = 100.000000
# H0 = 
#	 0.000000e+00 0.000000e+00 0.000000e+00
#	 0.000000e+00 4.585165e-02 0.000000e+00
#	 0.000000e+00 0.000000e+00 1.500676e+00
# W = 
#	 6.758072e-01 4.508635e-01 1.257533e-01
#	 4.508635e-01 3.007928e-01 8.389608e-02
#	 1.257533e-01 8.389608e-02 2.340000e-02
# H0W = 
#	 0.000000e+00 -2.067284e-02 -1.887149e-01
#	 2.067284e-02 0.000000e+00 -1.220540e-01
#	 1.887149e-01 1.220540e-01 0.000000e+00
# H0H0W = 
#	 0.000000e+00 9.478837e-04 2.831999e-01
#	 9.478837e-04 0.000000e+00 1.775672e-01
#	 2.831999e-01 1.775672e-01 0.000000e+00
# WH0W = 
#	 6.610430e-02 2.342853e-02 -1.764143e-01
#	 2.342853e-02 1.838452e-03 -1.215413e-01
#	 -1.764143e-01 -1.215413e-01 -6.794275e-02
#################################################
##            CALCULATION COMPLETED            ##
#################################################
# Psi[0]^2 = 0.667729 + I0.000000
# Psi[1]^2 = 0.300278 + I0.000000
# Psi[2]^2 = 0.031993 + I0.000000
# phi0 = 2.235954 
# phi1 = 2.242227 
# phi2 = 2.446779 
# Psi = 
#	6.429469e-01+i(-5.043292e-01)
#	4.290287e-01+i(-3.408998e-01)
#	1.145175e-01+i(-1.374001e-01)
#ProbSurv b 1-|Psi|^2 calls E tol dh dh(prev) dh(last)
0.542326029644	1	-8.14904e-14	9001	2.9e+06	0.0001	0.0001	0.0001	5e-05
