# a = 0.100000
# b = 1.000000
# E = 0.290000
# tol = 0.000100
# s12 = 0.554977
# s13 = 0.152971
# psi0 = 0.822075 + I0.000000	0.548446 + I0.000000	0.152971 + I0.000000
# dh = 0.000100
# out = data/E2.9e-1.0_tol1e-4.log
# model = sun
# scan_steps = 100.000000
# H0 = 
#	 0.000000e+00 0.000000e+00 0.000000e+00
#	 0.000000e+00 4.585165e+05 0.000000e+00
#	 0.000000e+00 0.000000e+00 1.500676e+07
# W = 
#	 6.758072e-01 4.508635e-01 1.257533e-01
#	 4.508635e-01 3.007928e-01 8.389608e-02
#	 1.257533e-01 8.389608e-02 2.340000e-02
# H0W = 
#	 0.000000e+00 -2.067284e+05 -1.887149e+06
#	 2.067284e+05 0.000000e+00 -1.220540e+06
#	 1.887149e+06 1.220540e+06 0.000000e+00
# H0H0W = 
#	 0.000000e+00 9.478837e+10 2.831999e+13
#	 9.478837e+10 0.000000e+00 1.775672e+13
#	 2.831999e+13 1.775672e+13 0.000000e+00
# WH0W = 
#	 6.610430e+05 2.342853e+05 -1.764143e+06
#	 2.342853e+05 1.838452e+04 -1.215413e+06
#	 -1.764143e+06 -1.215413e+06 -6.794275e+05
#################################################
##            CALCULATION COMPLETED            ##
#################################################
# Psi[0]^2 = 0.654812 + I0.000000
# Psi[1]^2 = 0.321717 + I0.000000
# Psi[2]^2 = 0.023471 + I0.000000
# phi0 = 0.173285 
# phi1 = 0.597980 
# phi2 = 1.327266 
# Psi = 
#	1.395223e-01+i(7.970856e-01)
#	3.193196e-01+i(4.687774e-01)
#	1.486814e-01+i(3.694166e-02)
#ProbSurv b 1-|Psi|^2 calls E tol dh dh(prev) dh(last)
 0.53984603378	1	4.19876e-11	2331389	0.29	0.0001	0.0001	3.86036e-07	3.52044e-07
