# a = 0.100000
# b = 1.000000
# E = 290.000000
# tol = 0.000100
# s12 = 0.554977
# s13 = 0.152971
# psi0 = 0.822075 + I0.000000	0.548446 + I0.000000	0.152971 + I0.000000
# dh = 0.000100
# out = data/E2.9e2.0_tol1e-4.log
# model = sun
# scan_steps = 100.000000
# H0 = 
#	 0.000000e+00 0.000000e+00 0.000000e+00
#	 0.000000e+00 4.585165e+02 0.000000e+00
#	 0.000000e+00 0.000000e+00 1.500676e+04
# W = 
#	 6.758072e-01 4.508635e-01 1.257533e-01
#	 4.508635e-01 3.007928e-01 8.389608e-02
#	 1.257533e-01 8.389608e-02 2.340000e-02
# H0W = 
#	 0.000000e+00 -2.067284e+02 -1.887149e+03
#	 2.067284e+02 0.000000e+00 -1.220540e+03
#	 1.887149e+03 1.220540e+03 0.000000e+00
# H0H0W = 
#	 0.000000e+00 9.478837e+04 2.831999e+07
#	 9.478837e+04 0.000000e+00 1.775672e+07
#	 2.831999e+07 1.775672e+07 0.000000e+00
# WH0W = 
#	 6.610430e+02 2.342853e+02 -1.764143e+03
#	 2.342853e+02 1.838452e+01 -1.215413e+03
#	 -1.764143e+03 -1.215413e+03 -6.794275e+02
#################################################
##            CALCULATION COMPLETED            ##
#################################################
# Psi[0]^2 = 0.000095 + I0.000000
# Psi[1]^2 = 0.054458 + I0.000000
# Psi[2]^2 = 0.945447 + I0.000000
# phi0 = 1.100329 
# phi1 = 0.597968 
# phi2 = -1.169016 
# Psi = 
#	8.671249e-03+i(4.409795e-03)
#	1.313750e-01+i(1.928702e-01)
#	-8.949100e-01+i(3.802409e-01)
#ProbSurv b 1-|Psi|^2 calls E tol dh dh(prev) dh(last)
0.0385680818718	1	-4.15223e-13	9001	290	0.0001	0.0001	0.0001	5e-05
