# a = 0.100000
# b = 1.000000
# E = 2.900000
# tol = 0.000100
# s12 = 0.554977
# s13 = 0.152971
# psi0 = 0.822075 + I0.000000	0.548446 + I0.000000	0.152971 + I0.000000
# dh = 0.000100
# out = data/E2.9e0.0_tol1e-4.log
# model = sun
# scan_steps = 100.000000
# H0 = 
#	 0.000000e+00 0.000000e+00 0.000000e+00
#	 0.000000e+00 4.585165e+04 0.000000e+00
#	 0.000000e+00 0.000000e+00 1.500676e+06
# W = 
#	 6.758072e-01 4.508635e-01 1.257533e-01
#	 4.508635e-01 3.007928e-01 8.389608e-02
#	 1.257533e-01 8.389608e-02 2.340000e-02
# H0W = 
#	 0.000000e+00 -2.067284e+04 -1.887149e+05
#	 2.067284e+04 0.000000e+00 -1.220540e+05
#	 1.887149e+05 1.220540e+05 0.000000e+00
# H0H0W = 
#	 0.000000e+00 9.478837e+08 2.831999e+11
#	 9.478837e+08 0.000000e+00 1.775672e+11
#	 2.831999e+11 1.775672e+11 0.000000e+00
# WH0W = 
#	 6.610430e+04 2.342853e+04 -1.764143e+05
#	 2.342853e+04 1.838452e+03 -1.215413e+05
#	 -1.764143e+05 -1.215413e+05 -6.794275e+04
#################################################
##            CALCULATION COMPLETED            ##
#################################################
# Psi[0]^2 = 0.432582 + I0.000000
# Psi[1]^2 = 0.543295 + I0.000000
# Psi[2]^2 = 0.024123 + I0.000000
# phi0 = 1.208382 
# phi1 = -0.071596 
# phi2 = 2.622477 
# Psi = 
#	6.149870e-01+i(2.331798e-01)
#	-5.272710e-02+i(7.351974e-01)
#	7.705389e-02+i(-1.348539e-01)
#ProbSurv b 1-|Psi|^2 calls E tol dh dh(prev) dh(last)
0.456325691847	1	3.81539e-12	78221	2.9	0.0001	0.0001	1.15061e-05	7.24622e-06
