# a = 0.100000
# b = 1.000000
# E = 9.170605
# tol = 0.000100
# s12 = 0.554977
# s13 = 0.152971
# psi0 = 0.822075 + I0.000000	0.548446 + I0.000000	0.152971 + I0.000000
# dh = 0.000100
# out = data/E2.9e0.5_tol1e-4.log
# model = sun
# scan_steps = 100.000000
# H0 = 
#	 0.000000e+00 0.000000e+00 0.000000e+00
#	 0.000000e+00 1.449956e+04 0.000000e+00
#	 0.000000e+00 0.000000e+00 4.745554e+05
# W = 
#	 6.758072e-01 4.508635e-01 1.257533e-01
#	 4.508635e-01 3.007928e-01 8.389608e-02
#	 1.257533e-01 8.389608e-02 2.340000e-02
# H0W = 
#	 0.000000e+00 -6.537325e+03 -5.967690e+04
#	 6.537325e+03 0.000000e+00 -3.859688e+04
#	 5.967690e+04 3.859688e+04 0.000000e+00
# H0H0W = 
#	 0.000000e+00 9.478837e+07 2.831999e+10
#	 9.478837e+07 0.000000e+00 1.775672e+10
#	 2.831999e+10 1.775672e+10 0.000000e+00
# WH0W = 
#	 2.090401e+04 7.408750e+03 -5.578711e+04
#	 7.408750e+03 5.813697e+02 -3.843472e+04
#	 -5.578711e+04 -3.843472e+04 -2.148538e+04
#################################################
##            CALCULATION COMPLETED            ##
#################################################
# Psi[0]^2 = 0.105683 + I0.000000
# Psi[1]^2 = 0.868592 + I0.000000
# Psi[2]^2 = 0.025725 + I0.000000
# phi0 = -1.797448 
# phi1 = 2.974028 
# phi2 = -2.368945 
# Psi = 
#	-3.167750e-01+i(-7.305285e-02)
#	1.554375e-01+i(-9.189292e-01)
#	-1.119581e-01+i(-1.148501e-01)
#ProbSurv b 1-|Psi|^2 calls E tol dh dh(prev) dh(last)
0.333289514254	1	-1.02907e-11	21632	9.17061	0.0001	0.0001	4.16073e-05	3.80616e-05
