# a = 0.100000
# b = 1.000000
# E = 29000.000000
# tol = 0.000100
# s12 = 0.554977
# s13 = 0.152971
# psi0 = 0.822075 + I0.000000	0.548446 + I0.000000	0.152971 + I0.000000
# dh = 0.000100
# out = data/E2.9e4.0_tol1e-4.log
# model = sun
# scan_steps = 100.000000
# H0 = 
#	 0.000000e+00 0.000000e+00 0.000000e+00
#	 0.000000e+00 4.585165e+00 0.000000e+00
#	 0.000000e+00 0.000000e+00 1.500676e+02
# W = 
#	 6.758072e-01 4.508635e-01 1.257533e-01
#	 4.508635e-01 3.007928e-01 8.389608e-02
#	 1.257533e-01 8.389608e-02 2.340000e-02
# H0W = 
#	 0.000000e+00 -2.067284e+00 -1.887149e+01
#	 2.067284e+00 0.000000e+00 -1.220540e+01
#	 1.887149e+01 1.220540e+01 0.000000e+00
# H0H0W = 
#	 0.000000e+00 9.478837e+00 2.831999e+03
#	 9.478837e+00 0.000000e+00 1.775672e+03
#	 2.831999e+03 1.775672e+03 0.000000e+00
# WH0W = 
#	 6.610430e+00 2.342853e+00 -1.764143e+01
#	 2.342853e+00 1.838452e-01 -1.215413e+01
#	 -1.764143e+01 -1.215413e+01 -6.794275e+00
#################################################
##            CALCULATION COMPLETED            ##
#################################################
# Psi[0]^2 = 0.056958 + I0.000000
# Psi[1]^2 = 0.069415 + I0.000000
# Psi[2]^2 = 0.873628 + I0.000000
# phi0 = -1.320652 
# phi1 = -0.661506 
# phi2 = -0.836775 
# Psi = 
#	-2.312303e-01+i(5.907837e-02)
#	-1.618491e-01+i(2.078930e-01)
#	-6.939876e-01+i(6.261061e-01)
#ProbSurv b 1-|Psi|^2 calls E tol dh dh(prev) dh(last)
0.0798147310791	1	-9.50351e-14	9001	29000	0.0001	0.0001	0.0001	5e-05
