# a = 0.100000
# b = 1.000000
# E = 9486.832981
# tol = 0.000100
# s12 = 0.554977
# s13 = 0.152971
# psi0 = 0.822075 + I0.000000	0.548446 + I0.000000	0.152971 + I0.000000
# dh = 0.000100
# out = data/E3.0e3.5_tol1e-4.log
# model = sun
# scan_steps = 100.000000
# H0 = 
#	 0.000000e+00 0.000000e+00 0.000000e+00
#	 0.000000e+00 1.401625e+01 0.000000e+00
#	 0.000000e+00 0.000000e+00 4.587369e+02
# W = 
#	 6.758072e-01 4.508635e-01 1.257533e-01
#	 4.508635e-01 3.007928e-01 8.389608e-02
#	 1.257533e-01 8.389608e-02 2.340000e-02
# H0W = 
#	 0.000000e+00 -6.319414e+00 -5.768767e+01
#	 6.319414e+00 0.000000e+00 -3.731031e+01
#	 5.768767e+01 3.731031e+01 0.000000e+00
# H0H0W = 
#	 0.000000e+00 8.857447e+01 2.646346e+04
#	 8.857447e+01 0.000000e+00 1.659267e+04
#	 2.646346e+04 1.659267e+04 0.000000e+00
# WH0W = 
#	 2.020721e+01 7.161792e+00 -5.392754e+01
#	 7.161792e+00 5.619907e-01 -3.715357e+01
#	 -5.392754e+01 -3.715357e+01 -2.076921e+01
#################################################
##            CALCULATION COMPLETED            ##
#################################################
# Psi[0]^2 = 0.000119 + I0.000000
# Psi[1]^2 = 0.001493 + I0.000000
# Psi[2]^2 = 0.998388 + I0.000000
# phi0 = 3.110676 
# phi1 = -0.806000 
# phi2 = -1.857330 
# Psi = 
#	3.374255e-04+i(-1.091046e-02)
#	-2.788143e-02+i(2.675565e-02)
#	-9.584558e-01+i(-2.824006e-01)
#ProbSurv b 1-|Psi|^2 calls E tol dh dh(prev) dh(last)
0.0238919493721	1	-7.12763e-14	9001	9486.83	0.0001	0.0001	0.0001	5e-05
