# a = 0.100000
# b = 1.000000
# E = 0.300000
# tol = 0.000100
# s12 = 0.554977
# s13 = 0.152971
# psi0 = 0.822075 + I0.000000	0.548446 + I0.000000	0.152971 + I0.000000
# dh = 0.000100
# out = data/E3.0e-1.0_tol1e-4.log
# model = sun
# scan_steps = 100.000000
# H0 = 
#	 0.000000e+00 0.000000e+00 0.000000e+00
#	 0.000000e+00 4.432326e+05 0.000000e+00
#	 0.000000e+00 0.000000e+00 1.450653e+07
# W = 
#	 6.758072e-01 4.508635e-01 1.257533e-01
#	 4.508635e-01 3.007928e-01 8.389608e-02
#	 1.257533e-01 8.389608e-02 2.340000e-02
# H0W = 
#	 0.000000e+00 -1.998374e+05 -1.824244e+06
#	 1.998374e+05 0.000000e+00 -1.179856e+06
#	 1.824244e+06 1.179856e+06 0.000000e+00
# H0H0W = 
#	 0.000000e+00 8.857447e+10 2.646346e+13
#	 8.857447e+10 0.000000e+00 1.659267e+13
#	 2.646346e+13 1.659267e+13 0.000000e+00
# WH0W = 
#	 6.390082e+05 2.264757e+05 -1.705338e+06
#	 2.264757e+05 1.777171e+04 -1.174899e+06
#	 -1.705338e+06 -1.174899e+06 -6.567799e+05
#################################################
##            CALCULATION COMPLETED            ##
#################################################
# Psi[0]^2 = 0.654068 + I0.000000
# Psi[1]^2 = 0.322459 + I0.000000
# Psi[2]^2 = 0.023473 + I0.000000
# phi0 = -0.220505 
# phi1 = -0.612020 
# phi2 = 1.363404 
# Psi = 
#	-1.768907e-01+i(7.891627e-01)
#	-3.262450e-01+i(4.647825e-01)
#	1.499269e-01+i(3.154733e-02)
#ProbSurv b 1-|Psi|^2 calls E tol dh dh(prev) dh(last)
0.539566422924	1	9.76644e-11	2377317	0.3	0.0001	0.0001	3.78578e-07	2.6086e-07
