# a = 0.100000
# b = 1.000000
# E = 3000000.000000
# tol = 0.000100
# s12 = 0.554977
# s13 = 0.152971
# psi0 = 0.822075 + I0.000000	0.548446 + I0.000000	0.152971 + I0.000000
# dh = 0.000100
# out = data/E3.0e6.0_tol1e-4.log
# model = sun
# scan_steps = 100.000000
# H0 = 
#	 0.000000e+00 0.000000e+00 0.000000e+00
#	 0.000000e+00 4.432326e-02 0.000000e+00
#	 0.000000e+00 0.000000e+00 1.450653e+00
# W = 
#	 6.758072e-01 4.508635e-01 1.257533e-01
#	 4.508635e-01 3.007928e-01 8.389608e-02
#	 1.257533e-01 8.389608e-02 2.340000e-02
# H0W = 
#	 0.000000e+00 -1.998374e-02 -1.824244e-01
#	 1.998374e-02 0.000000e+00 -1.179856e-01
#	 1.824244e-01 1.179856e-01 0.000000e+00
# H0H0W = 
#	 0.000000e+00 8.857447e-04 2.646346e-01
#	 8.857447e-04 0.000000e+00 1.659267e-01
#	 2.646346e-01 1.659267e-01 0.000000e+00
# WH0W = 
#	 6.390082e-02 2.264757e-02 -1.705338e-01
#	 2.264757e-02 1.777171e-03 -1.174899e-01
#	 -1.705338e-01 -1.174899e-01 -6.567799e-02
#################################################
##            CALCULATION COMPLETED            ##
#################################################
# Psi[0]^2 = 0.668020 + I0.000000
# Psi[1]^2 = 0.300306 + I0.000000
# Psi[2]^2 = 0.031674 + I0.000000
# phi0 = 2.234698 
# phi1 = 2.240762 
# phi2 = 2.438327 
# Psi = 
#	6.437201e-01+i(-5.036310e-01)
#	4.295473e-01+i(-3.402864e-01)
#	1.150974e-01+i(-1.357462e-01)
#ProbSurv b 1-|Psi|^2 calls E tol dh dh(prev) dh(last)
0.542523582007	1	-1.28342e-13	9001	3e+06	0.0001	0.0001	0.0001	5e-05
