# a = 0.100000
# b = 1.000000
# E = 300.000000
# tol = 0.000100
# s12 = 0.554977
# s13 = 0.152971
# psi0 = 0.822075 + I0.000000	0.548446 + I0.000000	0.152971 + I0.000000
# dh = 0.000100
# out = data/E3.0e2.0_tol1e-4.log
# model = sun
# scan_steps = 100.000000
# H0 = 
#	 0.000000e+00 0.000000e+00 0.000000e+00
#	 0.000000e+00 4.432326e+02 0.000000e+00
#	 0.000000e+00 0.000000e+00 1.450653e+04
# W = 
#	 6.758072e-01 4.508635e-01 1.257533e-01
#	 4.508635e-01 3.007928e-01 8.389608e-02
#	 1.257533e-01 8.389608e-02 2.340000e-02
# H0W = 
#	 0.000000e+00 -1.998374e+02 -1.824244e+03
#	 1.998374e+02 0.000000e+00 -1.179856e+03
#	 1.824244e+03 1.179856e+03 0.000000e+00
# H0H0W = 
#	 0.000000e+00 8.857447e+04 2.646346e+07
#	 8.857447e+04 0.000000e+00 1.659267e+07
#	 2.646346e+07 1.659267e+07 0.000000e+00
# WH0W = 
#	 6.390082e+02 2.264757e+02 -1.705338e+03
#	 2.264757e+02 1.777171e+01 -1.174899e+03
#	 -1.705338e+03 -1.174899e+03 -6.567799e+02
#################################################
##            CALCULATION COMPLETED            ##
#################################################
# Psi[0]^2 = 0.000081 + I0.000000
# Psi[1]^2 = 0.047033 + I0.000000
# Psi[2]^2 = 0.952886 + I0.000000
# phi0 = -2.327609 
# phi1 = 2.327747 
# phi2 = 1.505599 
# Psi = 
#	-6.562468e-03+i(-6.197616e-03)
#	1.576500e-01+i(-1.489263e-01)
#	9.740849e-01+i(6.359754e-02)
#ProbSurv b 1-|Psi|^2 calls E tol dh dh(prev) dh(last)
0.0364996496453	1	-4.55636e-13	9001	300	0.0001	0.0001	0.0001	5e-05
