# a = 0.100000
# b = 1.000000
# E = 300000.000000
# tol = 0.000100
# s12 = 0.554977
# s13 = 0.152971
# psi0 = 0.822075 + I0.000000	0.548446 + I0.000000	0.152971 + I0.000000
# dh = 0.000100
# out = data/E3.0e5.0_tol1e-4.log
# model = sun
# scan_steps = 100.000000
# H0 = 
#	 0.000000e+00 0.000000e+00 0.000000e+00
#	 0.000000e+00 4.432326e-01 0.000000e+00
#	 0.000000e+00 0.000000e+00 1.450653e+01
# W = 
#	 6.758072e-01 4.508635e-01 1.257533e-01
#	 4.508635e-01 3.007928e-01 8.389608e-02
#	 1.257533e-01 8.389608e-02 2.340000e-02
# H0W = 
#	 0.000000e+00 -1.998374e-01 -1.824244e+00
#	 1.998374e-01 0.000000e+00 -1.179856e+00
#	 1.824244e+00 1.179856e+00 0.000000e+00
# H0H0W = 
#	 0.000000e+00 8.857447e-02 2.646346e+01
#	 8.857447e-02 0.000000e+00 1.659267e+01
#	 2.646346e+01 1.659267e+01 0.000000e+00
# WH0W = 
#	 6.390082e-01 2.264757e-01 -1.705338e+00
#	 2.264757e-01 1.777171e-02 -1.174899e+00
#	 -1.705338e+00 -1.174899e+00 -6.567799e-01
#################################################
##            CALCULATION COMPLETED            ##
#################################################
# Psi[0]^2 = 0.546836 + I0.000000
# Psi[1]^2 = 0.269397 + I0.000000
# Psi[2]^2 = 0.183767 + I0.000000
# phi0 = 2.547956 
# phi1 = 2.609470 
# phi2 = -1.270439 
# Psi = 
#	4.136516e-01+i(-6.129667e-01)
#	2.633392e-01+i(-4.472687e-01)
#	-4.094893e-01+i(1.268301e-01)
#ProbSurv b 1-|Psi|^2 calls E tol dh dh(prev) dh(last)
0.454888360787	1	-9.08162e-14	9001	300000	0.0001	0.0001	0.0001	5e-05
