# a = 0.100000
# b = 1.000000
# E = 94868.329805
# tol = 0.000100
# s12 = 0.554977
# s13 = 0.152971
# psi0 = 0.822075 + I0.000000	0.548446 + I0.000000	0.152971 + I0.000000
# dh = 0.000100
# out = data/E3.0e4.5_tol1e-4.log
# model = sun
# scan_steps = 100.000000
# H0 = 
#	 0.000000e+00 0.000000e+00 0.000000e+00
#	 0.000000e+00 1.401625e+00 0.000000e+00
#	 0.000000e+00 0.000000e+00 4.587369e+01
# W = 
#	 6.758072e-01 4.508635e-01 1.257533e-01
#	 4.508635e-01 3.007928e-01 8.389608e-02
#	 1.257533e-01 8.389608e-02 2.340000e-02
# H0W = 
#	 0.000000e+00 -6.319414e-01 -5.768767e+00
#	 6.319414e-01 0.000000e+00 -3.731031e+00
#	 5.768767e+00 3.731031e+00 0.000000e+00
# H0H0W = 
#	 0.000000e+00 8.857447e-01 2.646346e+02
#	 8.857447e-01 0.000000e+00 1.659267e+02
#	 2.646346e+02 1.659267e+02 0.000000e+00
# WH0W = 
#	 2.020721e+00 7.161792e-01 -5.392754e+00
#	 7.161792e-01 5.619907e-02 -3.715357e+00
#	 -5.392754e+00 -3.715357e+00 -2.076921e+00
#################################################
##            CALCULATION COMPLETED            ##
#################################################
# Psi[0]^2 = 0.328483 + I0.000000
# Psi[1]^2 = 0.199684 + I0.000000
# Psi[2]^2 = 0.471833 + I0.000000
# phi0 = -3.126799 
# phi1 = -2.929134 
# phi2 = 1.518925 
# Psi = 
#	-8.478602e-03+i(-5.730716e-01)
#	-9.422682e-02+i(-4.368126e-01)
#	6.859772e-01+i(3.561428e-02)
#ProbSurv b 1-|Psi|^2 calls E tol dh dh(prev) dh(last)
0.293095506227	1	-1.05471e-13	9001	94868.3	0.0001	0.0001	0.0001	5e-05
