# a = 0.100000
# b = 1.000000
# E = 94.868330
# tol = 0.000100
# s12 = 0.554977
# s13 = 0.152971
# psi0 = 0.822075 + I0.000000	0.548446 + I0.000000	0.152971 + I0.000000
# dh = 0.000100
# out = data/E3.0e1.5_tol1e-4.log
# model = sun
# scan_steps = 100.000000
# H0 = 
#	 0.000000e+00 0.000000e+00 0.000000e+00
#	 0.000000e+00 1.401625e+03 0.000000e+00
#	 0.000000e+00 0.000000e+00 4.587369e+04
# W = 
#	 6.758072e-01 4.508635e-01 1.257533e-01
#	 4.508635e-01 3.007928e-01 8.389608e-02
#	 1.257533e-01 8.389608e-02 2.340000e-02
# H0W = 
#	 0.000000e+00 -6.319414e+02 -5.768767e+03
#	 6.319414e+02 0.000000e+00 -3.731031e+03
#	 5.768767e+03 3.731031e+03 0.000000e+00
# H0H0W = 
#	 0.000000e+00 8.857447e+05 2.646346e+08
#	 8.857447e+05 0.000000e+00 1.659267e+08
#	 2.646346e+08 1.659267e+08 0.000000e+00
# WH0W = 
#	 2.020721e+03 7.161792e+02 -5.392754e+03
#	 7.161792e+02 5.619907e+01 -3.715357e+03
#	 -5.392754e+03 -3.715357e+03 -2.076921e+03
#################################################
##            CALCULATION COMPLETED            ##
#################################################
# Psi[0]^2 = 0.000880 + I0.000000
# Psi[1]^2 = 0.913343 + I0.000000
# Psi[2]^2 = 0.085776 + I0.000000
# phi0 = 0.606457 
# phi1 = 0.872474 
# phi2 = 1.915616 
# Psi = 
#	1.691156e-02+i(2.438027e-02)
#	7.319838e-01+i(6.144452e-01)
#	2.756364e-01+i(-9.900017e-02)
#ProbSurv b 1-|Psi|^2 calls E tol dh dh(prev) dh(last)
0.277329194154	1	1.24412e-12	9001	94.8683	0.0001	0.0001	0.0001	5e-05
