# a = 0.100000
# b = 1.000000
# E = 0.948683
# tol = 0.000100
# s12 = 0.554977
# s13 = 0.152971
# psi0 = 0.822075 + I0.000000	0.548446 + I0.000000	0.152971 + I0.000000
# dh = 0.000100
# out = data/E3.0e-0.5_tol1e-4.log
# model = sun
# scan_steps = 100.000000
# H0 = 
#	 0.000000e+00 0.000000e+00 0.000000e+00
#	 0.000000e+00 1.401625e+05 0.000000e+00
#	 0.000000e+00 0.000000e+00 4.587369e+06
# W = 
#	 6.758072e-01 4.508635e-01 1.257533e-01
#	 4.508635e-01 3.007928e-01 8.389608e-02
#	 1.257533e-01 8.389608e-02 2.340000e-02
# H0W = 
#	 0.000000e+00 -6.319414e+04 -5.768767e+05
#	 6.319414e+04 0.000000e+00 -3.731031e+05
#	 5.768767e+05 3.731031e+05 0.000000e+00
# H0H0W = 
#	 0.000000e+00 8.857447e+09 2.646346e+12
#	 8.857447e+09 0.000000e+00 1.659267e+12
#	 2.646346e+12 1.659267e+12 0.000000e+00
# WH0W = 
#	 2.020721e+05 7.161792e+04 -5.392754e+05
#	 7.161792e+04 5.619907e+03 -3.715357e+05
#	 -5.392754e+05 -3.715357e+05 -2.076921e+05
#################################################
##            CALCULATION COMPLETED            ##
#################################################
# Psi[0]^2 = 0.603202 + I0.000000
# Psi[1]^2 = 0.373165 + I0.000000
# Psi[2]^2 = 0.023633 + I0.000000
# phi0 = -1.302741 
# phi1 = 2.881620 
# phi2 = -2.852571 
# Psi = 
#	-7.489243e-01+i(2.057037e-01)
#	1.570273e-01+i(-5.903455e-01)
#	-4.381531e-02+i(-1.473539e-01)
#ProbSurv b 1-|Psi|^2 calls E tol dh dh(prev) dh(last)
0.520446502712	1	3.17588e-11	497159	0.948683	0.0001	0.0001	1.81029e-06	1.24749e-06
