# a = 0.100000
# b = 1.000000
# E = 9.486833
# tol = 0.000100
# s12 = 0.554977
# s13 = 0.152971
# psi0 = 0.822075 + I0.000000	0.548446 + I0.000000	0.152971 + I0.000000
# dh = 0.000100
# out = data/E3.0e0.5_tol1e-4.log
# model = sun
# scan_steps = 100.000000
# H0 = 
#	 0.000000e+00 0.000000e+00 0.000000e+00
#	 0.000000e+00 1.401625e+04 0.000000e+00
#	 0.000000e+00 0.000000e+00 4.587369e+05
# W = 
#	 6.758072e-01 4.508635e-01 1.257533e-01
#	 4.508635e-01 3.007928e-01 8.389608e-02
#	 1.257533e-01 8.389608e-02 2.340000e-02
# H0W = 
#	 0.000000e+00 -6.319414e+03 -5.768767e+04
#	 6.319414e+03 0.000000e+00 -3.731031e+04
#	 5.768767e+04 3.731031e+04 0.000000e+00
# H0H0W = 
#	 0.000000e+00 8.857447e+07 2.646346e+10
#	 8.857447e+07 0.000000e+00 1.659267e+10
#	 2.646346e+10 1.659267e+10 0.000000e+00
# WH0W = 
#	 2.020721e+04 7.161792e+03 -5.392754e+04
#	 7.161792e+03 5.619907e+02 -3.715357e+04
#	 -5.392754e+04 -3.715357e+04 -2.076921e+04
#################################################
##            CALCULATION COMPLETED            ##
#################################################
# Psi[0]^2 = 0.099180 + I0.000000
# Psi[1]^2 = 0.874933 + I0.000000
# Psi[2]^2 = 0.025888 + I0.000000
# phi0 = -1.081299 
# phi1 = 0.766136 
# phi2 = -1.290968 
# Psi = 
#	-2.779457e-01+i(1.480735e-01)
#	6.485503e-01+i(6.740290e-01)
#	-1.546386e-01+i(4.443823e-02)
#ProbSurv b 1-|Psi|^2 calls E tol dh dh(prev) dh(last)
0.330805460685	1	-9.1307e-12	20831	9.48683	0.0001	0.0001	4.32084e-05	2.81765e-05
