# a = 0.100000
# b = 1.000000
# E = 30000.000000
# tol = 0.000100
# s12 = 0.554977
# s13 = 0.152971
# psi0 = 0.822075 + I0.000000	0.548446 + I0.000000	0.152971 + I0.000000
# dh = 0.000100
# out = data/E3.0e4.0_tol1e-4.log
# model = sun
# scan_steps = 100.000000
# H0 = 
#	 0.000000e+00 0.000000e+00 0.000000e+00
#	 0.000000e+00 4.432326e+00 0.000000e+00
#	 0.000000e+00 0.000000e+00 1.450653e+02
# W = 
#	 6.758072e-01 4.508635e-01 1.257533e-01
#	 4.508635e-01 3.007928e-01 8.389608e-02
#	 1.257533e-01 8.389608e-02 2.340000e-02
# H0W = 
#	 0.000000e+00 -1.998374e+00 -1.824244e+01
#	 1.998374e+00 0.000000e+00 -1.179856e+01
#	 1.824244e+01 1.179856e+01 0.000000e+00
# H0H0W = 
#	 0.000000e+00 8.857447e+00 2.646346e+03
#	 8.857447e+00 0.000000e+00 1.659267e+03
#	 2.646346e+03 1.659267e+03 0.000000e+00
# WH0W = 
#	 6.390082e+00 2.264757e+00 -1.705338e+01
#	 2.264757e+00 1.777171e-01 -1.174899e+01
#	 -1.705338e+01 -1.174899e+01 -6.567799e+00
#################################################
##            CALCULATION COMPLETED            ##
#################################################
# Psi[0]^2 = 0.061632 + I0.000000
# Psi[1]^2 = 0.072641 + I0.000000
# Psi[2]^2 = 0.865727 + I0.000000
# phi0 = -1.406068 
# phi1 = -0.763700 
# phi2 = -3.052007 
# Psi = 
#	-2.448964e-01+i(4.071017e-02)
#	-1.864000e-01+i(1.946697e-01)
#	-8.324287e-02+i(-9.267135e-01)
#ProbSurv b 1-|Psi|^2 calls E tol dh dh(prev) dh(last)
0.0837590258888	1	-8.34888e-14	9001	30000	0.0001	0.0001	0.0001	5e-05
