# a = 0.100000
# b = 1.000000
# E = 9803.060747
# tol = 0.000100
# s12 = 0.554977
# s13 = 0.152971
# psi0 = 0.822075 + I0.000000	0.548446 + I0.000000	0.152971 + I0.000000
# dh = 0.000100
# out = data/E3.1e3.5_tol1e-4.log
# model = sun
# scan_steps = 100.000000
# H0 = 
#	 0.000000e+00 0.000000e+00 0.000000e+00
#	 0.000000e+00 1.356411e+01 0.000000e+00
#	 0.000000e+00 0.000000e+00 4.439389e+02
# W = 
#	 6.758072e-01 4.508635e-01 1.257533e-01
#	 4.508635e-01 3.007928e-01 8.389608e-02
#	 1.257533e-01 8.389608e-02 2.340000e-02
# H0W = 
#	 0.000000e+00 -6.115562e+00 -5.582677e+01
#	 6.115562e+00 0.000000e+00 -3.610676e+01
#	 5.582677e+01 3.610676e+01 0.000000e+00
# H0H0W = 
#	 0.000000e+00 8.295216e+01 2.478368e+04
#	 8.295216e+01 0.000000e+00 1.553944e+04
#	 2.478368e+04 1.553944e+04 0.000000e+00
# WH0W = 
#	 1.955537e+01 6.930766e+00 -5.218794e+01
#	 6.930766e+00 5.438619e-01 -3.595506e+01
#	 -5.218794e+01 -3.595506e+01 -2.009923e+01
#################################################
##            CALCULATION COMPLETED            ##
#################################################
# Psi[0]^2 = 0.000199 + I0.000000
# Psi[1]^2 = 0.002063 + I0.000000
# Psi[2]^2 = 0.997737 + I0.000000
# phi0 = 2.873848 
# phi1 = -1.098334 
# phi2 = 2.624221 
# Psi = 
#	3.735572e-03+i(-1.361702e-02)
#	-4.044749e-02+i(2.067138e-02)
#	4.940376e-01+i(-8.681383e-01)
#ProbSurv b 1-|Psi|^2 calls E tol dh dh(prev) dh(last)
0.0241024213111	1	-1.17906e-13	9001	9803.06	0.0001	0.0001	0.0001	5e-05
