# a = 0.100000
# b = 1.000000
# E = 9.803061
# tol = 0.000100
# s12 = 0.554977
# s13 = 0.152971
# psi0 = 0.822075 + I0.000000	0.548446 + I0.000000	0.152971 + I0.000000
# dh = 0.000100
# out = data/E3.1e0.5_tol1e-4.log
# model = sun
# scan_steps = 100.000000
# H0 = 
#	 0.000000e+00 0.000000e+00 0.000000e+00
#	 0.000000e+00 1.356411e+04 0.000000e+00
#	 0.000000e+00 0.000000e+00 4.439389e+05
# W = 
#	 6.758072e-01 4.508635e-01 1.257533e-01
#	 4.508635e-01 3.007928e-01 8.389608e-02
#	 1.257533e-01 8.389608e-02 2.340000e-02
# H0W = 
#	 0.000000e+00 -6.115562e+03 -5.582677e+04
#	 6.115562e+03 0.000000e+00 -3.610676e+04
#	 5.582677e+04 3.610676e+04 0.000000e+00
# H0H0W = 
#	 0.000000e+00 8.295216e+07 2.478368e+10
#	 8.295216e+07 0.000000e+00 1.553944e+10
#	 2.478368e+10 1.553944e+10 0.000000e+00
# WH0W = 
#	 1.955537e+04 6.930766e+03 -5.218794e+04
#	 6.930766e+03 5.438619e+02 -3.595506e+04
#	 -5.218794e+04 -3.595506e+04 -2.009923e+04
#################################################
##            CALCULATION COMPLETED            ##
#################################################
# Psi[0]^2 = 0.093222 + I0.000000
# Psi[1]^2 = 0.880824 + I0.000000
# Psi[2]^2 = 0.025954 + I0.000000
# phi0 = -0.135600 
# phi1 = 1.259426 
# phi2 = 0.944354 
# Psi = 
#	-4.127510e-02+i(3.025197e-01)
#	8.933932e-01+i(2.875284e-01)
#	1.305125e-01+i(9.444932e-02)
#ProbSurv b 1-|Psi|^2 calls E tol dh dh(prev) dh(last)
0.328552802685	1	-9.16489e-12	20076	9.80306	0.0001	0.0001	4.48333e-05	3.10649e-05
