# a = 0.100000
# b = 1.000000
# E = 98.030607
# tol = 0.000100
# s12 = 0.554977
# s13 = 0.152971
# psi0 = 0.822075 + I0.000000	0.548446 + I0.000000	0.152971 + I0.000000
# dh = 0.000100
# out = data/E3.1e1.5_tol1e-4.log
# model = sun
# scan_steps = 100.000000
# H0 = 
#	 0.000000e+00 0.000000e+00 0.000000e+00
#	 0.000000e+00 1.356411e+03 0.000000e+00
#	 0.000000e+00 0.000000e+00 4.439389e+04
# W = 
#	 6.758072e-01 4.508635e-01 1.257533e-01
#	 4.508635e-01 3.007928e-01 8.389608e-02
#	 1.257533e-01 8.389608e-02 2.340000e-02
# H0W = 
#	 0.000000e+00 -6.115562e+02 -5.582677e+03
#	 6.115562e+02 0.000000e+00 -3.610676e+03
#	 5.582677e+03 3.610676e+03 0.000000e+00
# H0H0W = 
#	 0.000000e+00 8.295216e+05 2.478368e+08
#	 8.295216e+05 0.000000e+00 1.553944e+08
#	 2.478368e+08 1.553944e+08 0.000000e+00
# WH0W = 
#	 1.955537e+03 6.930766e+02 -5.218794e+03
#	 6.930766e+02 5.438619e+01 -3.595506e+03
#	 -5.218794e+03 -3.595506e+03 -2.009923e+03
#################################################
##            CALCULATION COMPLETED            ##
#################################################
# Psi[0]^2 = 0.000768 + I0.000000
# Psi[1]^2 = 0.908359 + I0.000000
# Psi[2]^2 = 0.090872 + I0.000000
# phi0 = 0.036179 
# phi1 = -2.542204 
# phi2 = 3.110873 
# Psi = 
#	1.002638e-03+i(2.770125e-02)
#	-5.376676e-01+i(-7.869390e-01)
#	9.258959e-03+i(-3.013080e-01)
#ProbSurv b 1-|Psi|^2 calls E tol dh dh(prev) dh(last)
0.275873641191	1	1.32683e-12	9001	98.0306	0.0001	0.0001	0.0001	5e-05
