# a = 0.100000
# b = 1.000000
# E = 310000.000000
# tol = 0.000100
# s12 = 0.554977
# s13 = 0.152971
# psi0 = 0.822075 + I0.000000	0.548446 + I0.000000	0.152971 + I0.000000
# dh = 0.000100
# out = data/E3.1e5.0_tol1e-4.log
# model = sun
# scan_steps = 100.000000
# H0 = 
#	 0.000000e+00 0.000000e+00 0.000000e+00
#	 0.000000e+00 4.289348e-01 0.000000e+00
#	 0.000000e+00 0.000000e+00 1.403858e+01
# W = 
#	 6.758072e-01 4.508635e-01 1.257533e-01
#	 4.508635e-01 3.007928e-01 8.389608e-02
#	 1.257533e-01 8.389608e-02 2.340000e-02
# H0W = 
#	 0.000000e+00 -1.933911e-01 -1.765398e+00
#	 1.933911e-01 0.000000e+00 -1.141796e+00
#	 1.765398e+00 1.141796e+00 0.000000e+00
# H0H0W = 
#	 0.000000e+00 8.295216e-02 2.478368e+01
#	 8.295216e-02 0.000000e+00 1.553944e+01
#	 2.478368e+01 1.553944e+01 0.000000e+00
# WH0W = 
#	 6.183951e-01 2.191701e-01 -1.650328e+00
#	 2.191701e-01 1.719842e-02 -1.136999e+00
#	 -1.650328e+00 -1.136999e+00 -6.355935e-01
#################################################
##            CALCULATION COMPLETED            ##
#################################################
# Psi[0]^2 = 0.551863 + I0.000000
# Psi[1]^2 = 0.270987 + I0.000000
# Psi[2]^2 = 0.177150 + I0.000000
# phi0 = 2.538069 
# phi1 = 2.597526 
# phi2 = -1.375404 
# Psi = 
#	4.216162e-01+i(-6.116391e-01)
#	2.694542e-01+i(-4.454003e-01)
#	-4.128834e-01+i(8.171681e-02)
#ProbSurv b 1-|Psi|^2 calls E tol dh dh(prev) dh(last)
0.458609011912	1	-1.43885e-13	9001	310000	0.0001	0.0001	0.0001	5e-05
