# a = 0.100000
# b = 1.000000
# E = 310.000000
# tol = 0.000100
# s12 = 0.554977
# s13 = 0.152971
# psi0 = 0.822075 + I0.000000	0.548446 + I0.000000	0.152971 + I0.000000
# dh = 0.000100
# out = data/E3.1e2.0_tol1e-4.log
# model = sun
# scan_steps = 100.000000
# H0 = 
#	 0.000000e+00 0.000000e+00 0.000000e+00
#	 0.000000e+00 4.289348e+02 0.000000e+00
#	 0.000000e+00 0.000000e+00 1.403858e+04
# W = 
#	 6.758072e-01 4.508635e-01 1.257533e-01
#	 4.508635e-01 3.007928e-01 8.389608e-02
#	 1.257533e-01 8.389608e-02 2.340000e-02
# H0W = 
#	 0.000000e+00 -1.933911e+02 -1.765398e+03
#	 1.933911e+02 0.000000e+00 -1.141796e+03
#	 1.765398e+03 1.141796e+03 0.000000e+00
# H0H0W = 
#	 0.000000e+00 8.295216e+04 2.478368e+07
#	 8.295216e+04 0.000000e+00 1.553944e+07
#	 2.478368e+07 1.553944e+07 0.000000e+00
# WH0W = 
#	 6.183951e+02 2.191701e+02 -1.650328e+03
#	 2.191701e+02 1.719842e+01 -1.136999e+03
#	 -1.650328e+03 -1.136999e+03 -6.355935e+02
#################################################
##            CALCULATION COMPLETED            ##
#################################################
# Psi[0]^2 = 0.000073 + I0.000000
# Psi[1]^2 = 0.040960 + I0.000000
# Psi[2]^2 = 0.958967 + I0.000000
# phi0 = 0.751465 
# phi1 = -1.551530 
# phi2 = 1.834153 
# Psi = 
#	5.824054e-03+i(6.233358e-03)
#	-2.023481e-01+i(3.898926e-03)
#	9.455051e-01+i(-2.549260e-01)
#ProbSurv b 1-|Psi|^2 calls E tol dh dh(prev) dh(last)
0.034809475731	1	-4.39648e-13	9001	310	0.0001	0.0001	0.0001	5e-05
