# a = 0.100000
# b = 1.000000
# E = 98030.607465
# tol = 0.000100
# s12 = 0.554977
# s13 = 0.152971
# psi0 = 0.822075 + I0.000000	0.548446 + I0.000000	0.152971 + I0.000000
# dh = 0.000100
# out = data/E3.1e4.5_tol1e-4.log
# model = sun
# scan_steps = 100.000000
# H0 = 
#	 0.000000e+00 0.000000e+00 0.000000e+00
#	 0.000000e+00 1.356411e+00 0.000000e+00
#	 0.000000e+00 0.000000e+00 4.439389e+01
# W = 
#	 6.758072e-01 4.508635e-01 1.257533e-01
#	 4.508635e-01 3.007928e-01 8.389608e-02
#	 1.257533e-01 8.389608e-02 2.340000e-02
# H0W = 
#	 0.000000e+00 -6.115562e-01 -5.582677e+00
#	 6.115562e-01 0.000000e+00 -3.610676e+00
#	 5.582677e+00 3.610676e+00 0.000000e+00
# H0H0W = 
#	 0.000000e+00 8.295216e-01 2.478368e+02
#	 8.295216e-01 0.000000e+00 1.553944e+02
#	 2.478368e+02 1.553944e+02 0.000000e+00
# WH0W = 
#	 1.955537e+00 6.930766e-01 -5.218794e+00
#	 6.930766e-01 5.438619e-02 -3.595506e+00
#	 -5.218794e+00 -3.595506e+00 -2.009923e+00
#################################################
##            CALCULATION COMPLETED            ##
#################################################
# Psi[0]^2 = 0.335045 + I0.000000
# Psi[1]^2 = 0.201877 + I0.000000
# Psi[2]^2 = 0.463078 + I0.000000
# phi0 = 3.130079 
# phi1 = -2.961659 
# phi2 = 1.029000 
# Psi = 
#	6.664334e-03+i(-5.787923e-01)
#	-8.040969e-02+i(-4.420531e-01)
#	5.830400e-01+i(3.509169e-01)
#ProbSurv b 1-|Psi|^2 calls E tol dh dh(prev) dh(last)
0.297984893371	1	-1.0969e-13	9001	98030.6	0.0001	0.0001	0.0001	5e-05
