# a = 0.100000
# b = 1.000000
# E = 0.310000
# tol = 0.000100
# s12 = 0.554977
# s13 = 0.152971
# psi0 = 0.822075 + I0.000000	0.548446 + I0.000000	0.152971 + I0.000000
# dh = 0.000100
# out = data/E3.1e-1.0_tol1e-4.log
# model = sun
# scan_steps = 100.000000
# H0 = 
#	 0.000000e+00 0.000000e+00 0.000000e+00
#	 0.000000e+00 4.289348e+05 0.000000e+00
#	 0.000000e+00 0.000000e+00 1.403858e+07
# W = 
#	 6.758072e-01 4.508635e-01 1.257533e-01
#	 4.508635e-01 3.007928e-01 8.389608e-02
#	 1.257533e-01 8.389608e-02 2.340000e-02
# H0W = 
#	 0.000000e+00 -1.933911e+05 -1.765398e+06
#	 1.933911e+05 0.000000e+00 -1.141796e+06
#	 1.765398e+06 1.141796e+06 0.000000e+00
# H0H0W = 
#	 0.000000e+00 8.295216e+10 2.478368e+13
#	 8.295216e+10 0.000000e+00 1.553944e+13
#	 2.478368e+13 1.553944e+13 0.000000e+00
# WH0W = 
#	 6.183951e+05 2.191701e+05 -1.650328e+06
#	 2.191701e+05 1.719842e+04 -1.136999e+06
#	 -1.650328e+06 -1.136999e+06 -6.355935e+05
#################################################
##            CALCULATION COMPLETED            ##
#################################################
# Psi[0]^2 = 0.653323 + I0.000000
# Psi[1]^2 = 0.323201 + I0.000000
# Psi[2]^2 = 0.023476 + I0.000000
# phi0 = -0.614615 
# phi1 = -0.299545 
# phi2 = -0.427435 
# Psi = 
#	-4.660923e-01+i(6.603643e-01)
#	-1.677584e-01+i(5.431928e-01)
#	-6.351471e-02+i(1.394332e-01)
#ProbSurv b 1-|Psi|^2 calls E tol dh dh(prev) dh(last)
0.539286339672	1	-4.83369e-12	1758127	0.31	0.0001	0.0001	5.11909e-07	2.79852e-07
