# a = 0.100000
# b = 1.000000
# E = 31.000000
# tol = 0.000100
# s12 = 0.554977
# s13 = 0.152971
# psi0 = 0.822075 + I0.000000	0.548446 + I0.000000	0.152971 + I0.000000
# dh = 0.000100
# out = data/E3.1e1.0_tol1e-4.log
# model = sun
# scan_steps = 100.000000
# H0 = 
#	 0.000000e+00 0.000000e+00 0.000000e+00
#	 0.000000e+00 4.289348e+03 0.000000e+00
#	 0.000000e+00 0.000000e+00 1.403858e+05
# W = 
#	 6.758072e-01 4.508635e-01 1.257533e-01
#	 4.508635e-01 3.007928e-01 8.389608e-02
#	 1.257533e-01 8.389608e-02 2.340000e-02
# H0W = 
#	 0.000000e+00 -1.933911e+03 -1.765398e+04
#	 1.933911e+03 0.000000e+00 -1.141796e+04
#	 1.765398e+04 1.141796e+04 0.000000e+00
# H0H0W = 
#	 0.000000e+00 8.295216e+06 2.478368e+09
#	 8.295216e+06 0.000000e+00 1.553944e+09
#	 2.478368e+09 1.553944e+09 0.000000e+00
# WH0W = 
#	 6.183951e+03 2.191701e+03 -1.650328e+04
#	 2.191701e+03 1.719842e+02 -1.136999e+04
#	 -1.650328e+04 -1.136999e+04 -6.355935e+03
#################################################
##            CALCULATION COMPLETED            ##
#################################################
# Psi[0]^2 = 0.008618 + I0.000000
# Psi[1]^2 = 0.958382 + I0.000000
# Psi[2]^2 = 0.033000 + I0.000000
# phi0 = 2.815649 
# phi1 = -1.883884 
# phi2 = -0.676007 
# Psi = 
#	2.972609e-02+i(-8.794730e-02)
#	-9.313791e-01+i(-3.015205e-01)
#	-1.136609e-01+i(1.417079e-01)
#ProbSurv b 1-|Psi|^2 calls E tol dh dh(prev) dh(last)
0.294870873336	1	-3.93729e-12	9001	31	0.0001	0.0001	0.0001	5e-05
