# a = 0.100000
# b = 1.000000
# E = 0.980306
# tol = 0.000100
# s12 = 0.554977
# s13 = 0.152971
# psi0 = 0.822075 + I0.000000	0.548446 + I0.000000	0.152971 + I0.000000
# dh = 0.000100
# out = data/E3.1e-0.5_tol1e-4.log
# model = sun
# scan_steps = 100.000000
# H0 = 
#	 0.000000e+00 0.000000e+00 0.000000e+00
#	 0.000000e+00 1.356411e+05 0.000000e+00
#	 0.000000e+00 0.000000e+00 4.439389e+06
# W = 
#	 6.758072e-01 4.508635e-01 1.257533e-01
#	 4.508635e-01 3.007928e-01 8.389608e-02
#	 1.257533e-01 8.389608e-02 2.340000e-02
# H0W = 
#	 0.000000e+00 -6.115562e+04 -5.582677e+05
#	 6.115562e+04 0.000000e+00 -3.610676e+05
#	 5.582677e+05 3.610676e+05 0.000000e+00
# H0H0W = 
#	 0.000000e+00 8.295216e+09 2.478368e+12
#	 8.295216e+09 0.000000e+00 1.553944e+12
#	 2.478368e+12 1.553944e+12 0.000000e+00
# WH0W = 
#	 1.955537e+05 6.930766e+04 -5.218794e+05
#	 6.930766e+04 5.438619e+03 -3.595506e+05
#	 -5.218794e+05 -3.595506e+05 -2.009923e+05
#################################################
##            CALCULATION COMPLETED            ##
#################################################
# Psi[0]^2 = 0.600599 + I0.000000
# Psi[1]^2 = 0.375760 + I0.000000
# Psi[2]^2 = 0.023641 + I0.000000
# phi0 = -2.613356 
# phi1 = 0.176171 
# phi2 = 0.160733 
# Psi = 
#	-3.906002e-01+i(-6.693506e-01)
#	1.074338e-01+i(6.035051e-01)
#	2.460735e-02+i(1.517737e-01)
#ProbSurv b 1-|Psi|^2 calls E tol dh dh(prev) dh(last)
0.519468209598	1	2.33196e-11	493363	0.980306	0.0001	0.0001	1.82422e-06	1.39278e-06
