# a = 0.100000
# b = 1.000000
# E = 31000.000000
# tol = 0.000100
# s12 = 0.554977
# s13 = 0.152971
# psi0 = 0.822075 + I0.000000	0.548446 + I0.000000	0.152971 + I0.000000
# dh = 0.000100
# out = data/E3.1e4.0_tol1e-4.log
# model = sun
# scan_steps = 100.000000
# H0 = 
#	 0.000000e+00 0.000000e+00 0.000000e+00
#	 0.000000e+00 4.289348e+00 0.000000e+00
#	 0.000000e+00 0.000000e+00 1.403858e+02
# W = 
#	 6.758072e-01 4.508635e-01 1.257533e-01
#	 4.508635e-01 3.007928e-01 8.389608e-02
#	 1.257533e-01 8.389608e-02 2.340000e-02
# H0W = 
#	 0.000000e+00 -1.933911e+00 -1.765398e+01
#	 1.933911e+00 0.000000e+00 -1.141796e+01
#	 1.765398e+01 1.141796e+01 0.000000e+00
# H0H0W = 
#	 0.000000e+00 8.295216e+00 2.478368e+03
#	 8.295216e+00 0.000000e+00 1.553944e+03
#	 2.478368e+03 1.553944e+03 0.000000e+00
# WH0W = 
#	 6.183951e+00 2.191701e+00 -1.650328e+01
#	 2.191701e+00 1.719842e-01 -1.136999e+01
#	 -1.650328e+01 -1.136999e+01 -6.355935e+00
#################################################
##            CALCULATION COMPLETED            ##
#################################################
# Psi[0]^2 = 0.066621 + I0.000000
# Psi[1]^2 = 0.076878 + I0.000000
# Psi[2]^2 = 0.856501 + I0.000000
# phi0 = -1.477508 
# phi1 = -0.859460 
# phi2 = 1.176382 
# Psi = 
#	-2.569884e-01+i(2.404374e-02)
#	-2.100277e-01+i(1.810136e-01)
#	8.544175e-01+i(3.556291e-01)
#ProbSurv b 1-|Psi|^2 calls E tol dh dh(prev) dh(last)
0.0881893806253	1	-1.12355e-13	9001	31000	0.0001	0.0001	0.0001	5e-05
