# a = 0.100000
# b = 1.000000
# E = 3.100000
# tol = 0.000100
# s12 = 0.554977
# s13 = 0.152971
# psi0 = 0.822075 + I0.000000	0.548446 + I0.000000	0.152971 + I0.000000
# dh = 0.000100
# out = data/E3.1e0.0_tol1e-4.log
# model = sun
# scan_steps = 100.000000
# H0 = 
#	 0.000000e+00 0.000000e+00 0.000000e+00
#	 0.000000e+00 4.289348e+04 0.000000e+00
#	 0.000000e+00 0.000000e+00 1.403858e+06
# W = 
#	 6.758072e-01 4.508635e-01 1.257533e-01
#	 4.508635e-01 3.007928e-01 8.389608e-02
#	 1.257533e-01 8.389608e-02 2.340000e-02
# H0W = 
#	 0.000000e+00 -1.933911e+04 -1.765398e+05
#	 1.933911e+04 0.000000e+00 -1.141796e+05
#	 1.765398e+05 1.141796e+05 0.000000e+00
# H0H0W = 
#	 0.000000e+00 8.295216e+08 2.478368e+11
#	 8.295216e+08 0.000000e+00 1.553944e+11
#	 2.478368e+11 1.553944e+11 0.000000e+00
# WH0W = 
#	 6.183951e+04 2.191701e+04 -1.650328e+05
#	 2.191701e+04 1.719842e+03 -1.136999e+05
#	 -1.650328e+05 -1.136999e+05 -6.355935e+04
#################################################
##            CALCULATION COMPLETED            ##
#################################################
# Psi[0]^2 = 0.415204 + I0.000000
# Psi[1]^2 = 0.560622 + I0.000000
# Psi[2]^2 = 0.024174 + I0.000000
# phi0 = -1.655754 
# phi1 = -1.801052 
# phi2 = 1.845660 
# Psi = 
#	-6.420392e-01+i(-5.467761e-02)
#	-7.289861e-01+i(-1.708837e-01)
#	1.496435e-01+i(-4.219960e-02)
#ProbSurv b 1-|Psi|^2 calls E tol dh dh(prev) dh(last)
0.449794595343	1	-1.39506e-11	62795	3.1	0.0001	0.0001	1.43327e-05	1.00051e-05
