# a = 0.100000
# b = 1.000000
# E = 3100.000000
# tol = 0.000100
# s12 = 0.554977
# s13 = 0.152971
# psi0 = 0.822075 + I0.000000	0.548446 + I0.000000	0.152971 + I0.000000
# dh = 0.000100
# out = data/E3.1e3.0_tol1e-4.log
# model = sun
# scan_steps = 100.000000
# H0 = 
#	 0.000000e+00 0.000000e+00 0.000000e+00
#	 0.000000e+00 4.289348e+01 0.000000e+00
#	 0.000000e+00 0.000000e+00 1.403858e+03
# W = 
#	 6.758072e-01 4.508635e-01 1.257533e-01
#	 4.508635e-01 3.007928e-01 8.389608e-02
#	 1.257533e-01 8.389608e-02 2.340000e-02
# H0W = 
#	 0.000000e+00 -1.933911e+01 -1.765398e+02
#	 1.933911e+01 0.000000e+00 -1.141796e+02
#	 1.765398e+02 1.141796e+02 0.000000e+00
# H0H0W = 
#	 0.000000e+00 8.295216e+02 2.478368e+05
#	 8.295216e+02 0.000000e+00 1.553944e+05
#	 2.478368e+05 1.553944e+05 0.000000e+00
# WH0W = 
#	 6.183951e+01 2.191701e+01 -1.650328e+02
#	 2.191701e+01 1.719842e+00 -1.136999e+02
#	 -1.650328e+02 -1.136999e+02 -6.355935e+01
#################################################
##            CALCULATION COMPLETED            ##
#################################################
# Psi[0]^2 = 0.000001 + I0.000000
# Psi[1]^2 = 0.000093 + I0.000000
# Psi[2]^2 = 0.999906 + I0.000000
# phi0 = 1.766787 
# phi1 = -2.593464 
# phi2 = 1.576849 
# Psi = 
#	7.879268e-04+i(-1.564341e-04)
#	-5.031075e-03+i(-8.240460e-03)
#	9.999348e-01+i(-6.052037e-03)
#ProbSurv b 1-|Psi|^2 calls E tol dh dh(prev) dh(last)
0.023426278697	1	-3.9968e-14	9001	3100	0.0001	0.0001	0.0001	5e-05
