# a = 0.100000
# b = 1.000000
# E = 1011.928851
# tol = 0.000100
# s12 = 0.554977
# s13 = 0.152971
# psi0 = 0.822075 + I0.000000	0.548446 + I0.000000	0.152971 + I0.000000
# dh = 0.000100
# out = data/E3.2e2.5_tol1e-4.log
# model = sun
# scan_steps = 100.000000
# H0 = 
#	 0.000000e+00 0.000000e+00 0.000000e+00
#	 0.000000e+00 1.314023e+02 0.000000e+00
#	 0.000000e+00 0.000000e+00 4.300658e+03
# W = 
#	 6.758072e-01 4.508635e-01 1.257533e-01
#	 4.508635e-01 3.007928e-01 8.389608e-02
#	 1.257533e-01 8.389608e-02 2.340000e-02
# H0W = 
#	 0.000000e+00 -5.924451e+01 -5.408219e+02
#	 5.924451e+01 0.000000e+00 -3.497842e+02
#	 5.408219e+02 3.497842e+02 0.000000e+00
# H0H0W = 
#	 0.000000e+00 7.784865e+03 2.325890e+06
#	 7.784865e+03 0.000000e+00 1.458340e+06
#	 2.325890e+06 1.458340e+06 0.000000e+00
# WH0W = 
#	 1.894426e+02 6.714180e+01 -5.055707e+02
#	 6.714180e+01 5.268663e+00 -3.483147e+02
#	 -5.055707e+02 -3.483147e+02 -1.947113e+02
#################################################
##            CALCULATION COMPLETED            ##
#################################################
# Psi[0]^2 = 0.000007 + I0.000000
# Psi[1]^2 = 0.001152 + I0.000000
# Psi[2]^2 = 0.998841 + I0.000000
# phi0 = -0.426167 
# phi1 = -1.790782 
# phi2 = 0.243276 
# Psi = 
#	-1.131514e-03+i(2.492373e-03)
#	-3.312227e-02+i(-7.406271e-03)
#	2.407442e-01+i(9.699911e-01)
#ProbSurv b 1-|Psi|^2 calls E tol dh dh(prev) dh(last)
0.0237244272781	1	-1.00808e-13	9001	1011.93	0.0001	0.0001	0.0001	5e-05
