# a = 0.100000
# b = 1.000000
# E = 101.192885
# tol = 0.000100
# s12 = 0.554977
# s13 = 0.152971
# psi0 = 0.822075 + I0.000000	0.548446 + I0.000000	0.152971 + I0.000000
# dh = 0.000100
# out = data/E3.2e1.5_tol1e-4.log
# model = sun
# scan_steps = 100.000000
# H0 = 
#	 0.000000e+00 0.000000e+00 0.000000e+00
#	 0.000000e+00 1.314023e+03 0.000000e+00
#	 0.000000e+00 0.000000e+00 4.300658e+04
# W = 
#	 6.758072e-01 4.508635e-01 1.257533e-01
#	 4.508635e-01 3.007928e-01 8.389608e-02
#	 1.257533e-01 8.389608e-02 2.340000e-02
# H0W = 
#	 0.000000e+00 -5.924451e+02 -5.408219e+03
#	 5.924451e+02 0.000000e+00 -3.497842e+03
#	 5.408219e+03 3.497842e+03 0.000000e+00
# H0H0W = 
#	 0.000000e+00 7.784865e+05 2.325890e+08
#	 7.784865e+05 0.000000e+00 1.458340e+08
#	 2.325890e+08 1.458340e+08 0.000000e+00
# WH0W = 
#	 1.894426e+03 6.714180e+02 -5.055707e+03
#	 6.714180e+02 5.268663e+01 -3.483147e+03
#	 -5.055707e+03 -3.483147e+03 -1.947113e+03
#################################################
##            CALCULATION COMPLETED            ##
#################################################
# Psi[0]^2 = 0.000718 + I0.000000
# Psi[1]^2 = 0.902893 + I0.000000
# Psi[2]^2 = 0.096389 + I0.000000
# phi0 = -0.157629 
# phi1 = 2.492336 
# phi2 = -0.383685 
# Psi = 
#	-4.205991e-03+i(2.646156e-02)
#	5.744894e-01+i(-7.568716e-01)
#	-1.162199e-01+i(2.878929e-01)
#ProbSurv b 1-|Psi|^2 calls E tol dh dh(prev) dh(last)
0.274324298645	1	1.50246e-12	9001	101.193	0.0001	0.0001	0.0001	5e-05
