# a = 0.100000
# b = 1.000000
# E = 3.200000
# tol = 0.000100
# s12 = 0.554977
# s13 = 0.152971
# psi0 = 0.822075 + I0.000000	0.548446 + I0.000000	0.152971 + I0.000000
# dh = 0.000100
# out = data/E3.2e0.0_tol1e-4.log
# model = sun
# scan_steps = 100.000000
# H0 = 
#	 0.000000e+00 0.000000e+00 0.000000e+00
#	 0.000000e+00 4.155306e+04 0.000000e+00
#	 0.000000e+00 0.000000e+00 1.359988e+06
# W = 
#	 6.758072e-01 4.508635e-01 1.257533e-01
#	 4.508635e-01 3.007928e-01 8.389608e-02
#	 1.257533e-01 8.389608e-02 2.340000e-02
# H0W = 
#	 0.000000e+00 -1.873476e+04 -1.710229e+05
#	 1.873476e+04 0.000000e+00 -1.106115e+05
#	 1.710229e+05 1.106115e+05 0.000000e+00
# H0H0W = 
#	 0.000000e+00 7.784865e+08 2.325890e+11
#	 7.784865e+08 0.000000e+00 1.458340e+11
#	 2.325890e+11 1.458340e+11 0.000000e+00
# WH0W = 
#	 5.990702e+04 2.123210e+04 -1.598755e+05
#	 2.123210e+04 1.666097e+03 -1.101468e+05
#	 -1.598755e+05 -1.101468e+05 -6.157312e+04
#################################################
##            CALCULATION COMPLETED            ##
#################################################
# Psi[0]^2 = 0.406576 + I0.000000
# Psi[1]^2 = 0.569224 + I0.000000
# Psi[2]^2 = 0.024200 + I0.000000
# phi0 = 0.038252 
# phi1 = 2.767050 
# phi2 = 1.887645 
# Psi = 
#	2.438489e-02+i(6.371668e-01)
#	2.760205e-01+i(-7.021660e-01)
#	1.478183e-01+i(-4.846897e-02)
#ProbSurv b 1-|Psi|^2 calls E tol dh dh(prev) dh(last)
0.446551945406	1	-4.23328e-12	56472	3.2	0.0001	0.0001	1.59376e-05	1.03201e-05
