# a = 0.100000
# b = 1.000000
# E = 32.000000
# tol = 0.000100
# s12 = 0.554977
# s13 = 0.152971
# psi0 = 0.822075 + I0.000000	0.548446 + I0.000000	0.152971 + I0.000000
# dh = 0.000100
# out = data/E3.2e1.0_tol1e-4.log
# model = sun
# scan_steps = 100.000000
# H0 = 
#	 0.000000e+00 0.000000e+00 0.000000e+00
#	 0.000000e+00 4.155306e+03 0.000000e+00
#	 0.000000e+00 0.000000e+00 1.359987e+05
# W = 
#	 6.758072e-01 4.508635e-01 1.257533e-01
#	 4.508635e-01 3.007928e-01 8.389608e-02
#	 1.257533e-01 8.389608e-02 2.340000e-02
# H0W = 
#	 0.000000e+00 -1.873476e+03 -1.710229e+04
#	 1.873476e+03 0.000000e+00 -1.106115e+04
#	 1.710229e+04 1.106115e+04 0.000000e+00
# H0H0W = 
#	 0.000000e+00 7.784865e+06 2.325890e+09
#	 7.784865e+06 0.000000e+00 1.458340e+09
#	 2.325890e+09 1.458340e+09 0.000000e+00
# WH0W = 
#	 5.990702e+03 2.123210e+03 -1.598755e+04
#	 2.123210e+03 1.666097e+02 -1.101468e+04
#	 -1.598755e+04 -1.101468e+04 -6.157312e+03
#################################################
##            CALCULATION COMPLETED            ##
#################################################
# Psi[0]^2 = 0.008033 + I0.000000
# Psi[1]^2 = 0.958724 + I0.000000
# Psi[2]^2 = 0.033242 + I0.000000
# phi0 = -2.065499 
# phi1 = 1.569518 
# phi2 = -3.024478 
# Psi = 
#	-7.888374e-02+i(-4.255335e-02)
#	9.791440e-01+i(1.251485e-03)
#	-2.130400e-02+i(-1.810753e-01)
#ProbSurv b 1-|Psi|^2 calls E tol dh dh(prev) dh(last)
0.294584326998	1	-3.26406e-12	9001	32	0.0001	0.0001	0.0001	5e-05
