# a = 0.100000
# b = 1.000000
# E = 101192.885125
# tol = 0.000100
# s12 = 0.554977
# s13 = 0.152971
# psi0 = 0.822075 + I0.000000	0.548446 + I0.000000	0.152971 + I0.000000
# dh = 0.000100
# out = data/E3.2e4.5_tol1e-4.log
# model = sun
# scan_steps = 100.000000
# H0 = 
#	 0.000000e+00 0.000000e+00 0.000000e+00
#	 0.000000e+00 1.314023e+00 0.000000e+00
#	 0.000000e+00 0.000000e+00 4.300658e+01
# W = 
#	 6.758072e-01 4.508635e-01 1.257533e-01
#	 4.508635e-01 3.007928e-01 8.389608e-02
#	 1.257533e-01 8.389608e-02 2.340000e-02
# H0W = 
#	 0.000000e+00 -5.924451e-01 -5.408219e+00
#	 5.924451e-01 0.000000e+00 -3.497842e+00
#	 5.408219e+00 3.497842e+00 0.000000e+00
# H0H0W = 
#	 0.000000e+00 7.784865e-01 2.325890e+02
#	 7.784865e-01 0.000000e+00 1.458340e+02
#	 2.325890e+02 1.458340e+02 0.000000e+00
# WH0W = 
#	 1.894426e+00 6.714180e-01 -5.055707e+00
#	 6.714180e-01 5.268663e-02 -3.483147e+00
#	 -5.055707e+00 -3.483147e+00 -1.947113e+00
#################################################
##            CALCULATION COMPLETED            ##
#################################################
# Psi[0]^2 = 0.341893 + I0.000000
# Psi[1]^2 = 0.204302 + I0.000000
# Psi[2]^2 = 0.453805 + I0.000000
# phi0 = 3.106021 
# phi1 = -2.991789 
# phi2 = 0.575027 
# Psi = 
#	2.079484e-02+i(-5.843459e-01)
#	-6.745784e-02+i(-4.469359e-01)
#	3.663697e-01+i(5.653127e-01)
#ProbSurv b 1-|Psi|^2 calls E tol dh dh(prev) dh(last)
0.303125122613	1	-1.13465e-13	9001	101193	0.0001	0.0001	0.0001	5e-05
