# a = 0.100000
# b = 1.000000
# E = 3200000.000000
# tol = 0.000100
# s12 = 0.554977
# s13 = 0.152971
# psi0 = 0.822075 + I0.000000	0.548446 + I0.000000	0.152971 + I0.000000
# dh = 0.000100
# out = data/E3.2e6.0_tol1e-4.log
# model = sun
# scan_steps = 100.000000
# H0 = 
#	 0.000000e+00 0.000000e+00 0.000000e+00
#	 0.000000e+00 4.155306e-02 0.000000e+00
#	 0.000000e+00 0.000000e+00 1.359987e+00
# W = 
#	 6.758072e-01 4.508635e-01 1.257533e-01
#	 4.508635e-01 3.007928e-01 8.389608e-02
#	 1.257533e-01 8.389608e-02 2.340000e-02
# H0W = 
#	 0.000000e+00 -1.873476e-02 -1.710229e-01
#	 1.873476e-02 0.000000e+00 -1.106115e-01
#	 1.710229e-01 1.106115e-01 0.000000e+00
# H0H0W = 
#	 0.000000e+00 7.784865e-04 2.325890e-01
#	 7.784865e-04 0.000000e+00 1.458340e-01
#	 2.325890e-01 1.458340e-01 0.000000e+00
# WH0W = 
#	 5.990702e-02 2.123210e-02 -1.598755e-01
#	 2.123210e-02 1.666097e-03 -1.101468e-01
#	 -1.598755e-01 -1.101468e-01 -6.157312e-02
#################################################
##            CALCULATION COMPLETED            ##
#################################################
# Psi[0]^2 = 0.668544 + I0.000000
# Psi[1]^2 = 0.300354 + I0.000000
# Psi[2]^2 = 0.031103 + I0.000000
# phi0 = 2.232422 
# phi1 = 2.238107 
# phi2 = 2.423037 
# Psi = 
#	6.451174e-01+i(-5.023615e-01)
#	4.304834e-01+i(-3.391720e-01)
#	1.160975e-01+i(-1.327562e-01)
#ProbSurv b 1-|Psi|^2 calls E tol dh dh(prev) dh(last)
0.542878549927	1	-9.88098e-14	9001	3.2e+06	0.0001	0.0001	0.0001	5e-05
