# a = 0.100000
# b = 1.000000
# E = 10.119289
# tol = 0.000100
# s12 = 0.554977
# s13 = 0.152971
# psi0 = 0.822075 + I0.000000	0.548446 + I0.000000	0.152971 + I0.000000
# dh = 0.000100
# out = data/E3.2e0.5_tol1e-4.log
# model = sun
# scan_steps = 100.000000
# H0 = 
#	 0.000000e+00 0.000000e+00 0.000000e+00
#	 0.000000e+00 1.314023e+04 0.000000e+00
#	 0.000000e+00 0.000000e+00 4.300658e+05
# W = 
#	 6.758072e-01 4.508635e-01 1.257533e-01
#	 4.508635e-01 3.007928e-01 8.389608e-02
#	 1.257533e-01 8.389608e-02 2.340000e-02
# H0W = 
#	 0.000000e+00 -5.924451e+03 -5.408219e+04
#	 5.924451e+03 0.000000e+00 -3.497842e+04
#	 5.408219e+04 3.497842e+04 0.000000e+00
# H0H0W = 
#	 0.000000e+00 7.784865e+07 2.325890e+10
#	 7.784865e+07 0.000000e+00 1.458340e+10
#	 2.325890e+10 1.458340e+10 0.000000e+00
# WH0W = 
#	 1.894426e+04 6.714180e+03 -5.055707e+04
#	 6.714180e+03 5.268663e+02 -3.483147e+04
#	 -5.055707e+04 -3.483147e+04 -1.947113e+04
#################################################
##            CALCULATION COMPLETED            ##
#################################################
# Psi[0]^2 = 0.087740 + I0.000000
# Psi[1]^2 = 0.886270 + I0.000000
# Psi[2]^2 = 0.025990 + I0.000000
# phi0 = 1.038302 
# phi1 = 1.824046 
# phi2 = -0.107492 
# Psi = 
#	2.551968e-01+i(1.503805e-01)
#	9.113911e-01+i(-2.358735e-01)
#	-1.729589e-02+i(1.602843e-01)
#ProbSurv b 1-|Psi|^2 calls E tol dh dh(prev) dh(last)
0.326486945139	1	-9.46665e-12	19362	10.1193	0.0001	0.0001	4.64861e-05	3.73268e-05
