# a = 0.100000
# b = 1.000000
# E = 10119.288513
# tol = 0.000100
# s12 = 0.554977
# s13 = 0.152971
# psi0 = 0.822075 + I0.000000	0.548446 + I0.000000	0.152971 + I0.000000
# dh = 0.000100
# out = data/E3.2e3.5_tol1e-4.log
# model = sun
# scan_steps = 100.000000
# H0 = 
#	 0.000000e+00 0.000000e+00 0.000000e+00
#	 0.000000e+00 1.314023e+01 0.000000e+00
#	 0.000000e+00 0.000000e+00 4.300658e+02
# W = 
#	 6.758072e-01 4.508635e-01 1.257533e-01
#	 4.508635e-01 3.007928e-01 8.389608e-02
#	 1.257533e-01 8.389608e-02 2.340000e-02
# H0W = 
#	 0.000000e+00 -5.924451e+00 -5.408219e+01
#	 5.924451e+00 0.000000e+00 -3.497842e+01
#	 5.408219e+01 3.497842e+01 0.000000e+00
# H0H0W = 
#	 0.000000e+00 7.784865e+01 2.325890e+04
#	 7.784865e+01 0.000000e+00 1.458340e+04
#	 2.325890e+04 1.458340e+04 0.000000e+00
# WH0W = 
#	 1.894426e+01 6.714180e+00 -5.055707e+01
#	 6.714180e+00 5.268663e-01 -3.483147e+01
#	 -5.055707e+01 -3.483147e+01 -1.947113e+01
#################################################
##            CALCULATION COMPLETED            ##
#################################################
# Psi[0]^2 = 0.000268 + I0.000000
# Psi[1]^2 = 0.002624 + I0.000000
# Psi[2]^2 = 0.997108 + I0.000000
# phi0 = 2.746786 
# phi1 = -1.296058 
# phi2 = 1.368974 
# Psi = 
#	6.299561e-03+i(-1.511827e-02)
#	-4.930384e-02+i(1.389708e-02)
#	9.782851e-01+i(2.001650e-01)
#ProbSurv b 1-|Psi|^2 calls E tol dh dh(prev) dh(last)
0.0243028839166	1	-7.61613e-14	9001	10119.3	0.0001	0.0001	0.0001	5e-05
