# a = 0.100000
# b = 1.000000
# E = 320.000000
# tol = 0.000100
# s12 = 0.554977
# s13 = 0.152971
# psi0 = 0.822075 + I0.000000	0.548446 + I0.000000	0.152971 + I0.000000
# dh = 0.000100
# out = data/E3.2e2.0_tol1e-4.log
# model = sun
# scan_steps = 100.000000
# H0 = 
#	 0.000000e+00 0.000000e+00 0.000000e+00
#	 0.000000e+00 4.155306e+02 0.000000e+00
#	 0.000000e+00 0.000000e+00 1.359987e+04
# W = 
#	 6.758072e-01 4.508635e-01 1.257533e-01
#	 4.508635e-01 3.007928e-01 8.389608e-02
#	 1.257533e-01 8.389608e-02 2.340000e-02
# H0W = 
#	 0.000000e+00 -1.873476e+02 -1.710229e+03
#	 1.873476e+02 0.000000e+00 -1.106115e+03
#	 1.710229e+03 1.106115e+03 0.000000e+00
# H0H0W = 
#	 0.000000e+00 7.784865e+04 2.325890e+07
#	 7.784865e+04 0.000000e+00 1.458340e+07
#	 2.325890e+07 1.458340e+07 0.000000e+00
# WH0W = 
#	 5.990702e+02 2.123210e+02 -1.598755e+03
#	 2.123210e+02 1.666097e+01 -1.101468e+03
#	 -1.598755e+03 -1.101468e+03 -6.157312e+02
#################################################
##            CALCULATION COMPLETED            ##
#################################################
# Psi[0]^2 = 0.000068 + I0.000000
# Psi[1]^2 = 0.035959 + I0.000000
# Psi[2]^2 = 0.963974 + I0.000000
# phi0 = -2.291251 
# phi1 = 1.526444 
# phi2 = -2.973711 
# Psi = 
#	-6.184439e-03+i(-5.429147e-03)
#	1.894412e-01+i(8.407702e-03)
#	-1.640562e-01+i(-9.680182e-01)
#ProbSurv b 1-|Psi|^2 calls E tol dh dh(prev) dh(last)
0.033418857794	1	-4.22107e-13	9001	320	0.0001	0.0001	0.0001	5e-05
