# a = 0.100000
# b = 1.000000
# E = 32000.000000
# tol = 0.000100
# s12 = 0.554977
# s13 = 0.152971
# psi0 = 0.822075 + I0.000000	0.548446 + I0.000000	0.152971 + I0.000000
# dh = 0.000100
# out = data/E3.2e4.0_tol1e-4.log
# model = sun
# scan_steps = 100.000000
# H0 = 
#	 0.000000e+00 0.000000e+00 0.000000e+00
#	 0.000000e+00 4.155306e+00 0.000000e+00
#	 0.000000e+00 0.000000e+00 1.359987e+02
# W = 
#	 6.758072e-01 4.508635e-01 1.257533e-01
#	 4.508635e-01 3.007928e-01 8.389608e-02
#	 1.257533e-01 8.389608e-02 2.340000e-02
# H0W = 
#	 0.000000e+00 -1.873476e+00 -1.710229e+01
#	 1.873476e+00 0.000000e+00 -1.106115e+01
#	 1.710229e+01 1.106115e+01 0.000000e+00
# H0H0W = 
#	 0.000000e+00 7.784865e+00 2.325890e+03
#	 7.784865e+00 0.000000e+00 1.458340e+03
#	 2.325890e+03 1.458340e+03 0.000000e+00
# WH0W = 
#	 5.990702e+00 2.123210e+00 -1.598755e+01
#	 2.123210e+00 1.666097e-01 -1.101468e+01
#	 -1.598755e+01 -1.101468e+01 -6.157312e+00
#################################################
##            CALCULATION COMPLETED            ##
#################################################
# Psi[0]^2 = 0.072658 + I0.000000
# Psi[1]^2 = 0.080775 + I0.000000
# Psi[2]^2 = 0.846567 + I0.000000
# phi0 = -1.549104 
# phi1 = -0.954761 
# phi2 = -0.738488 
# Psi = 
#	-2.694884e-01+i(5.846812e-03)
#	-2.319642e-01+i(1.642169e-01)
#	-6.193781e-01+i(6.803954e-01)
#ProbSurv b 1-|Psi|^2 calls E tol dh dh(prev) dh(last)
0.0932090018746	1	-1.04139e-13	9001	32000	0.0001	0.0001	0.0001	5e-05
