# a = 0.100000
# b = 1.000000
# E = 0.320000
# tol = 0.000100
# s12 = 0.554977
# s13 = 0.152971
# psi0 = 0.822075 + I0.000000	0.548446 + I0.000000	0.152971 + I0.000000
# dh = 0.000100
# out = data/E3.2e-1.0_tol1e-4.log
# model = sun
# scan_steps = 100.000000
# H0 = 
#	 0.000000e+00 0.000000e+00 0.000000e+00
#	 0.000000e+00 4.155306e+05 0.000000e+00
#	 0.000000e+00 0.000000e+00 1.359988e+07
# W = 
#	 6.758072e-01 4.508635e-01 1.257533e-01
#	 4.508635e-01 3.007928e-01 8.389608e-02
#	 1.257533e-01 8.389608e-02 2.340000e-02
# H0W = 
#	 0.000000e+00 -1.873476e+05 -1.710229e+06
#	 1.873476e+05 0.000000e+00 -1.106115e+06
#	 1.710229e+06 1.106115e+06 0.000000e+00
# H0H0W = 
#	 0.000000e+00 7.784865e+10 2.325890e+13
#	 7.784865e+10 0.000000e+00 1.458340e+13
#	 2.325890e+13 1.458340e+13 0.000000e+00
# WH0W = 
#	 5.990702e+05 2.123210e+05 -1.598755e+06
#	 2.123210e+05 1.666097e+04 -1.101468e+06
#	 -1.598755e+06 -1.101468e+06 -6.157312e+05
#################################################
##            CALCULATION COMPLETED            ##
#################################################
# Psi[0]^2 = 0.652576 + I0.000000
# Psi[1]^2 = 0.323946 + I0.000000
# Psi[2]^2 = 0.023478 + I0.000000
# phi0 = -1.009047 
# phi1 = 0.018308 
# phi2 = -0.141549 
# Psi = 
#	-6.836795e-01+i(4.303002e-01)
#	1.041985e-02+i(5.690671e-01)
#	-2.161670e-02+i(1.516935e-01)
#ProbSurv b 1-|Psi|^2 calls E tol dh dh(prev) dh(last)
0.539005467903	1	1.90167e-10	1188670	0.32	0.0001	0.0001	7.5715e-07	5.0817e-07
