# a = 0.100000
# b = 1.000000
# E = 3200.000000
# tol = 0.000100
# s12 = 0.554977
# s13 = 0.152971
# psi0 = 0.822075 + I0.000000	0.548446 + I0.000000	0.152971 + I0.000000
# dh = 0.000100
# out = data/E3.2e3.0_tol1e-4.log
# model = sun
# scan_steps = 100.000000
# H0 = 
#	 0.000000e+00 0.000000e+00 0.000000e+00
#	 0.000000e+00 4.155306e+01 0.000000e+00
#	 0.000000e+00 0.000000e+00 1.359987e+03
# W = 
#	 6.758072e-01 4.508635e-01 1.257533e-01
#	 4.508635e-01 3.007928e-01 8.389608e-02
#	 1.257533e-01 8.389608e-02 2.340000e-02
# H0W = 
#	 0.000000e+00 -1.873476e+01 -1.710229e+02
#	 1.873476e+01 0.000000e+00 -1.106115e+02
#	 1.710229e+02 1.106115e+02 0.000000e+00
# H0H0W = 
#	 0.000000e+00 7.784865e+02 2.325890e+05
#	 7.784865e+02 0.000000e+00 1.458340e+05
#	 2.325890e+05 1.458340e+05 0.000000e+00
# WH0W = 
#	 5.990702e+01 2.123210e+01 -1.598755e+02
#	 2.123210e+01 1.666097e+00 -1.101468e+02
#	 -1.598755e+02 -1.101468e+02 -6.157312e+01
#################################################
##            CALCULATION COMPLETED            ##
#################################################
# Psi[0]^2 = 0.000000 + I0.000000
# Psi[1]^2 = 0.000092 + I0.000000
# Psi[2]^2 = 0.999908 + I0.000000
# phi0 = 0.551324 
# phi1 = -1.736030 
# phi2 = -1.765096 
# Psi = 
#	3.265304e-04+i(5.310054e-04)
#	-9.452096e-03+i(-1.576176e-03)
#	-9.811378e-01+i(-1.930709e-01)
#ProbSurv b 1-|Psi|^2 calls E tol dh dh(prev) dh(last)
0.023425725514	1	-1.09246e-13	9001	3200	0.0001	0.0001	0.0001	5e-05
