# a = 0.100000
# b = 1.000000
# E = 3300.000000
# tol = 0.000100
# s12 = 0.554977
# s13 = 0.152971
# psi0 = 0.822075 + I0.000000	0.548446 + I0.000000	0.152971 + I0.000000
# dh = 0.000100
# out = data/E3.3e3.0_tol1e-4.log
# model = sun
# scan_steps = 100.000000
# H0 = 
#	 0.000000e+00 0.000000e+00 0.000000e+00
#	 0.000000e+00 4.029387e+01 0.000000e+00
#	 0.000000e+00 0.000000e+00 1.318776e+03
# W = 
#	 6.758072e-01 4.508635e-01 1.257533e-01
#	 4.508635e-01 3.007928e-01 8.389608e-02
#	 1.257533e-01 8.389608e-02 2.340000e-02
# H0W = 
#	 0.000000e+00 -1.816704e+01 -1.658404e+02
#	 1.816704e+01 0.000000e+00 -1.072596e+02
#	 1.658404e+02 1.072596e+02 0.000000e+00
# H0H0W = 
#	 0.000000e+00 7.320204e+02 2.187063e+05
#	 7.320204e+02 0.000000e+00 1.371295e+05
#	 2.187063e+05 1.371295e+05 0.000000e+00
# WH0W = 
#	 5.809166e+01 2.058870e+01 -1.550308e+02
#	 2.058870e+01 1.615610e+00 -1.068090e+02
#	 -1.550308e+02 -1.068090e+02 -5.970727e+01
#################################################
##            CALCULATION COMPLETED            ##
#################################################
# Psi[0]^2 = 0.000001 + I0.000000
# Psi[1]^2 = 0.000079 + I0.000000
# Psi[2]^2 = 0.999920 + I0.000000
# phi0 = 0.693660 
# phi1 = -0.290658 
# phi2 = 3.019842 
# Psi = 
#	5.766255e-04+i(6.934701e-04)
#	-2.542475e-03+i(8.499583e-03)
#	1.214454e-01+i(-9.925581e-01)
#ProbSurv b 1-|Psi|^2 calls E tol dh dh(prev) dh(last)
0.0234223634442	1	-4.79616e-14	9001	3300	0.0001	0.0001	0.0001	5e-05
