# a = 0.100000
# b = 1.000000
# E = 10435.516279
# tol = 0.000100
# s12 = 0.554977
# s13 = 0.152971
# psi0 = 0.822075 + I0.000000	0.548446 + I0.000000	0.152971 + I0.000000
# dh = 0.000100
# out = data/E3.3e3.5_tol1e-4.log
# model = sun
# scan_steps = 100.000000
# H0 = 
#	 0.000000e+00 0.000000e+00 0.000000e+00
#	 0.000000e+00 1.274204e+01 0.000000e+00
#	 0.000000e+00 0.000000e+00 4.170335e+02
# W = 
#	 6.758072e-01 4.508635e-01 1.257533e-01
#	 4.508635e-01 3.007928e-01 8.389608e-02
#	 1.257533e-01 8.389608e-02 2.340000e-02
# H0W = 
#	 0.000000e+00 -5.744922e+00 -5.244333e+01
#	 5.744922e+00 0.000000e+00 -3.391847e+01
#	 5.244333e+01 3.391847e+01 0.000000e+00
# H0H0W = 
#	 0.000000e+00 7.320204e+01 2.187063e+04
#	 7.320204e+01 0.000000e+00 1.371295e+04
#	 2.187063e+04 1.371295e+04 0.000000e+00
# WH0W = 
#	 1.837019e+01 6.510720e+00 -4.902503e+01
#	 6.510720e+00 5.109006e-01 -3.377597e+01
#	 -4.902503e+01 -3.377597e+01 -1.888110e+01
#################################################
##            CALCULATION COMPLETED            ##
#################################################
# Psi[0]^2 = 0.000299 + I0.000000
# Psi[1]^2 = 0.002728 + I0.000000
# Psi[2]^2 = 0.996974 + I0.000000
# phi0 = 2.618304 
# phi1 = -1.514938 
# phi2 = 0.608202 
# Psi = 
#	8.636946e-03+i(-1.497036e-02)
#	-5.214483e-02+i(2.915751e-03)
#	5.705274e-01+i(8.194341e-01)
#ProbSurv b 1-|Psi|^2 calls E tol dh dh(prev) dh(last)
0.0243514920551	1	-6.70575e-14	9001	10435.5	0.0001	0.0001	0.0001	5e-05
