# a = 0.100000
# b = 1.000000
# E = 330000.000000
# tol = 0.000100
# s12 = 0.554977
# s13 = 0.152971
# psi0 = 0.822075 + I0.000000	0.548446 + I0.000000	0.152971 + I0.000000
# dh = 0.000100
# out = data/E3.3e5.0_tol1e-4.log
# model = sun
# scan_steps = 100.000000
# H0 = 
#	 0.000000e+00 0.000000e+00 0.000000e+00
#	 0.000000e+00 4.029387e-01 0.000000e+00
#	 0.000000e+00 0.000000e+00 1.318776e+01
# W = 
#	 6.758072e-01 4.508635e-01 1.257533e-01
#	 4.508635e-01 3.007928e-01 8.389608e-02
#	 1.257533e-01 8.389608e-02 2.340000e-02
# H0W = 
#	 0.000000e+00 -1.816704e-01 -1.658404e+00
#	 1.816704e-01 0.000000e+00 -1.072596e+00
#	 1.658404e+00 1.072596e+00 0.000000e+00
# H0H0W = 
#	 0.000000e+00 7.320204e-02 2.187063e+01
#	 7.320204e-02 0.000000e+00 1.371295e+01
#	 2.187063e+01 1.371295e+01 0.000000e+00
# WH0W = 
#	 5.809166e-01 2.058870e-01 -1.550308e+00
#	 2.058870e-01 1.615610e-02 -1.068090e+00
#	 -1.550308e+00 -1.068090e+00 -5.970727e-01
#################################################
##            CALCULATION COMPLETED            ##
#################################################
# Psi[0]^2 = 0.561124 + I0.000000
# Psi[1]^2 = 0.273896 + I0.000000
# Psi[2]^2 = 0.164980 + I0.000000
# phi0 = 2.519738 
# phi1 = 2.575470 
# phi2 = -1.563709 
# Psi = 
#	4.363730e-01+i(-6.088539e-01)
#	2.807061e-01+i(-4.417011e-01)
#	-4.061668e-01+i(2.878687e-03)
#ProbSurv b 1-|Psi|^2 calls E tol dh dh(prev) dh(last)
 0.46545836789	1	-1.45661e-13	9001	330000	0.0001	0.0001	0.0001	5e-05
