# a = 0.100000
# b = 1.000000
# E = 1043551.627856
# tol = 0.000100
# s12 = 0.554977
# s13 = 0.152971
# psi0 = 0.822075 + I0.000000	0.548446 + I0.000000	0.152971 + I0.000000
# dh = 0.000100
# out = data/E3.3e5.5_tol1e-4.log
# model = sun
# scan_steps = 100.000000
# H0 = 
#	 0.000000e+00 0.000000e+00 0.000000e+00
#	 0.000000e+00 1.274204e-01 0.000000e+00
#	 0.000000e+00 0.000000e+00 4.170335e+00
# W = 
#	 6.758072e-01 4.508635e-01 1.257533e-01
#	 4.508635e-01 3.007928e-01 8.389608e-02
#	 1.257533e-01 8.389608e-02 2.340000e-02
# H0W = 
#	 0.000000e+00 -5.744922e-02 -5.244333e-01
#	 5.744922e-02 0.000000e+00 -3.391847e-01
#	 5.244333e-01 3.391847e-01 0.000000e+00
# H0H0W = 
#	 0.000000e+00 7.320204e-03 2.187063e+00
#	 7.320204e-03 0.000000e+00 1.371295e+00
#	 2.187063e+00 1.371295e+00 0.000000e+00
# WH0W = 
#	 1.837019e-01 6.510720e-02 -4.902503e-01
#	 6.510720e-02 5.109006e-03 -3.377597e-01
#	 -4.902503e-01 -3.377597e-01 -1.888110e-01
#################################################
##            CALCULATION COMPLETED            ##
#################################################
# Psi[0]^2 = 0.649862 + I0.000000
# Psi[1]^2 = 0.297690 + I0.000000
# Psi[2]^2 = 0.052448 + I0.000000
# phi0 = 2.303265 
# phi1 = 2.320684 
# phi2 = 2.914569 
# Psi = 
#	5.993859e-01+i(-5.390721e-01)
#	3.992582e-01+i(-3.718636e-01)
#	5.154644e-02+i(-2.231394e-01)
#ProbSurv b 1-|Psi|^2 calls E tol dh dh(prev) dh(last)
0.529951710462	1	-5.66214e-14	9001	1.04355e+06	0.0001	0.0001	0.0001	5e-05
