# a = 0.100000
# b = 1.000000
# E = 1043.551628
# tol = 0.000100
# s12 = 0.554977
# s13 = 0.152971
# psi0 = 0.822075 + I0.000000	0.548446 + I0.000000	0.152971 + I0.000000
# dh = 0.000100
# out = data/E3.3e2.5_tol1e-4.log
# model = sun
# scan_steps = 100.000000
# H0 = 
#	 0.000000e+00 0.000000e+00 0.000000e+00
#	 0.000000e+00 1.274204e+02 0.000000e+00
#	 0.000000e+00 0.000000e+00 4.170335e+03
# W = 
#	 6.758072e-01 4.508635e-01 1.257533e-01
#	 4.508635e-01 3.007928e-01 8.389608e-02
#	 1.257533e-01 8.389608e-02 2.340000e-02
# H0W = 
#	 0.000000e+00 -5.744922e+01 -5.244333e+02
#	 5.744922e+01 0.000000e+00 -3.391847e+02
#	 5.244333e+02 3.391847e+02 0.000000e+00
# H0H0W = 
#	 0.000000e+00 7.320204e+03 2.187063e+06
#	 7.320204e+03 0.000000e+00 1.371295e+06
#	 2.187063e+06 1.371295e+06 0.000000e+00
# WH0W = 
#	 1.837019e+02 6.510720e+01 -4.902503e+02
#	 6.510720e+01 5.109006e+00 -3.377597e+02
#	 -4.902503e+02 -3.377597e+02 -1.888110e+02
#################################################
##            CALCULATION COMPLETED            ##
#################################################
# Psi[0]^2 = 0.000006 + I0.000000
# Psi[1]^2 = 0.001072 + I0.000000
# Psi[2]^2 = 0.998922 + I0.000000
# phi0 = -1.589989 
# phi1 = 1.583825 
# phi2 = 2.870630 
# Psi = 
#	-2.379915e-03+i(-4.568170e-05)
#	3.274265e-02+i(-4.266239e-04)
#	2.675146e-01+i(-9.629943e-01)
#ProbSurv b 1-|Psi|^2 calls E tol dh dh(prev) dh(last)
0.0237011347184	1	-5.19584e-14	9001	1043.55	0.0001	0.0001	0.0001	5e-05
