# a = 0.100000
# b = 1.000000
# E = 104.355163
# tol = 0.000100
# s12 = 0.554977
# s13 = 0.152971
# psi0 = 0.822075 + I0.000000	0.548446 + I0.000000	0.152971 + I0.000000
# dh = 0.000100
# out = data/E3.3e1.5_tol1e-4.log
# model = sun
# scan_steps = 100.000000
# H0 = 
#	 0.000000e+00 0.000000e+00 0.000000e+00
#	 0.000000e+00 1.274204e+03 0.000000e+00
#	 0.000000e+00 0.000000e+00 4.170335e+04
# W = 
#	 6.758072e-01 4.508635e-01 1.257533e-01
#	 4.508635e-01 3.007928e-01 8.389608e-02
#	 1.257533e-01 8.389608e-02 2.340000e-02
# H0W = 
#	 0.000000e+00 -5.744922e+02 -5.244333e+03
#	 5.744922e+02 0.000000e+00 -3.391847e+03
#	 5.244333e+03 3.391847e+03 0.000000e+00
# H0H0W = 
#	 0.000000e+00 7.320204e+05 2.187063e+08
#	 7.320204e+05 0.000000e+00 1.371295e+08
#	 2.187063e+08 1.371295e+08 0.000000e+00
# WH0W = 
#	 1.837019e+03 6.510720e+02 -4.902503e+03
#	 6.510720e+02 5.109006e+01 -3.377597e+03
#	 -4.902503e+03 -3.377597e+03 -1.888110e+03
#################################################
##            CALCULATION COMPLETED            ##
#################################################
# Psi[0]^2 = 0.000669 + I0.000000
# Psi[1]^2 = 0.896974 + I0.000000
# Psi[2]^2 = 0.102357 + I0.000000
# phi0 = -0.069295 
# phi1 = -3.080896 
# phi2 = 2.716458 
# Psi = 
#	-1.791023e-03+i(2.580505e-02)
#	-5.745005e-02+i(-9.453430e-01)
#	1.319543e-01+i(-2.914534e-01)
#ProbSurv b 1-|Psi|^2 calls E tol dh dh(prev) dh(last)
0.272650628011	1	1.53288e-12	9001	104.355	0.0001	0.0001	0.0001	5e-05
