# a = 0.100000
# b = 1.000000
# E = 3.300000
# tol = 0.000100
# s12 = 0.554977
# s13 = 0.152971
# psi0 = 0.822075 + I0.000000	0.548446 + I0.000000	0.152971 + I0.000000
# dh = 0.000100
# out = data/E3.3e0.0_tol1e-4.log
# model = sun
# scan_steps = 100.000000
# H0 = 
#	 0.000000e+00 0.000000e+00 0.000000e+00
#	 0.000000e+00 4.029387e+04 0.000000e+00
#	 0.000000e+00 0.000000e+00 1.318776e+06
# W = 
#	 6.758072e-01 4.508635e-01 1.257533e-01
#	 4.508635e-01 3.007928e-01 8.389608e-02
#	 1.257533e-01 8.389608e-02 2.340000e-02
# H0W = 
#	 0.000000e+00 -1.816704e+04 -1.658404e+05
#	 1.816704e+04 0.000000e+00 -1.072596e+05
#	 1.658404e+05 1.072596e+05 0.000000e+00
# H0H0W = 
#	 0.000000e+00 7.320204e+08 2.187063e+11
#	 7.320204e+08 0.000000e+00 1.371295e+11
#	 2.187063e+11 1.371295e+11 0.000000e+00
# WH0W = 
#	 5.809166e+04 2.058870e+04 -1.550308e+05
#	 2.058870e+04 1.615610e+03 -1.068090e+05
#	 -1.550308e+05 -1.068090e+05 -5.970727e+04
#################################################
##            CALCULATION COMPLETED            ##
#################################################
# Psi[0]^2 = 0.398058 + I0.000000
# Psi[1]^2 = 0.577716 + I0.000000
# Psi[2]^2 = 0.024225 + I0.000000
# phi0 = 1.723357 
# phi1 = -1.223525 
# phi2 = 0.975923 
# Psi = 
#	6.235907e-01+i(-9.588059e-02)
#	-7.147036e-01+i(2.586797e-01)
#	1.289076e-01+i(8.722368e-02)
#ProbSurv b 1-|Psi|^2 calls E tol dh dh(prev) dh(last)
0.443350562105	1	-4.03544e-12	51166	3.3	0.0001	0.0001	1.75904e-05	1.01807e-05
