# a = 0.100000
# b = 1.000000
# E = 330.000000
# tol = 0.000100
# s12 = 0.554977
# s13 = 0.152971
# psi0 = 0.822075 + I0.000000	0.548446 + I0.000000	0.152971 + I0.000000
# dh = 0.000100
# out = data/E3.3e2.0_tol1e-4.log
# model = sun
# scan_steps = 100.000000
# H0 = 
#	 0.000000e+00 0.000000e+00 0.000000e+00
#	 0.000000e+00 4.029387e+02 0.000000e+00
#	 0.000000e+00 0.000000e+00 1.318776e+04
# W = 
#	 6.758072e-01 4.508635e-01 1.257533e-01
#	 4.508635e-01 3.007928e-01 8.389608e-02
#	 1.257533e-01 8.389608e-02 2.340000e-02
# H0W = 
#	 0.000000e+00 -1.816704e+02 -1.658404e+03
#	 1.816704e+02 0.000000e+00 -1.072596e+03
#	 1.658404e+03 1.072596e+03 0.000000e+00
# H0H0W = 
#	 0.000000e+00 7.320204e+04 2.187063e+07
#	 7.320204e+04 0.000000e+00 1.371295e+07
#	 2.187063e+07 1.371295e+07 0.000000e+00
# WH0W = 
#	 5.809166e+02 2.058870e+02 -1.550308e+03
#	 2.058870e+02 1.615610e+01 -1.068090e+03
#	 -1.550308e+03 -1.068090e+03 -5.970727e+02
#################################################
##            CALCULATION COMPLETED            ##
#################################################
# Psi[0]^2 = 0.000065 + I0.000000
# Psi[1]^2 = 0.031789 + I0.000000
# Psi[2]^2 = 0.968146 + I0.000000
# phi0 = 1.098130 
# phi1 = -1.008457 
# phi2 = -2.800117 
# Psi = 
#	7.162207e-03+i(3.662212e-03)
#	-1.508400e-01+i(9.506131e-02)
#	-3.295012e-01+i(-9.271326e-01)
#ProbSurv b 1-|Psi|^2 calls E tol dh dh(prev) dh(last)
0.0322603530356	1	-4.26326e-13	9001	330	0.0001	0.0001	0.0001	5e-05
