# a = 0.100000
# b = 1.000000
# E = 3300000.000000
# tol = 0.000100
# s12 = 0.554977
# s13 = 0.152971
# psi0 = 0.822075 + I0.000000	0.548446 + I0.000000	0.152971 + I0.000000
# dh = 0.000100
# out = data/E3.3e6.0_tol1e-4.log
# model = sun
# scan_steps = 100.000000
# H0 = 
#	 0.000000e+00 0.000000e+00 0.000000e+00
#	 0.000000e+00 4.029387e-02 0.000000e+00
#	 0.000000e+00 0.000000e+00 1.318776e+00
# W = 
#	 6.758072e-01 4.508635e-01 1.257533e-01
#	 4.508635e-01 3.007928e-01 8.389608e-02
#	 1.257533e-01 8.389608e-02 2.340000e-02
# H0W = 
#	 0.000000e+00 -1.816704e-02 -1.658404e-01
#	 1.816704e-02 0.000000e+00 -1.072596e-01
#	 1.658404e-01 1.072596e-01 0.000000e+00
# H0H0W = 
#	 0.000000e+00 7.320204e-04 2.187063e-01
#	 7.320204e-04 0.000000e+00 1.371295e-01
#	 2.187063e-01 1.371295e-01 0.000000e+00
# WH0W = 
#	 5.809166e-02 2.058870e-02 -1.550308e-01
#	 2.058870e-02 1.615610e-03 -1.068090e-01
#	 -1.550308e-01 -1.068090e-01 -5.970727e-02
#################################################
##            CALCULATION COMPLETED            ##
#################################################
# Psi[0]^2 = 0.668780 + I0.000000
# Psi[1]^2 = 0.300375 + I0.000000
# Psi[2]^2 = 0.030845 + I0.000000
# phi0 = 2.231388 
# phi1 = 2.236901 
# phi2 = 2.416099 
# Psi = 
#	6.457506e-01+i(-5.017828e-01)
#	4.309073e-01+i(-3.386644e-01)
#	1.165305e-01+i(-1.314005e-01)
#ProbSurv b 1-|Psi|^2 calls E tol dh dh(prev) dh(last)
0.543038584544	1	-1.12355e-13	9001	3.3e+06	0.0001	0.0001	0.0001	5e-05
