# a = 0.100000
# b = 1.000000
# E = 33000.000000
# tol = 0.000100
# s12 = 0.554977
# s13 = 0.152971
# psi0 = 0.822075 + I0.000000	0.548446 + I0.000000	0.152971 + I0.000000
# dh = 0.000100
# out = data/E3.3e4.0_tol1e-4.log
# model = sun
# scan_steps = 100.000000
# H0 = 
#	 0.000000e+00 0.000000e+00 0.000000e+00
#	 0.000000e+00 4.029387e+00 0.000000e+00
#	 0.000000e+00 0.000000e+00 1.318776e+02
# W = 
#	 6.758072e-01 4.508635e-01 1.257533e-01
#	 4.508635e-01 3.007928e-01 8.389608e-02
#	 1.257533e-01 8.389608e-02 2.340000e-02
# H0W = 
#	 0.000000e+00 -1.816704e+00 -1.658404e+01
#	 1.816704e+00 0.000000e+00 -1.072596e+01
#	 1.658404e+01 1.072596e+01 0.000000e+00
# H0H0W = 
#	 0.000000e+00 7.320204e+00 2.187063e+03
#	 7.320204e+00 0.000000e+00 1.371295e+03
#	 2.187063e+03 1.371295e+03 0.000000e+00
# WH0W = 
#	 5.809166e+00 2.058870e+00 -1.550308e+01
#	 2.058870e+00 1.615610e-01 -1.068090e+01
#	 -1.550308e+01 -1.068090e+01 -5.970727e+00
#################################################
##            CALCULATION COMPLETED            ##
#################################################
# Psi[0]^2 = 0.078024 + I0.000000
# Psi[1]^2 = 0.083958 + I0.000000
# Psi[2]^2 = 0.838018 + I0.000000
# phi0 = -1.622344 
# phi1 = -1.042657 
# phi2 = -2.526889 
# Psi = 
#	-2.789560e-01+i(-1.439238e-02)
#	-2.502755e-01+i(1.460158e-01)
#	-5.279453e-01+i(-7.478581e-01)
#ProbSurv b 1-|Psi|^2 calls E tol dh dh(prev) dh(last)
0.0975926039707	1	-7.32747e-14	9001	33000	0.0001	0.0001	0.0001	5e-05
