# a = 0.100000
# b = 1.000000
# E = 10.435516
# tol = 0.000100
# s12 = 0.554977
# s13 = 0.152971
# psi0 = 0.822075 + I0.000000	0.548446 + I0.000000	0.152971 + I0.000000
# dh = 0.000100
# out = data/E3.3e0.5_tol1e-4.log
# model = sun
# scan_steps = 100.000000
# H0 = 
#	 0.000000e+00 0.000000e+00 0.000000e+00
#	 0.000000e+00 1.274204e+04 0.000000e+00
#	 0.000000e+00 0.000000e+00 4.170335e+05
# W = 
#	 6.758072e-01 4.508635e-01 1.257533e-01
#	 4.508635e-01 3.007928e-01 8.389608e-02
#	 1.257533e-01 8.389608e-02 2.340000e-02
# H0W = 
#	 0.000000e+00 -5.744922e+03 -5.244333e+04
#	 5.744922e+03 0.000000e+00 -3.391847e+04
#	 5.244333e+04 3.391847e+04 0.000000e+00
# H0H0W = 
#	 0.000000e+00 7.320204e+07 2.187063e+10
#	 7.320204e+07 0.000000e+00 1.371295e+10
#	 2.187063e+10 1.371295e+10 0.000000e+00
# WH0W = 
#	 1.837019e+04 6.510720e+03 -4.902503e+04
#	 6.510720e+03 5.109006e+02 -3.377597e+04
#	 -4.902503e+04 -3.377597e+04 -1.888110e+04
#################################################
##            CALCULATION COMPLETED            ##
#################################################
# Psi[0]^2 = 0.082624 + I0.000000
# Psi[1]^2 = 0.891320 + I0.000000
# Psi[2]^2 = 0.026056 + I0.000000
# phi0 = 2.437997 
# phi1 = 0.150534 
# phi2 = 1.577061 
# Psi = 
#	1.859656e-01+i(-2.191819e-01)
#	1.415823e-01+i(9.334208e-01)
#	1.614161e-01+i(-1.011246e-03)
#ProbSurv b 1-|Psi|^2 calls E tol dh dh(prev) dh(last)
0.324550149782	1	-6.94711e-12	18682	10.4355	0.0001	0.0001	4.8178e-05	4.16726e-05
