# a = 0.100000
# b = 1.000000
# E = 3.400000
# tol = 0.000100
# s12 = 0.554977
# s13 = 0.152971
# psi0 = 0.822075 + I0.000000	0.548446 + I0.000000	0.152971 + I0.000000
# dh = 0.000100
# out = data/E3.4e0.0_tol1e-4.log
# model = sun
# scan_steps = 100.000000
# H0 = 
#	 0.000000e+00 0.000000e+00 0.000000e+00
#	 0.000000e+00 3.910876e+04 0.000000e+00
#	 0.000000e+00 0.000000e+00 1.279988e+06
# W = 
#	 6.758072e-01 4.508635e-01 1.257533e-01
#	 4.508635e-01 3.007928e-01 8.389608e-02
#	 1.257533e-01 8.389608e-02 2.340000e-02
# H0W = 
#	 0.000000e+00 -1.763271e+04 -1.609627e+05
#	 1.763271e+04 0.000000e+00 -1.041049e+05
#	 1.609627e+05 1.041049e+05 0.000000e+00
# H0H0W = 
#	 0.000000e+00 6.895936e+08 2.060304e+11
#	 6.895936e+08 0.000000e+00 1.291817e+11
#	 2.060304e+11 1.291817e+11 0.000000e+00
# WH0W = 
#	 5.638308e+04 1.998315e+04 -1.504710e+05
#	 1.998315e+04 1.568092e+03 -1.036676e+05
#	 -1.504710e+05 -1.036676e+05 -5.795117e+04
#################################################
##            CALCULATION COMPLETED            ##
#################################################
# Psi[0]^2 = 0.389646 + I0.000000
# Psi[1]^2 = 0.586103 + I0.000000
# Psi[2]^2 = 0.024251 + I0.000000
# phi0 = -2.882448 
# phi1 = -1.375505 
# phi2 = 1.597031 
# Psi = 
#	-1.599579e-01+i(-6.033738e-01)
#	-7.510208e-01+i(1.485615e-01)
#	1.556732e-01+i(-4.084929e-03)
#ProbSurv b 1-|Psi|^2 calls E tol dh dh(prev) dh(last)
0.440188830116	1	-1.33458e-11	46463	3.4	0.0001	0.0001	1.93709e-05	1.50479e-05
