# a = 0.100000
# b = 1.000000
# E = 107.517440
# tol = 0.000100
# s12 = 0.554977
# s13 = 0.152971
# psi0 = 0.822075 + I0.000000	0.548446 + I0.000000	0.152971 + I0.000000
# dh = 0.000100
# out = data/E3.4e1.5_tol1e-4.log
# model = sun
# scan_steps = 100.000000
# H0 = 
#	 0.000000e+00 0.000000e+00 0.000000e+00
#	 0.000000e+00 1.236728e+03 0.000000e+00
#	 0.000000e+00 0.000000e+00 4.047678e+04
# W = 
#	 6.758072e-01 4.508635e-01 1.257533e-01
#	 4.508635e-01 3.007928e-01 8.389608e-02
#	 1.257533e-01 8.389608e-02 2.340000e-02
# H0W = 
#	 0.000000e+00 -5.575954e+02 -5.090088e+03
#	 5.575954e+02 0.000000e+00 -3.292087e+03
#	 5.090088e+03 3.292087e+03 0.000000e+00
# H0H0W = 
#	 0.000000e+00 6.895936e+05 2.060304e+08
#	 6.895936e+05 0.000000e+00 1.291817e+08
#	 2.060304e+08 1.291817e+08 0.000000e+00
# WH0W = 
#	 1.782990e+03 6.319228e+02 -4.758312e+03
#	 6.319228e+02 4.958741e+01 -3.278256e+03
#	 -4.758312e+03 -3.278256e+03 -1.832577e+03
#################################################
##            CALCULATION COMPLETED            ##
#################################################
# Psi[0]^2 = 0.000677 + I0.000000
# Psi[1]^2 = 0.890493 + I0.000000
# Psi[2]^2 = 0.108830 + I0.000000
# phi0 = 0.307563 
# phi1 = -0.595272 
# phi2 = -0.546482 
# Psi = 
#	7.877561e-03+i(2.480010e-02)
#	-5.291421e-01+i(7.813463e-01)
#	-1.714404e-01+i(2.818471e-01)
#ProbSurv b 1-|Psi|^2 calls E tol dh dh(prev) dh(last)
0.270858170217	1	1.51923e-12	9001	107.517	0.0001	0.0001	0.0001	5e-05
