# a = 0.100000
# b = 1.000000
# E = 0.340000
# tol = 0.000100
# s12 = 0.554977
# s13 = 0.152971
# psi0 = 0.822075 + I0.000000	0.548446 + I0.000000	0.152971 + I0.000000
# dh = 0.000100
# out = data/E3.4e-1.0_tol1e-4.log
# model = sun
# scan_steps = 100.000000
# H0 = 
#	 0.000000e+00 0.000000e+00 0.000000e+00
#	 0.000000e+00 3.910876e+05 0.000000e+00
#	 0.000000e+00 0.000000e+00 1.279988e+07
# W = 
#	 6.758072e-01 4.508635e-01 1.257533e-01
#	 4.508635e-01 3.007928e-01 8.389608e-02
#	 1.257533e-01 8.389608e-02 2.340000e-02
# H0W = 
#	 0.000000e+00 -1.763271e+05 -1.609627e+06
#	 1.763271e+05 0.000000e+00 -1.041049e+06
#	 1.609627e+06 1.041049e+06 0.000000e+00
# H0H0W = 
#	 0.000000e+00 6.895936e+10 2.060304e+13
#	 6.895936e+10 0.000000e+00 1.291817e+13
#	 2.060304e+13 1.291817e+13 0.000000e+00
# WH0W = 
#	 5.638308e+05 1.998315e+05 -1.504710e+06
#	 1.998315e+05 1.568092e+04 -1.036676e+06
#	 -1.504710e+06 -1.036676e+06 -5.795117e+05
#################################################
##            CALCULATION COMPLETED            ##
#################################################
# Psi[0]^2 = 0.651079 + I0.000000
# Psi[1]^2 = 0.325438 + I0.000000
# Psi[2]^2 = 0.023483 + I0.000000
# phi0 = -1.798876 
# phi1 = -0.440574 
# phi2 = 2.966181 
# Psi = 
#	-7.859977e-01+i(-1.824449e-01)
#	-2.432826e-01+i(5.159960e-01)
#	2.674277e-02+i(-1.508904e-01)
#ProbSurv b 1-|Psi|^2 calls E tol dh dh(prev) dh(last)
0.538442608169	1	4.5611e-11	1990723	0.34	0.0001	0.0001	4.52097e-07	2.88656e-07
