# a = 0.100000
# b = 1.000000
# E = 34.000000
# tol = 0.000100
# s12 = 0.554977
# s13 = 0.152971
# psi0 = 0.822075 + I0.000000	0.548446 + I0.000000	0.152971 + I0.000000
# dh = 0.000100
# out = data/E3.4e1.0_tol1e-4.log
# model = sun
# scan_steps = 100.000000
# H0 = 
#	 0.000000e+00 0.000000e+00 0.000000e+00
#	 0.000000e+00 3.910876e+03 0.000000e+00
#	 0.000000e+00 0.000000e+00 1.279988e+05
# W = 
#	 6.758072e-01 4.508635e-01 1.257533e-01
#	 4.508635e-01 3.007928e-01 8.389608e-02
#	 1.257533e-01 8.389608e-02 2.340000e-02
# H0W = 
#	 0.000000e+00 -1.763271e+03 -1.609627e+04
#	 1.763271e+03 0.000000e+00 -1.041049e+04
#	 1.609627e+04 1.041049e+04 0.000000e+00
# H0H0W = 
#	 0.000000e+00 6.895936e+06 2.060304e+09
#	 6.895936e+06 0.000000e+00 1.291817e+09
#	 2.060304e+09 1.291817e+09 0.000000e+00
# WH0W = 
#	 5.638308e+03 1.998315e+03 -1.504710e+04
#	 1.998315e+03 1.568092e+02 -1.036676e+04
#	 -1.504710e+04 -1.036676e+04 -5.795117e+03
#################################################
##            CALCULATION COMPLETED            ##
#################################################
# Psi[0]^2 = 0.007111 + I0.000000
# Psi[1]^2 = 0.958448 + I0.000000
# Psi[2]^2 = 0.034442 + I0.000000
# phi0 = 2.071459 
# phi1 = -2.977878 
# phi2 = -2.090430 
# Psi = 
#	7.397481e-02+i(-4.047632e-02)
#	-1.595621e-01+i(-9.659129e-01)
#	-1.610877e-01+i(-9.215434e-02)
#ProbSurv b 1-|Psi|^2 calls E tol dh dh(prev) dh(last)
0.293905507218	1	-2.40874e-12	9001	34	0.0001	0.0001	0.0001	5e-05
