# a = 0.100000
# b = 1.000000
# E = 340.000000
# tol = 0.000100
# s12 = 0.554977
# s13 = 0.152971
# psi0 = 0.822075 + I0.000000	0.548446 + I0.000000	0.152971 + I0.000000
# dh = 0.000100
# out = data/E3.4e2.0_tol1e-4.log
# model = sun
# scan_steps = 100.000000
# H0 = 
#	 0.000000e+00 0.000000e+00 0.000000e+00
#	 0.000000e+00 3.910876e+02 0.000000e+00
#	 0.000000e+00 0.000000e+00 1.279988e+04
# W = 
#	 6.758072e-01 4.508635e-01 1.257533e-01
#	 4.508635e-01 3.007928e-01 8.389608e-02
#	 1.257533e-01 8.389608e-02 2.340000e-02
# H0W = 
#	 0.000000e+00 -1.763271e+02 -1.609627e+03
#	 1.763271e+02 0.000000e+00 -1.041049e+03
#	 1.609627e+03 1.041049e+03 0.000000e+00
# H0H0W = 
#	 0.000000e+00 6.895936e+04 2.060304e+07
#	 6.895936e+04 0.000000e+00 1.291817e+07
#	 2.060304e+07 1.291817e+07 0.000000e+00
# WH0W = 
#	 5.638308e+02 1.998315e+02 -1.504710e+03
#	 1.998315e+02 1.568092e+01 -1.036676e+03
#	 -1.504710e+03 -1.036676e+03 -5.795117e+02
#################################################
##            CALCULATION COMPLETED            ##
#################################################
# Psi[0]^2 = 0.000066 + I0.000000
# Psi[1]^2 = 0.028280 + I0.000000
# Psi[2]^2 = 0.971655 + I0.000000
# phi0 = -1.645470 
# phi1 = -2.879137 
# phi2 = 0.198073 
# Psi = 
#	-8.072983e-03+i(-6.039642e-04)
#	-4.363123e-02+i(-1.624075e-01)
#	1.939718e-01+i(9.664520e-01)
#ProbSurv b 1-|Psi|^2 calls E tol dh dh(prev) dh(last)
0.0312873885424	1	-4.13225e-13	9001	340	0.0001	0.0001	0.0001	5e-05
