# a = 0.100000
# b = 1.000000
# E = 3400000.000000
# tol = 0.000100
# s12 = 0.554977
# s13 = 0.152971
# psi0 = 0.822075 + I0.000000	0.548446 + I0.000000	0.152971 + I0.000000
# dh = 0.000100
# out = data/E3.4e6.0_tol1e-4.log
# model = sun
# scan_steps = 100.000000
# H0 = 
#	 0.000000e+00 0.000000e+00 0.000000e+00
#	 0.000000e+00 3.910876e-02 0.000000e+00
#	 0.000000e+00 0.000000e+00 1.279988e+00
# W = 
#	 6.758072e-01 4.508635e-01 1.257533e-01
#	 4.508635e-01 3.007928e-01 8.389608e-02
#	 1.257533e-01 8.389608e-02 2.340000e-02
# H0W = 
#	 0.000000e+00 -1.763271e-02 -1.609627e-01
#	 1.763271e-02 0.000000e+00 -1.041049e-01
#	 1.609627e-01 1.041049e-01 0.000000e+00
# H0H0W = 
#	 0.000000e+00 6.895936e-04 2.060304e-01
#	 6.895936e-04 0.000000e+00 1.291817e-01
#	 2.060304e-01 1.291817e-01 0.000000e+00
# WH0W = 
#	 5.638308e-02 1.998315e-02 -1.504710e-01
#	 1.998315e-02 1.568092e-03 -1.036676e-01
#	 -1.504710e-01 -1.036676e-01 -5.795117e-02
#################################################
##            CALCULATION COMPLETED            ##
#################################################
# Psi[0]^2 = 0.669001 + I0.000000
# Psi[1]^2 = 0.300394 + I0.000000
# Psi[2]^2 = 0.030605 + I0.000000
# phi0 = 2.230415 
# phi1 = 2.235766 
# phi2 = 2.409577 
# Psi = 
#	6.463456e-01+i(-5.012372e-01)
#	4.313053e-01+i(-3.381859e-01)
#	1.169258e-01+i(-1.301268e-01)
#ProbSurv b 1-|Psi|^2 calls E tol dh dh(prev) dh(last)
0.543188457405	1	-1.44773e-13	9001	3.4e+06	0.0001	0.0001	0.0001	5e-05
