# a = 0.100000
# b = 1.000000
# E = 34000.000000
# tol = 0.000100
# s12 = 0.554977
# s13 = 0.152971
# psi0 = 0.822075 + I0.000000	0.548446 + I0.000000	0.152971 + I0.000000
# dh = 0.000100
# out = data/E3.4e4.0_tol1e-4.log
# model = sun
# scan_steps = 100.000000
# H0 = 
#	 0.000000e+00 0.000000e+00 0.000000e+00
#	 0.000000e+00 3.910876e+00 0.000000e+00
#	 0.000000e+00 0.000000e+00 1.279988e+02
# W = 
#	 6.758072e-01 4.508635e-01 1.257533e-01
#	 4.508635e-01 3.007928e-01 8.389608e-02
#	 1.257533e-01 8.389608e-02 2.340000e-02
# H0W = 
#	 0.000000e+00 -1.763271e+00 -1.609627e+01
#	 1.763271e+00 0.000000e+00 -1.041049e+01
#	 1.609627e+01 1.041049e+01 0.000000e+00
# H0H0W = 
#	 0.000000e+00 6.895936e+00 2.060304e+03
#	 6.895936e+00 0.000000e+00 1.291817e+03
#	 2.060304e+03 1.291817e+03 0.000000e+00
# WH0W = 
#	 5.638308e+00 1.998315e+00 -1.504710e+01
#	 1.998315e+00 1.568092e-01 -1.036676e+01
#	 -1.504710e+01 -1.036676e+01 -5.795117e+00
#################################################
##            CALCULATION COMPLETED            ##
#################################################
# Psi[0]^2 = 0.082560 + I0.000000
# Psi[1]^2 = 0.087266 + I0.000000
# Psi[2]^2 = 0.830174 + I0.000000
# phi0 = -1.686506 
# phi1 = -1.122551 
# phi2 = 2.086558 
# Psi = 
#	-2.854115e-01+i(-3.317310e-02)
#	-2.662249e-01+i(1.280258e-01)
#	7.926152e-01+i(-4.493714e-01)
#ProbSurv b 1-|Psi|^2 calls E tol dh dh(prev) dh(last)
0.101469901672	1	-8.57092e-14	9001	34000	0.0001	0.0001	0.0001	5e-05
