# a = 0.100000
# b = 1.000000
# E = 1.075174
# tol = 0.000100
# s12 = 0.554977
# s13 = 0.152971
# psi0 = 0.822075 + I0.000000	0.548446 + I0.000000	0.152971 + I0.000000
# dh = 0.000100
# out = data/E3.4e-0.5_tol1e-4.log
# model = sun
# scan_steps = 100.000000
# H0 = 
#	 0.000000e+00 0.000000e+00 0.000000e+00
#	 0.000000e+00 1.236728e+05 0.000000e+00
#	 0.000000e+00 0.000000e+00 4.047678e+06
# W = 
#	 6.758072e-01 4.508635e-01 1.257533e-01
#	 4.508635e-01 3.007928e-01 8.389608e-02
#	 1.257533e-01 8.389608e-02 2.340000e-02
# H0W = 
#	 0.000000e+00 -5.575954e+04 -5.090088e+05
#	 5.575954e+04 0.000000e+00 -3.292087e+05
#	 5.090088e+05 3.292087e+05 0.000000e+00
# H0H0W = 
#	 0.000000e+00 6.895936e+09 2.060304e+12
#	 6.895936e+09 0.000000e+00 1.291817e+12
#	 2.060304e+12 1.291817e+12 0.000000e+00
# WH0W = 
#	 1.782990e+05 6.319228e+04 -4.758312e+05
#	 6.319228e+04 4.958741e+03 -3.278256e+05
#	 -4.758312e+05 -3.278256e+05 -1.832577e+05
#################################################
##            CALCULATION COMPLETED            ##
#################################################
# Psi[0]^2 = 0.592739 + I0.000000
# Psi[1]^2 = 0.383596 + I0.000000
# Psi[2]^2 = 0.023664 + I0.000000
# phi0 = -0.279444 
# phi1 = 1.993940 
# phi2 = -2.579655 
# Psi = 
#	-2.123533e-01+i(7.400307e-01)
#	5.647263e-01+i(-2.543239e-01)
#	-8.196574e-02+i(-1.301764e-01)
#ProbSurv b 1-|Psi|^2 calls E tol dh dh(prev) dh(last)
0.516514285086	1	4.52335e-11	413544	1.07517	0.0001	0.0001	2.17632e-06	1.99447e-06
