# a = 0.100000
# b = 1.000000
# E = 3400.000000
# tol = 0.000100
# s12 = 0.554977
# s13 = 0.152971
# psi0 = 0.822075 + I0.000000	0.548446 + I0.000000	0.152971 + I0.000000
# dh = 0.000100
# out = data/E3.4e3.0_tol1e-4.log
# model = sun
# scan_steps = 100.000000
# H0 = 
#	 0.000000e+00 0.000000e+00 0.000000e+00
#	 0.000000e+00 3.910876e+01 0.000000e+00
#	 0.000000e+00 0.000000e+00 1.279988e+03
# W = 
#	 6.758072e-01 4.508635e-01 1.257533e-01
#	 4.508635e-01 3.007928e-01 8.389608e-02
#	 1.257533e-01 8.389608e-02 2.340000e-02
# H0W = 
#	 0.000000e+00 -1.763271e+01 -1.609627e+02
#	 1.763271e+01 0.000000e+00 -1.041049e+02
#	 1.609627e+02 1.041049e+02 0.000000e+00
# H0H0W = 
#	 0.000000e+00 6.895936e+02 2.060304e+05
#	 6.895936e+02 0.000000e+00 1.291817e+05
#	 2.060304e+05 1.291817e+05 0.000000e+00
# WH0W = 
#	 5.638308e+01 1.998315e+01 -1.504710e+02
#	 1.998315e+01 1.568092e+00 -1.036676e+02
#	 -1.504710e+02 -1.036676e+02 -5.795117e+01
#################################################
##            CALCULATION COMPLETED            ##
#################################################
# Psi[0]^2 = 0.000000 + I0.000000
# Psi[1]^2 = 0.000079 + I0.000000
# Psi[2]^2 = 0.999921 + I0.000000
# phi0 = 0.116312 
# phi1 = 1.750615 
# phi2 = -3.087390 
# Psi = 
#	5.544270e-05+i(4.745217e-04)
#	8.733296e-03+i(-1.587557e-03)
#	-5.417373e-02+i(-9.984920e-01)
#ProbSurv b 1-|Psi|^2 calls E tol dh dh(prev) dh(last)
0.0234220049064	1	-3.70814e-14	9001	3400	0.0001	0.0001	0.0001	5e-05
