# a = 0.100000
# b = 1.000000
# E = 110679.718106
# tol = 0.000100
# s12 = 0.554977
# s13 = 0.152971
# psi0 = 0.822075 + I0.000000	0.548446 + I0.000000	0.152971 + I0.000000
# dh = 0.000100
# out = data/E3.5e4.5_tol1e-4.log
# model = sun
# scan_steps = 100.000000
# H0 = 
#	 0.000000e+00 0.000000e+00 0.000000e+00
#	 0.000000e+00 1.201393e+00 0.000000e+00
#	 0.000000e+00 0.000000e+00 3.932030e+01
# W = 
#	 6.758072e-01 4.508635e-01 1.257533e-01
#	 4.508635e-01 3.007928e-01 8.389608e-02
#	 1.257533e-01 8.389608e-02 2.340000e-02
# H0W = 
#	 0.000000e+00 -5.416641e-01 -4.944657e+00
#	 5.416641e-01 0.000000e+00 -3.198027e+00
#	 4.944657e+00 3.198027e+00 0.000000e+00
# H0H0W = 
#	 0.000000e+00 6.507512e-01 1.944254e+02
#	 6.507512e-01 0.000000e+00 1.219053e+02
#	 1.944254e+02 1.219053e+02 0.000000e+00
# WH0W = 
#	 1.732047e+00 6.138679e-01 -4.622360e+00
#	 6.138679e-01 4.817063e-02 -3.184591e+00
#	 -4.622360e+00 -3.184591e+00 -1.780218e+00
#################################################
##            CALCULATION COMPLETED            ##
#################################################
# Psi[0]^2 = 0.364118 + I0.000000
# Psi[1]^2 = 0.212572 + I0.000000
# Psi[2]^2 = 0.423310 + I0.000000
# phi0 = 3.041846 
# phi1 = -3.072920 
# phi2 = -0.608424 
# Psi = 
#	6.008937e-02+i(-6.004229e-01)
#	-3.163684e-02+i(-4.599686e-01)
#	-3.718794e-01+i(5.338682e-01)
#ProbSurv b 1-|Psi|^2 calls E tol dh dh(prev) dh(last)
0.319919419246	1	-9.08162e-14	9001	110680	0.0001	0.0001	0.0001	5e-05
