# a = 0.100000
# b = 1.000000
# E = 3.500000
# tol = 0.000100
# s12 = 0.554977
# s13 = 0.152971
# psi0 = 0.822075 + I0.000000	0.548446 + I0.000000	0.152971 + I0.000000
# dh = 0.000100
# out = data/E3.5e0.0_tol1e-4.log
# model = sun
# scan_steps = 100.000000
# H0 = 
#	 0.000000e+00 0.000000e+00 0.000000e+00
#	 0.000000e+00 3.799137e+04 0.000000e+00
#	 0.000000e+00 0.000000e+00 1.243417e+06
# W = 
#	 6.758072e-01 4.508635e-01 1.257533e-01
#	 4.508635e-01 3.007928e-01 8.389608e-02
#	 1.257533e-01 8.389608e-02 2.340000e-02
# H0W = 
#	 0.000000e+00 -1.712892e+04 -1.563638e+05
#	 1.712892e+04 0.000000e+00 -1.011305e+05
#	 1.563638e+05 1.011305e+05 0.000000e+00
# H0H0W = 
#	 0.000000e+00 6.507512e+08 1.944254e+11
#	 6.507512e+08 0.000000e+00 1.219053e+11
#	 1.944254e+11 1.219053e+11 0.000000e+00
# WH0W = 
#	 5.477213e+04 1.941221e+04 -1.461719e+05
#	 1.941221e+04 1.523289e+03 -1.007056e+05
#	 -1.461719e+05 -1.007056e+05 -5.629542e+04
#################################################
##            CALCULATION COMPLETED            ##
#################################################
# Psi[0]^2 = 0.381293 + I0.000000
# Psi[1]^2 = 0.594465 + I0.000000
# Psi[2]^2 = 0.024241 + I0.000000
# phi0 = -1.211804 
# phi1 = 2.879175 
# phi2 = -1.047748 
# Psi = 
#	-5.781255e-01+i(2.169433e-01)
#	2.000143e-01+i(-7.446203e-01)
#	-1.348802e-01+i(7.777415e-02)
#ProbSurv b 1-|Psi|^2 calls E tol dh dh(prev) dh(last)
0.437058913071	1	-2.06279e-11	42870	3.5	0.0001	0.0001	2.09946e-05	1.20721e-05
