# a = 0.100000
# b = 1.000000
# E = 35000.000000
# tol = 0.000100
# s12 = 0.554977
# s13 = 0.152971
# psi0 = 0.822075 + I0.000000	0.548446 + I0.000000	0.152971 + I0.000000
# dh = 0.000100
# out = data/E3.5e4.0_tol1e-4.log
# model = sun
# scan_steps = 100.000000
# H0 = 
#	 0.000000e+00 0.000000e+00 0.000000e+00
#	 0.000000e+00 3.799137e+00 0.000000e+00
#	 0.000000e+00 0.000000e+00 1.243417e+02
# W = 
#	 6.758072e-01 4.508635e-01 1.257533e-01
#	 4.508635e-01 3.007928e-01 8.389608e-02
#	 1.257533e-01 8.389608e-02 2.340000e-02
# H0W = 
#	 0.000000e+00 -1.712892e+00 -1.563638e+01
#	 1.712892e+00 0.000000e+00 -1.011305e+01
#	 1.563638e+01 1.011305e+01 0.000000e+00
# H0H0W = 
#	 0.000000e+00 6.507512e+00 1.944254e+03
#	 6.507512e+00 0.000000e+00 1.219053e+03
#	 1.944254e+03 1.219053e+03 0.000000e+00
# WH0W = 
#	 5.477213e+00 1.941221e+00 -1.461719e+01
#	 1.941221e+00 1.523289e-01 -1.007056e+01
#	 -1.461719e+01 -1.007056e+01 -5.629542e+00
#################################################
##            CALCULATION COMPLETED            ##
#################################################
# Psi[0]^2 = 0.087881 + I0.000000
# Psi[1]^2 = 0.090985 + I0.000000
# Psi[2]^2 = 0.821134 + I0.000000
# phi0 = -1.741995 
# phi1 = -1.198370 
# phi2 = 0.523098 
# Psi = 
#	-2.921141e-01+i(-5.050403e-02)
#	-2.809590e-01+i(1.097586e-01)
#	4.526890e-01+i(7.849882e-01)
#ProbSurv b 1-|Psi|^2 calls E tol dh dh(prev) dh(last)
0.105972973656	1	-9.12603e-14	9001	35000	0.0001	0.0001	0.0001	5e-05
