# a = 0.100000
# b = 1.000000
# E = 0.350000
# tol = 0.000100
# s12 = 0.554977
# s13 = 0.152971
# psi0 = 0.822075 + I0.000000	0.548446 + I0.000000	0.152971 + I0.000000
# dh = 0.000100
# out = data/E3.5e-1.0_tol1e-4.log
# model = sun
# scan_steps = 100.000000
# H0 = 
#	 0.000000e+00 0.000000e+00 0.000000e+00
#	 0.000000e+00 3.799137e+05 0.000000e+00
#	 0.000000e+00 0.000000e+00 1.243417e+07
# W = 
#	 6.758072e-01 4.508635e-01 1.257533e-01
#	 4.508635e-01 3.007928e-01 8.389608e-02
#	 1.257533e-01 8.389608e-02 2.340000e-02
# H0W = 
#	 0.000000e+00 -1.712892e+05 -1.563638e+06
#	 1.712892e+05 0.000000e+00 -1.011305e+06
#	 1.563638e+06 1.011305e+06 0.000000e+00
# H0H0W = 
#	 0.000000e+00 6.507512e+10 1.944254e+13
#	 6.507512e+10 0.000000e+00 1.219053e+13
#	 1.944254e+13 1.219053e+13 0.000000e+00
# WH0W = 
#	 5.477213e+05 1.941221e+05 -1.461719e+06
#	 1.941221e+05 1.523289e+04 -1.007056e+06
#	 -1.461719e+06 -1.007056e+06 -5.629542e+05
#################################################
##            CALCULATION COMPLETED            ##
#################################################
# Psi[0]^2 = 0.650328 + I0.000000
# Psi[1]^2 = 0.326186 + I0.000000
# Psi[2]^2 = 0.023486 + I0.000000
# phi0 = -2.194275 
# phi1 = 2.794727 
# phi2 = 1.514402 
# Psi = 
#	-6.547017e-01+i(-4.708441e-01)
#	1.941558e-01+i(-5.371122e-01)
#	1.530063e-01+i(8.637914e-03)
#ProbSurv b 1-|Psi|^2 calls E tol dh dh(prev) dh(last)
0.538160598865	1	3.13984e-11	1929691	0.35	0.0001	0.0001	4.66396e-07	4.50307e-07
