# a = 0.100000
# b = 1.000000
# E = 350.000000
# tol = 0.000100
# s12 = 0.554977
# s13 = 0.152971
# psi0 = 0.822075 + I0.000000	0.548446 + I0.000000	0.152971 + I0.000000
# dh = 0.000100
# out = data/E3.5e2.0_tol1e-4.log
# model = sun
# scan_steps = 100.000000
# H0 = 
#	 0.000000e+00 0.000000e+00 0.000000e+00
#	 0.000000e+00 3.799137e+02 0.000000e+00
#	 0.000000e+00 0.000000e+00 1.243417e+04
# W = 
#	 6.758072e-01 4.508635e-01 1.257533e-01
#	 4.508635e-01 3.007928e-01 8.389608e-02
#	 1.257533e-01 8.389608e-02 2.340000e-02
# H0W = 
#	 0.000000e+00 -1.712892e+02 -1.563638e+03
#	 1.712892e+02 0.000000e+00 -1.011305e+03
#	 1.563638e+03 1.011305e+03 0.000000e+00
# H0H0W = 
#	 0.000000e+00 6.507512e+04 1.944254e+07
#	 6.507512e+04 0.000000e+00 1.219053e+07
#	 1.944254e+07 1.219053e+07 0.000000e+00
# WH0W = 
#	 5.477213e+02 1.941221e+02 -1.461719e+03
#	 1.941221e+02 1.523289e+01 -1.007056e+03
#	 -1.461719e+03 -1.007056e+03 -5.629542e+02
#################################################
##            CALCULATION COMPLETED            ##
#################################################
# Psi[0]^2 = 0.000066 + I0.000000
# Psi[1]^2 = 0.025312 + I0.000000
# Psi[2]^2 = 0.974623 + I0.000000
# phi0 = 2.077027 
# phi1 = 2.188521 
# phi2 = -2.169344 
# Psi = 
#	7.078230e-03+i(-3.924316e-03)
#	1.296954e-01+i(-9.214589e-02)
#	-8.156048e-01+i(-5.562478e-01)
#ProbSurv b 1-|Psi|^2 calls E tol dh dh(prev) dh(last)
0.0304640372172	1	-4.16778e-13	9001	350	0.0001	0.0001	0.0001	5e-05
