# a = 0.100000
# b = 1.000000
# E = 3500000.000000
# tol = 0.000100
# s12 = 0.554977
# s13 = 0.152971
# psi0 = 0.822075 + I0.000000	0.548446 + I0.000000	0.152971 + I0.000000
# dh = 0.000100
# out = data/E3.5e6.0_tol1e-4.log
# model = sun
# scan_steps = 100.000000
# H0 = 
#	 0.000000e+00 0.000000e+00 0.000000e+00
#	 0.000000e+00 3.799137e-02 0.000000e+00
#	 0.000000e+00 0.000000e+00 1.243417e+00
# W = 
#	 6.758072e-01 4.508635e-01 1.257533e-01
#	 4.508635e-01 3.007928e-01 8.389608e-02
#	 1.257533e-01 8.389608e-02 2.340000e-02
# H0W = 
#	 0.000000e+00 -1.712892e-02 -1.563638e-01
#	 1.712892e-02 0.000000e+00 -1.011305e-01
#	 1.563638e-01 1.011305e-01 0.000000e+00
# H0H0W = 
#	 0.000000e+00 6.507512e-04 1.944254e-01
#	 6.507512e-04 0.000000e+00 1.219053e-01
#	 1.944254e-01 1.219053e-01 0.000000e+00
# WH0W = 
#	 5.477213e-02 1.941221e-02 -1.461719e-01
#	 1.941221e-02 1.523289e-03 -1.007056e-01
#	 -1.461719e-01 -1.007056e-01 -5.629542e-02
#################################################
##            CALCULATION COMPLETED            ##
#################################################
# Psi[0]^2 = 0.669209 + I0.000000
# Psi[1]^2 = 0.300412 + I0.000000
# Psi[2]^2 = 0.030379 + I0.000000
# phi0 = 2.229498 
# phi1 = 2.234696 
# phi2 = 2.403435 
# Psi = 
#	6.469056e-01+i(-5.007220e-01)
#	4.316797e-01+i(-3.377342e-01)
#	1.172879e-01+i(-1.289278e-01)
#ProbSurv b 1-|Psi|^2 calls E tol dh dh(prev) dh(last)
0.543329103335	1	-7.83817e-14	9001	3.5e+06	0.0001	0.0001	0.0001	5e-05
