# a = 0.100000
# b = 1.000000
# E = 350000.000000
# tol = 0.000100
# s12 = 0.554977
# s13 = 0.152971
# psi0 = 0.822075 + I0.000000	0.548446 + I0.000000	0.152971 + I0.000000
# dh = 0.000100
# out = data/E3.5e5.0_tol1e-4.log
# model = sun
# scan_steps = 100.000000
# H0 = 
#	 0.000000e+00 0.000000e+00 0.000000e+00
#	 0.000000e+00 3.799137e-01 0.000000e+00
#	 0.000000e+00 0.000000e+00 1.243417e+01
# W = 
#	 6.758072e-01 4.508635e-01 1.257533e-01
#	 4.508635e-01 3.007928e-01 8.389608e-02
#	 1.257533e-01 8.389608e-02 2.340000e-02
# H0W = 
#	 0.000000e+00 -1.712892e-01 -1.563638e+00
#	 1.712892e-01 0.000000e+00 -1.011305e+00
#	 1.563638e+00 1.011305e+00 0.000000e+00
# H0H0W = 
#	 0.000000e+00 6.507512e-02 1.944254e+01
#	 6.507512e-02 0.000000e+00 1.219053e+01
#	 1.944254e+01 1.219053e+01 0.000000e+00
# WH0W = 
#	 5.477213e-01 1.941221e-01 -1.461719e+00
#	 1.941221e-01 1.523289e-02 -1.007056e+00
#	 -1.461719e+00 -1.007056e+00 -5.629542e-01
#################################################
##            CALCULATION COMPLETED            ##
#################################################
# Psi[0]^2 = 0.569401 + I0.000000
# Psi[1]^2 = 0.276464 + I0.000000
# Psi[2]^2 = 0.154135 + I0.000000
# phi0 = 2.503117 
# phi1 = 2.555568 
# phi2 = -1.727778 
# Psi = 
#	4.497122e-01+i(-6.059371e-01)
#	2.907946e-01+i(-4.380666e-01)
#	-3.877732e-01+i(-6.137849e-02)
#ProbSurv b 1-|Psi|^2 calls E tol dh dh(prev) dh(last)
0.471570263028	1	-1.19016e-13	9001	350000	0.0001	0.0001	0.0001	5e-05
