# a = 0.100000
# b = 1.000000
# E = 1.106797
# tol = 0.000100
# s12 = 0.554977
# s13 = 0.152971
# psi0 = 0.822075 + I0.000000	0.548446 + I0.000000	0.152971 + I0.000000
# dh = 0.000100
# out = data/E3.5e-0.5_tol1e-4.log
# model = sun
# scan_steps = 100.000000
# H0 = 
#	 0.000000e+00 0.000000e+00 0.000000e+00
#	 0.000000e+00 1.201393e+05 0.000000e+00
#	 0.000000e+00 0.000000e+00 3.932030e+06
# W = 
#	 6.758072e-01 4.508635e-01 1.257533e-01
#	 4.508635e-01 3.007928e-01 8.389608e-02
#	 1.257533e-01 8.389608e-02 2.340000e-02
# H0W = 
#	 0.000000e+00 -5.416641e+04 -4.944657e+05
#	 5.416641e+04 0.000000e+00 -3.198027e+05
#	 4.944657e+05 3.198027e+05 0.000000e+00
# H0H0W = 
#	 0.000000e+00 6.507512e+09 1.944254e+12
#	 6.507512e+09 0.000000e+00 1.219053e+12
#	 1.944254e+12 1.219053e+12 0.000000e+00
# WH0W = 
#	 1.732047e+05 6.138679e+04 -4.622360e+05
#	 6.138679e+04 4.817063e+03 -3.184591e+05
#	 -4.622360e+05 -3.184591e+05 -1.780218e+05
#################################################
##            CALCULATION COMPLETED            ##
#################################################
# Psi[0]^2 = 0.590100 + I0.000000
# Psi[1]^2 = 0.386228 + I0.000000
# Psi[2]^2 = 0.023672 + I0.000000
# phi0 = -1.601619 
# phi1 = 2.446947 
# phi2 = 1.518584 
# Psi = 
#	-7.678147e-01+i(-2.367384e-02)
#	3.978129e-01+i(-4.774650e-01)
#	1.536478e-01+i(8.029664e-03)
#ProbSurv b 1-|Psi|^2 calls E tol dh dh(prev) dh(last)
 0.51552230077	1	4.99818e-11	374340	1.1068	0.0001	0.0001	2.40424e-06	1.66382e-06
