# a = 0.100000
# b = 1.000000
# E = 1106797.181059
# tol = 0.000100
# s12 = 0.554977
# s13 = 0.152971
# psi0 = 0.822075 + I0.000000	0.548446 + I0.000000	0.152971 + I0.000000
# dh = 0.000100
# out = data/E3.5e5.5_tol1e-4.log
# model = sun
# scan_steps = 100.000000
# H0 = 
#	 0.000000e+00 0.000000e+00 0.000000e+00
#	 0.000000e+00 1.201393e-01 0.000000e+00
#	 0.000000e+00 0.000000e+00 3.932030e+00
# W = 
#	 6.758072e-01 4.508635e-01 1.257533e-01
#	 4.508635e-01 3.007928e-01 8.389608e-02
#	 1.257533e-01 8.389608e-02 2.340000e-02
# H0W = 
#	 0.000000e+00 -5.416641e-02 -4.944657e-01
#	 5.416641e-02 0.000000e+00 -3.198027e-01
#	 4.944657e-01 3.198027e-01 0.000000e+00
# H0H0W = 
#	 0.000000e+00 6.507512e-03 1.944254e+00
#	 6.507512e-03 0.000000e+00 1.219053e+00
#	 1.944254e+00 1.219053e+00 0.000000e+00
# WH0W = 
#	 1.732047e-01 6.138679e-02 -4.622360e-01
#	 6.138679e-02 4.817063e-03 -3.184591e-01
#	 -4.622360e-01 -3.184591e-01 -1.780218e-01
#################################################
##            CALCULATION COMPLETED            ##
#################################################
# Psi[0]^2 = 0.651646 + I0.000000
# Psi[1]^2 = 0.298013 + I0.000000
# Psi[2]^2 = 0.050341 + I0.000000
# phi0 = 2.297250 
# phi1 = 2.313674 
# phi2 = 2.871509 
# Psi = 
#	6.034442e-01+i(-5.361915e-01)
#	4.020735e-01+i(-3.692560e-01)
#	5.986380e-02+i(-2.162337e-01)
#ProbSurv b 1-|Psi|^2 calls E tol dh dh(prev) dh(last)
0.531205385617	1	-1.15685e-13	9001	1.1068e+06	0.0001	0.0001	0.0001	5e-05
