# a = 0.100000
# b = 1.000000
# E = 1106.797181
# tol = 0.000100
# s12 = 0.554977
# s13 = 0.152971
# psi0 = 0.822075 + I0.000000	0.548446 + I0.000000	0.152971 + I0.000000
# dh = 0.000100
# out = data/E3.5e2.5_tol1e-4.log
# model = sun
# scan_steps = 100.000000
# H0 = 
#	 0.000000e+00 0.000000e+00 0.000000e+00
#	 0.000000e+00 1.201393e+02 0.000000e+00
#	 0.000000e+00 0.000000e+00 3.932030e+03
# W = 
#	 6.758072e-01 4.508635e-01 1.257533e-01
#	 4.508635e-01 3.007928e-01 8.389608e-02
#	 1.257533e-01 8.389608e-02 2.340000e-02
# H0W = 
#	 0.000000e+00 -5.416641e+01 -4.944657e+02
#	 5.416641e+01 0.000000e+00 -3.198027e+02
#	 4.944657e+02 3.198027e+02 0.000000e+00
# H0H0W = 
#	 0.000000e+00 6.507512e+03 1.944254e+06
#	 6.507512e+03 0.000000e+00 1.219053e+06
#	 1.944254e+06 1.219053e+06 0.000000e+00
# WH0W = 
#	 1.732047e+02 6.138679e+01 -4.622360e+02
#	 6.138679e+01 4.817063e+00 -3.184591e+02
#	 -4.622360e+02 -3.184591e+02 -1.780218e+02
#################################################
##            CALCULATION COMPLETED            ##
#################################################
# Psi[0]^2 = 0.000005 + I0.000000
# Psi[1]^2 = 0.000929 + I0.000000
# Psi[2]^2 = 0.999065 + I0.000000
# phi0 = 2.513599 
# phi1 = -1.447530 
# phi2 = 0.740725 
# Psi = 
#	1.357455e-03+i(-1.869652e-03)
#	-3.025283e-02+i(3.748148e-03)
#	6.745078e-01+i(7.376345e-01)
#ProbSurv b 1-|Psi|^2 calls E tol dh dh(prev) dh(last)
0.023661258979	1	-4.55191e-14	9001	1106.8	0.0001	0.0001	0.0001	5e-05
