# a = 0.100000
# b = 1.000000
# E = 110.679718
# tol = 0.000100
# s12 = 0.554977
# s13 = 0.152971
# psi0 = 0.822075 + I0.000000	0.548446 + I0.000000	0.152971 + I0.000000
# dh = 0.000100
# out = data/E3.5e1.5_tol1e-4.log
# model = sun
# scan_steps = 100.000000
# H0 = 
#	 0.000000e+00 0.000000e+00 0.000000e+00
#	 0.000000e+00 1.201393e+03 0.000000e+00
#	 0.000000e+00 0.000000e+00 3.932030e+04
# W = 
#	 6.758072e-01 4.508635e-01 1.257533e-01
#	 4.508635e-01 3.007928e-01 8.389608e-02
#	 1.257533e-01 8.389608e-02 2.340000e-02
# H0W = 
#	 0.000000e+00 -5.416641e+02 -4.944657e+03
#	 5.416641e+02 0.000000e+00 -3.198027e+03
#	 4.944657e+03 3.198027e+03 0.000000e+00
# H0H0W = 
#	 0.000000e+00 6.507512e+05 1.944254e+08
#	 6.507512e+05 0.000000e+00 1.219053e+08
#	 1.944254e+08 1.219053e+08 0.000000e+00
# WH0W = 
#	 1.732047e+03 6.138679e+02 -4.622360e+03
#	 6.138679e+02 4.817063e+01 -3.184591e+03
#	 -4.622360e+03 -3.184591e+03 -1.780218e+03
#################################################
##            CALCULATION COMPLETED            ##
#################################################
# Psi[0]^2 = 0.000596 + I0.000000
# Psi[1]^2 = 0.883551 + I0.000000
# Psi[2]^2 = 0.115853 + I0.000000
# phi0 = 1.004665 
# phi1 = -2.779232 
# phi2 = 2.765668 
# Psi = 
#	2.060703e-02+i(1.309626e-02)
#	-3.332046e-01+i(-8.789342e-01)
#	1.249620e-01+i(-3.166035e-01)
#ProbSurv b 1-|Psi|^2 calls E tol dh dh(prev) dh(last)
  0.2688795058	1	1.62337e-12	9001	110.68	0.0001	0.0001	0.0001	5e-05
