# a = 0.100000
# b = 1.000000
# E = 113.841996
# tol = 0.000100
# s12 = 0.554977
# s13 = 0.152971
# psi0 = 0.822075 + I0.000000	0.548446 + I0.000000	0.152971 + I0.000000
# dh = 0.000100
# out = data/E3.6e1.5_tol1e-4.log
# model = sun
# scan_steps = 100.000000
# H0 = 
#	 0.000000e+00 0.000000e+00 0.000000e+00
#	 0.000000e+00 1.168021e+03 0.000000e+00
#	 0.000000e+00 0.000000e+00 3.822807e+04
# W = 
#	 6.758072e-01 4.508635e-01 1.257533e-01
#	 4.508635e-01 3.007928e-01 8.389608e-02
#	 1.257533e-01 8.389608e-02 2.340000e-02
# H0W = 
#	 0.000000e+00 -5.266179e+02 -4.807306e+03
#	 5.266179e+02 0.000000e+00 -3.109193e+03
#	 4.807306e+03 3.109193e+03 0.000000e+00
# H0H0W = 
#	 0.000000e+00 6.151005e+05 1.837740e+08
#	 6.151005e+05 0.000000e+00 1.152268e+08
#	 1.837740e+08 1.152268e+08 0.000000e+00
# WH0W = 
#	 1.683935e+03 5.968160e+02 -4.493961e+03
#	 5.968160e+02 4.683256e+01 -3.096131e+03
#	 -4.493961e+03 -3.096131e+03 -1.730767e+03
#################################################
##            CALCULATION COMPLETED            ##
#################################################
# Psi[0]^2 = 0.000606 + I0.000000
# Psi[1]^2 = 0.875913 + I0.000000
# Psi[2]^2 = 0.123481 + I0.000000
# phi0 = 1.924431 
# phi1 = 2.789318 
# phi2 = 1.115638 
# Psi = 
#	2.309179e-02+i(-8.524416e-03)
#	3.229176e-01+i(-8.784291e-01)
#	3.156228e-01+i(1.544764e-01)
#ProbSurv b 1-|Psi|^2 calls E tol dh dh(prev) dh(last)
0.266767357564	1	1.74649e-12	9001	113.842	0.0001	0.0001	0.0001	5e-05
