# a = 0.100000
# b = 1.000000
# E = 11384.199577
# tol = 0.000100
# s12 = 0.554977
# s13 = 0.152971
# psi0 = 0.822075 + I0.000000	0.548446 + I0.000000	0.152971 + I0.000000
# dh = 0.000100
# out = data/E3.6e3.5_tol1e-4.log
# model = sun
# scan_steps = 100.000000
# H0 = 
#	 0.000000e+00 0.000000e+00 0.000000e+00
#	 0.000000e+00 1.168021e+01 0.000000e+00
#	 0.000000e+00 0.000000e+00 3.822807e+02
# W = 
#	 6.758072e-01 4.508635e-01 1.257533e-01
#	 4.508635e-01 3.007928e-01 8.389608e-02
#	 1.257533e-01 8.389608e-02 2.340000e-02
# H0W = 
#	 0.000000e+00 -5.266179e+00 -4.807306e+01
#	 5.266179e+00 0.000000e+00 -3.109193e+01
#	 4.807306e+01 3.109193e+01 0.000000e+00
# H0H0W = 
#	 0.000000e+00 6.151005e+01 1.837740e+04
#	 6.151005e+01 0.000000e+00 1.152268e+04
#	 1.837740e+04 1.152268e+04 0.000000e+00
# WH0W = 
#	 1.683935e+01 5.968160e+00 -4.493961e+01
#	 5.968160e+00 4.683256e-01 -3.096131e+01
#	 -4.493961e+01 -3.096131e+01 -1.730767e+01
#################################################
##            CALCULATION COMPLETED            ##
#################################################
# Psi[0]^2 = 0.000649 + I0.000000
# Psi[1]^2 = 0.004243 + I0.000000
# Psi[2]^2 = 0.995108 + I0.000000
# phi0 = 2.148601 
# phi1 = -2.222871 
# phi2 = 0.861163 
# Psi = 
#	2.134123e-02+i(-1.391525e-02)
#	-5.177259e-02+i(-3.952754e-02)
#	7.567432e-01+i(6.499598e-01)
#ProbSurv b 1-|Psi|^2 calls E tol dh dh(prev) dh(last)
0.0250003957749	1	-1.31894e-13	9001	11384.2	0.0001	0.0001	0.0001	5e-05
