# a = 0.100000
# b = 1.000000
# E = 1.138420
# tol = 0.000100
# s12 = 0.554977
# s13 = 0.152971
# psi0 = 0.822075 + I0.000000	0.548446 + I0.000000	0.152971 + I0.000000
# dh = 0.000100
# out = data/E3.6e-0.5_tol1e-4.log
# model = sun
# scan_steps = 100.000000
# H0 = 
#	 0.000000e+00 0.000000e+00 0.000000e+00
#	 0.000000e+00 1.168021e+05 0.000000e+00
#	 0.000000e+00 0.000000e+00 3.822807e+06
# W = 
#	 6.758072e-01 4.508635e-01 1.257533e-01
#	 4.508635e-01 3.007928e-01 8.389608e-02
#	 1.257533e-01 8.389608e-02 2.340000e-02
# H0W = 
#	 0.000000e+00 -5.266179e+04 -4.807306e+05
#	 5.266179e+04 0.000000e+00 -3.109193e+05
#	 4.807306e+05 3.109193e+05 0.000000e+00
# H0H0W = 
#	 0.000000e+00 6.151005e+09 1.837740e+12
#	 6.151005e+09 0.000000e+00 1.152268e+12
#	 1.837740e+12 1.152268e+12 0.000000e+00
# WH0W = 
#	 1.683935e+05 5.968160e+04 -4.493961e+05
#	 5.968160e+04 4.683256e+03 -3.096131e+05
#	 -4.493961e+05 -3.096131e+05 -1.730767e+05
#################################################
##            CALCULATION COMPLETED            ##
#################################################
# Psi[0]^2 = 0.587461 + I0.000000
# Psi[1]^2 = 0.388859 + I0.000000
# Psi[2]^2 = 0.023680 + I0.000000
# phi0 = -2.926620 
# phi1 = -2.634190 
# phi2 = 1.200616 
# Psi = 
#	-1.635017e-01+i(-7.488180e-01)
#	-3.030057e-01+i(-5.450196e-01)
#	1.434592e-01+i(5.567230e-02)
#ProbSurv b 1-|Psi|^2 calls E tol dh dh(prev) dh(last)
0.514530567285	1	4.64008e-11	332778	1.13842	0.0001	0.0001	2.70452e-06	1.88337e-06
