# a = 0.100000
# b = 1.000000
# E = 36.000000
# tol = 0.000100
# s12 = 0.554977
# s13 = 0.152971
# psi0 = 0.822075 + I0.000000	0.548446 + I0.000000	0.152971 + I0.000000
# dh = 0.000100
# out = data/E3.6e1.0_tol1e-4.log
# model = sun
# scan_steps = 100.000000
# H0 = 
#	 0.000000e+00 0.000000e+00 0.000000e+00
#	 0.000000e+00 3.693605e+03 0.000000e+00
#	 0.000000e+00 0.000000e+00 1.208878e+05
# W = 
#	 6.758072e-01 4.508635e-01 1.257533e-01
#	 4.508635e-01 3.007928e-01 8.389608e-02
#	 1.257533e-01 8.389608e-02 2.340000e-02
# H0W = 
#	 0.000000e+00 -1.665312e+03 -1.520204e+04
#	 1.665312e+03 0.000000e+00 -9.832131e+03
#	 1.520204e+04 9.832131e+03 0.000000e+00
# H0H0W = 
#	 0.000000e+00 6.151005e+06 1.837740e+09
#	 6.151005e+06 0.000000e+00 1.152268e+09
#	 1.837740e+09 1.152268e+09 0.000000e+00
# WH0W = 
#	 5.325069e+03 1.887298e+03 -1.421115e+04
#	 1.887298e+03 1.480975e+02 -9.790824e+03
#	 -1.421115e+04 -9.790824e+03 -5.473166e+03
#################################################
##            CALCULATION COMPLETED            ##
#################################################
# Psi[0]^2 = 0.006309 + I0.000000
# Psi[1]^2 = 0.958377 + I0.000000
# Psi[2]^2 = 0.035313 + I0.000000
# phi0 = 1.513760 
# phi1 = 2.754171 
# phi2 = 0.878108 
# Psi = 
#	7.930142e-02+i(4.527965e-03)
#	3.698567e-01+i(-9.064124e-01)
#	1.446094e-01+i(1.200065e-01)
#ProbSurv b 1-|Psi|^2 calls E tol dh dh(prev) dh(last)
0.293363156045	1	-1.91602e-12	9001	36	0.0001	0.0001	0.0001	5e-05
