# a = 0.100000
# b = 1.000000
# E = 1138419.957661
# tol = 0.000100
# s12 = 0.554977
# s13 = 0.152971
# psi0 = 0.822075 + I0.000000	0.548446 + I0.000000	0.152971 + I0.000000
# dh = 0.000100
# out = data/E3.6e5.5_tol1e-4.log
# model = sun
# scan_steps = 100.000000
# H0 = 
#	 0.000000e+00 0.000000e+00 0.000000e+00
#	 0.000000e+00 1.168021e-01 0.000000e+00
#	 0.000000e+00 0.000000e+00 3.822807e+00
# W = 
#	 6.758072e-01 4.508635e-01 1.257533e-01
#	 4.508635e-01 3.007928e-01 8.389608e-02
#	 1.257533e-01 8.389608e-02 2.340000e-02
# H0W = 
#	 0.000000e+00 -5.266179e-02 -4.807306e-01
#	 5.266179e-02 0.000000e+00 -3.109193e-01
#	 4.807306e-01 3.109193e-01 0.000000e+00
# H0H0W = 
#	 0.000000e+00 6.151005e-03 1.837740e+00
#	 6.151005e-03 0.000000e+00 1.152268e+00
#	 1.837740e+00 1.152268e+00 0.000000e+00
# WH0W = 
#	 1.683935e-01 5.968160e-02 -4.493961e-01
#	 5.968160e-02 4.683256e-03 -3.096131e-01
#	 -4.493961e-01 -3.096131e-01 -1.730767e-01
#################################################
##            CALCULATION COMPLETED            ##
#################################################
# Psi[0]^2 = 0.652452 + I0.000000
# Psi[1]^2 = 0.298155 + I0.000000
# Psi[2]^2 = 0.049393 + I0.000000
# phi0 = 2.294493 
# phi1 = 2.310460 
# phi2 = 2.851857 
# Psi = 
#	6.052941e-01+i(-5.348556e-01)
#	4.033541e-01+i(-3.680497e-01)
#	6.349540e-02+i(-2.129828e-01)
#ProbSurv b 1-|Psi|^2 calls E tol dh dh(prev) dh(last)
0.531770155454	1	-8.34888e-14	9001	1.13842e+06	0.0001	0.0001	0.0001	5e-05
