# a = 0.100000
# b = 1.000000
# E = 360000.000000
# tol = 0.000100
# s12 = 0.554977
# s13 = 0.152971
# psi0 = 0.822075 + I0.000000	0.548446 + I0.000000	0.152971 + I0.000000
# dh = 0.000100
# out = data/E3.6e5.0_tol1e-4.log
# model = sun
# scan_steps = 100.000000
# H0 = 
#	 0.000000e+00 0.000000e+00 0.000000e+00
#	 0.000000e+00 3.693605e-01 0.000000e+00
#	 0.000000e+00 0.000000e+00 1.208878e+01
# W = 
#	 6.758072e-01 4.508635e-01 1.257533e-01
#	 4.508635e-01 3.007928e-01 8.389608e-02
#	 1.257533e-01 8.389608e-02 2.340000e-02
# H0W = 
#	 0.000000e+00 -1.665312e-01 -1.520204e+00
#	 1.665312e-01 0.000000e+00 -9.832131e-01
#	 1.520204e+00 9.832131e-01 0.000000e+00
# H0H0W = 
#	 0.000000e+00 6.151005e-02 1.837740e+01
#	 6.151005e-02 0.000000e+00 1.152268e+01
#	 1.837740e+01 1.152268e+01 0.000000e+00
# WH0W = 
#	 5.325069e-01 1.887298e-01 -1.421115e+00
#	 1.887298e-01 1.480975e-02 -9.790824e-01
#	 -1.421115e+00 -9.790824e-01 -5.473166e-01
#################################################
##            CALCULATION COMPLETED            ##
#################################################
# Psi[0]^2 = 0.573199 + I0.000000
# Psi[1]^2 = 0.277630 + I0.000000
# Psi[2]^2 = 0.149171 + I0.000000
# phi0 = 2.495380 
# phi1 = 2.546332 
# phi2 = -1.802133 
# Psi = 
#	4.559000e-01+i(-6.044456e-01)
#	2.954491e-01+i(-4.362796e-01)
#	-3.759373e-01+i(-8.855335e-02)
#ProbSurv b 1-|Psi|^2 calls E tol dh dh(prev) dh(last)
0.474371974662	1	-9.76996e-14	9001	360000	0.0001	0.0001	0.0001	5e-05
