# a = 0.100000
# b = 1.000000
# E = 3600.000000
# tol = 0.000100
# s12 = 0.554977
# s13 = 0.152971
# psi0 = 0.822075 + I0.000000	0.548446 + I0.000000	0.152971 + I0.000000
# dh = 0.000100
# out = data/E3.6e3.0_tol1e-4.log
# model = sun
# scan_steps = 100.000000
# H0 = 
#	 0.000000e+00 0.000000e+00 0.000000e+00
#	 0.000000e+00 3.693605e+01 0.000000e+00
#	 0.000000e+00 0.000000e+00 1.208878e+03
# W = 
#	 6.758072e-01 4.508635e-01 1.257533e-01
#	 4.508635e-01 3.007928e-01 8.389608e-02
#	 1.257533e-01 8.389608e-02 2.340000e-02
# H0W = 
#	 0.000000e+00 -1.665312e+01 -1.520204e+02
#	 1.665312e+01 0.000000e+00 -9.832131e+01
#	 1.520204e+02 9.832131e+01 0.000000e+00
# H0H0W = 
#	 0.000000e+00 6.151005e+02 1.837740e+05
#	 6.151005e+02 0.000000e+00 1.152268e+05
#	 1.837740e+05 1.152268e+05 0.000000e+00
# WH0W = 
#	 5.325069e+01 1.887298e+01 -1.421115e+02
#	 1.887298e+01 1.480975e+00 -9.790824e+01
#	 -1.421115e+02 -9.790824e+01 -5.473166e+01
#################################################
##            CALCULATION COMPLETED            ##
#################################################
# Psi[0]^2 = 0.000000 + I0.000000
# Psi[1]^2 = 0.000073 + I0.000000
# Psi[2]^2 = 0.999926 + I0.000000
# phi0 = -0.743288 
# phi1 = 0.952729 
# phi2 = 1.705993 
# Psi = 
#	-4.292042e-04+i(4.669645e-04)
#	6.982795e-03+i(4.964731e-03)
#	9.908382e-01+i(-1.347807e-01)
#ProbSurv b 1-|Psi|^2 calls E tol dh dh(prev) dh(last)
0.0234206252926	1	-5.10703e-14	9001	3600	0.0001	0.0001	0.0001	5e-05
