# a = 0.100000
# b = 1.000000
# E = 3600000.000000
# tol = 0.000100
# s12 = 0.554977
# s13 = 0.152971
# psi0 = 0.822075 + I0.000000	0.548446 + I0.000000	0.152971 + I0.000000
# dh = 0.000100
# out = data/E3.6e6.0_tol1e-4.log
# model = sun
# scan_steps = 100.000000
# H0 = 
#	 0.000000e+00 0.000000e+00 0.000000e+00
#	 0.000000e+00 3.693605e-02 0.000000e+00
#	 0.000000e+00 0.000000e+00 1.208878e+00
# W = 
#	 6.758072e-01 4.508635e-01 1.257533e-01
#	 4.508635e-01 3.007928e-01 8.389608e-02
#	 1.257533e-01 8.389608e-02 2.340000e-02
# H0W = 
#	 0.000000e+00 -1.665312e-02 -1.520204e-01
#	 1.665312e-02 0.000000e+00 -9.832131e-02
#	 1.520204e-01 9.832131e-02 0.000000e+00
# H0H0W = 
#	 0.000000e+00 6.151005e-04 1.837740e-01
#	 6.151005e-04 0.000000e+00 1.152268e-01
#	 1.837740e-01 1.152268e-01 0.000000e+00
# WH0W = 
#	 5.325069e-02 1.887298e-02 -1.421115e-01
#	 1.887298e-02 1.480975e-03 -9.790824e-02
#	 -1.421115e-01 -9.790824e-02 -5.473166e-02
#################################################
##            CALCULATION COMPLETED            ##
#################################################
# Psi[0]^2 = 0.669405 + I0.000000
# Psi[1]^2 = 0.300428 + I0.000000
# Psi[2]^2 = 0.030167 + I0.000000
# phi0 = 2.228632 
# phi1 = 2.233685 
# phi2 = 2.397639 
# Psi = 
#	6.474337e-01+i(-5.002346e-01)
#	4.320325e-01+i(-3.373071e-01)
#	1.176202e-01+i(-1.277973e-01)
#ProbSurv b 1-|Psi|^2 calls E tol dh dh(prev) dh(last)
0.543461346252	1	-8.68194e-14	9001	3.6e+06	0.0001	0.0001	0.0001	5e-05
