# a = 0.100000
# b = 1.000000
# E = 360.000000
# tol = 0.000100
# s12 = 0.554977
# s13 = 0.152971
# psi0 = 0.822075 + I0.000000	0.548446 + I0.000000	0.152971 + I0.000000
# dh = 0.000100
# out = data/E3.6e2.0_tol1e-4.log
# model = sun
# scan_steps = 100.000000
# H0 = 
#	 0.000000e+00 0.000000e+00 0.000000e+00
#	 0.000000e+00 3.693605e+02 0.000000e+00
#	 0.000000e+00 0.000000e+00 1.208878e+04
# W = 
#	 6.758072e-01 4.508635e-01 1.257533e-01
#	 4.508635e-01 3.007928e-01 8.389608e-02
#	 1.257533e-01 8.389608e-02 2.340000e-02
# H0W = 
#	 0.000000e+00 -1.665312e+02 -1.520204e+03
#	 1.665312e+02 0.000000e+00 -9.832131e+02
#	 1.520204e+03 9.832131e+02 0.000000e+00
# H0H0W = 
#	 0.000000e+00 6.151005e+04 1.837740e+07
#	 6.151005e+04 0.000000e+00 1.152268e+07
#	 1.837740e+07 1.152268e+07 0.000000e+00
# WH0W = 
#	 5.325069e+02 1.887298e+02 -1.421115e+03
#	 1.887298e+02 1.480975e+01 -9.790824e+02
#	 -1.421115e+03 -9.790824e+02 -5.473166e+02
#################################################
##            CALCULATION COMPLETED            ##
#################################################
# Psi[0]^2 = 0.000055 + I0.000000
# Psi[1]^2 = 0.022790 + I0.000000
# Psi[2]^2 = 0.977155 + I0.000000
# phi0 = -0.366105 
# phi1 = 1.616809 
# phi2 = 0.972004 
# Psi = 
#	-2.660627e-03+i(6.939757e-03)
#	1.508031e-01+i(-6.943747e-03)
#	8.165273e-01+i(5.571697e-01)
#ProbSurv b 1-|Psi|^2 calls E tol dh dh(prev) dh(last)
0.0297577620353	1	-4.01679e-13	9001	360	0.0001	0.0001	0.0001	5e-05
