# a = 0.100000
# b = 1.000000
# E = 1138.419958
# tol = 0.000100
# s12 = 0.554977
# s13 = 0.152971
# psi0 = 0.822075 + I0.000000	0.548446 + I0.000000	0.152971 + I0.000000
# dh = 0.000100
# out = data/E3.6e2.5_tol1e-4.log
# model = sun
# scan_steps = 100.000000
# H0 = 
#	 0.000000e+00 0.000000e+00 0.000000e+00
#	 0.000000e+00 1.168021e+02 0.000000e+00
#	 0.000000e+00 0.000000e+00 3.822807e+03
# W = 
#	 6.758072e-01 4.508635e-01 1.257533e-01
#	 4.508635e-01 3.007928e-01 8.389608e-02
#	 1.257533e-01 8.389608e-02 2.340000e-02
# H0W = 
#	 0.000000e+00 -5.266179e+01 -4.807306e+02
#	 5.266179e+01 0.000000e+00 -3.109193e+02
#	 4.807306e+02 3.109193e+02 0.000000e+00
# H0H0W = 
#	 0.000000e+00 6.151005e+03 1.837740e+06
#	 6.151005e+03 0.000000e+00 1.152268e+06
#	 1.837740e+06 1.152268e+06 0.000000e+00
# WH0W = 
#	 1.683935e+02 5.968160e+01 -4.493961e+02
#	 5.968160e+01 4.683256e+00 -3.096131e+02
#	 -4.493961e+02 -3.096131e+02 -1.730767e+02
#################################################
##            CALCULATION COMPLETED            ##
#################################################
# Psi[0]^2 = 0.000005 + I0.000000
# Psi[1]^2 = 0.000869 + I0.000000
# Psi[2]^2 = 0.999126 + I0.000000
# phi0 = 1.437781 
# phi1 = -1.691555 
# phi2 = 1.245483 
# Psi = 
#	2.217049e-03+i(2.966538e-04)
#	-2.925640e-02+i(-3.550248e-03)
#	9.471366e-01+i(3.194662e-01)
#ProbSurv b 1-|Psi|^2 calls E tol dh dh(prev) dh(last)
0.0236441912527	1	-1.05027e-13	9001	1138.42	0.0001	0.0001	0.0001	5e-05
