# a = 0.100000
# b = 1.000000
# E = 0.360000
# tol = 0.000100
# s12 = 0.554977
# s13 = 0.152971
# psi0 = 0.822075 + I0.000000	0.548446 + I0.000000	0.152971 + I0.000000
# dh = 0.000100
# out = data/E3.6e-1.0_tol1e-4.log
# model = sun
# scan_steps = 100.000000
# H0 = 
#	 0.000000e+00 0.000000e+00 0.000000e+00
#	 0.000000e+00 3.693605e+05 0.000000e+00
#	 0.000000e+00 0.000000e+00 1.208878e+07
# W = 
#	 6.758072e-01 4.508635e-01 1.257533e-01
#	 4.508635e-01 3.007928e-01 8.389608e-02
#	 1.257533e-01 8.389608e-02 2.340000e-02
# H0W = 
#	 0.000000e+00 -1.665312e+05 -1.520204e+06
#	 1.665312e+05 0.000000e+00 -9.832131e+05
#	 1.520204e+06 9.832131e+05 0.000000e+00
# H0H0W = 
#	 0.000000e+00 6.151005e+10 1.837740e+13
#	 6.151005e+10 0.000000e+00 1.152268e+13
#	 1.837740e+13 1.152268e+13 0.000000e+00
# WH0W = 
#	 5.325069e+05 1.887298e+05 -1.421115e+06
#	 1.887298e+05 1.480975e+04 -9.790824e+05
#	 -1.421115e+06 -9.790824e+05 -5.473166e+05
#################################################
##            CALCULATION COMPLETED            ##
#################################################
# Psi[0]^2 = 0.649576 + I0.000000
# Psi[1]^2 = 0.326936 + I0.000000
# Psi[2]^2 = 0.023488 + I0.000000
# phi0 = -2.589988 
# phi1 = -0.759719 
# phi2 = 1.540288 
# Psi = 
#	-4.223684e-01+i(-6.864261e-01)
#	-3.937972e-01+i(4.145600e-01)
#	1.531866e-01+i(4.674846e-03)
#ProbSurv b 1-|Psi|^2 calls E tol dh dh(prev) dh(last)
0.537877677814	1	-2.44644e-11	1575819	0.36	0.0001	0.0001	5.71132e-07	5.68521e-07
