# a = 0.100000
# b = 1.000000
# E = 1.170043
# tol = 0.000100
# s12 = 0.554977
# s13 = 0.152971
# psi0 = 0.822075 + I0.000000	0.548446 + I0.000000	0.152971 + I0.000000
# dh = 0.000100
# out = data/E3.7e-0.5_tol1e-4.log
# model = sun
# scan_steps = 100.000000
# H0 = 
#	 0.000000e+00 0.000000e+00 0.000000e+00
#	 0.000000e+00 1.136452e+05 0.000000e+00
#	 0.000000e+00 0.000000e+00 3.719488e+06
# W = 
#	 6.758072e-01 4.508635e-01 1.257533e-01
#	 4.508635e-01 3.007928e-01 8.389608e-02
#	 1.257533e-01 8.389608e-02 2.340000e-02
# H0W = 
#	 0.000000e+00 -5.123850e+04 -4.677378e+05
#	 5.123850e+04 0.000000e+00 -3.025161e+05
#	 4.677378e+05 3.025161e+05 0.000000e+00
# H0H0W = 
#	 0.000000e+00 5.823011e+09 1.739745e+12
#	 5.823011e+09 0.000000e+00 1.090825e+12
#	 1.739745e+12 1.090825e+12 0.000000e+00
# WH0W = 
#	 1.638423e+05 5.806858e+04 -4.372503e+05
#	 5.806858e+04 4.556681e+03 -3.012451e+05
#	 -4.372503e+05 -3.012451e+05 -1.683990e+05
#################################################
##            CALCULATION COMPLETED            ##
#################################################
# Psi[0]^2 = 0.584796 + I0.000000
# Psi[1]^2 = 0.391517 + I0.000000
# Psi[2]^2 = 0.023688 + I0.000000
# phi0 = 2.028744 
# phi1 = -2.441802 
# phi2 = -1.137706 
# Psi = 
#	6.859241e-01+i(-3.380884e-01)
#	-4.029949e-01+i(-4.786561e-01)
#	-1.396985e-01+i(6.459196e-02)
#ProbSurv b 1-|Psi|^2 calls E tol dh dh(prev) dh(last)
 0.51352875847	1	1.55629e-11	290126	1.17004	0.0001	0.0001	3.10212e-06	1.65503e-06
