# a = 0.100000
# b = 1.000000
# E = 1170042.734262
# tol = 0.000100
# s12 = 0.554977
# s13 = 0.152971
# psi0 = 0.822075 + I0.000000	0.548446 + I0.000000	0.152971 + I0.000000
# dh = 0.000100
# out = data/E3.7e5.5_tol1e-4.log
# model = sun
# scan_steps = 100.000000
# H0 = 
#	 0.000000e+00 0.000000e+00 0.000000e+00
#	 0.000000e+00 1.136452e-01 0.000000e+00
#	 0.000000e+00 0.000000e+00 3.719488e+00
# W = 
#	 6.758072e-01 4.508635e-01 1.257533e-01
#	 4.508635e-01 3.007928e-01 8.389608e-02
#	 1.257533e-01 8.389608e-02 2.340000e-02
# H0W = 
#	 0.000000e+00 -5.123850e-02 -4.677378e-01
#	 5.123850e-02 0.000000e+00 -3.025161e-01
#	 4.677378e-01 3.025161e-01 0.000000e+00
# H0H0W = 
#	 0.000000e+00 5.823011e-03 1.739745e+00
#	 5.823011e-03 0.000000e+00 1.090825e+00
#	 1.739745e+00 1.090825e+00 0.000000e+00
# WH0W = 
#	 1.638423e-01 5.806858e-02 -4.372503e-01
#	 5.806858e-02 4.556681e-03 -3.012451e-01
#	 -4.372503e-01 -3.012451e-01 -1.683990e-01
#################################################
##            CALCULATION COMPLETED            ##
#################################################
# Psi[0]^2 = 0.653206 + I0.000000
# Psi[1]^2 = 0.298286 + I0.000000
# Psi[2]^2 = 0.048508 + I0.000000
# phi0 = 2.291884 
# phi1 = 2.307420 
# phi2 = 2.833316 
# Psi = 
#	6.070380e-01+i(-5.335830e-01)
#	4.045599e-01+i(-3.669023e-01)
#	6.682612e-02+i(-2.098624e-01)
#ProbSurv b 1-|Psi|^2 calls E tol dh dh(prev) dh(last)
0.532298703585	1	-1.13021e-13	9001	1.17004e+06	0.0001	0.0001	0.0001	5e-05
