# a = 0.100000
# b = 1.000000
# E = 117004.273426
# tol = 0.000100
# s12 = 0.554977
# s13 = 0.152971
# psi0 = 0.822075 + I0.000000	0.548446 + I0.000000	0.152971 + I0.000000
# dh = 0.000100
# out = data/E3.7e4.5_tol1e-4.log
# model = sun
# scan_steps = 100.000000
# H0 = 
#	 0.000000e+00 0.000000e+00 0.000000e+00
#	 0.000000e+00 1.136452e+00 0.000000e+00
#	 0.000000e+00 0.000000e+00 3.719488e+01
# W = 
#	 6.758072e-01 4.508635e-01 1.257533e-01
#	 4.508635e-01 3.007928e-01 8.389608e-02
#	 1.257533e-01 8.389608e-02 2.340000e-02
# H0W = 
#	 0.000000e+00 -5.123850e-01 -4.677378e+00
#	 5.123850e-01 0.000000e+00 -3.025161e+00
#	 4.677378e+00 3.025161e+00 0.000000e+00
# H0H0W = 
#	 0.000000e+00 5.823011e-01 1.739745e+02
#	 5.823011e-01 0.000000e+00 1.090825e+02
#	 1.739745e+02 1.090825e+02 0.000000e+00
# WH0W = 
#	 1.638423e+00 5.806858e-01 -4.372503e+00
#	 5.806858e-01 4.556681e-02 -3.012451e+00
#	 -4.372503e+00 -3.012451e+00 -1.683990e+00
#################################################
##            CALCULATION COMPLETED            ##
#################################################
# Psi[0]^2 = 0.379346 + I0.000000
# Psi[1]^2 = 0.218231 + I0.000000
# Psi[2]^2 = 0.402423 + I0.000000
# phi0 = 3.002805 
# phi1 = -3.121836 
# phi2 = -1.278407 
# Psi = 
#	8.520690e-02+i(-6.099887e-01)
#	-9.228554e-03+i(-4.670604e-01)
#	-6.074443e-01+i(1.828509e-01)
#ProbSurv b 1-|Psi|^2 calls E tol dh dh(prev) dh(last)
0.331423912764	1	-7.90479e-14	9001	117004	0.0001	0.0001	0.0001	5e-05
