# a = 0.100000
# b = 1.000000
# E = 37000.000000
# tol = 0.000100
# s12 = 0.554977
# s13 = 0.152971
# psi0 = 0.822075 + I0.000000	0.548446 + I0.000000	0.152971 + I0.000000
# dh = 0.000100
# out = data/E3.7e4.0_tol1e-4.log
# model = sun
# scan_steps = 100.000000
# H0 = 
#	 0.000000e+00 0.000000e+00 0.000000e+00
#	 0.000000e+00 3.593778e+00 0.000000e+00
#	 0.000000e+00 0.000000e+00 1.176205e+02
# W = 
#	 6.758072e-01 4.508635e-01 1.257533e-01
#	 4.508635e-01 3.007928e-01 8.389608e-02
#	 1.257533e-01 8.389608e-02 2.340000e-02
# H0W = 
#	 0.000000e+00 -1.620304e+00 -1.479117e+01
#	 1.620304e+00 0.000000e+00 -9.566398e+00
#	 1.479117e+01 9.566398e+00 0.000000e+00
# H0H0W = 
#	 0.000000e+00 5.823011e+00 1.739745e+03
#	 5.823011e+00 0.000000e+00 1.090825e+03
#	 1.739745e+03 1.090825e+03 0.000000e+00
# WH0W = 
#	 5.181148e+00 1.836290e+00 -1.382707e+01
#	 1.836290e+00 1.440949e-01 -9.526207e+00
#	 -1.382707e+01 -9.526207e+00 -5.325243e+00
#################################################
##            CALCULATION COMPLETED            ##
#################################################
# Psi[0]^2 = 0.100148 + I0.000000
# Psi[1]^2 = 0.098016 + I0.000000
# Psi[2]^2 = 0.801836 + I0.000000
# phi0 = -1.858416 
# phi1 = -1.344886 
# phi2 = -2.329158 
# Psi = 
#	-3.034625e-01+i(-8.977107e-02)
#	-3.051199e-01+i(7.012680e-02)
#	-6.500662e-01+i(-6.158325e-01)
#ProbSurv b 1-|Psi|^2 calls E tol dh dh(prev) dh(last)
0.115926415644	1	-1.10356e-13	9001	37000	0.0001	0.0001	0.0001	5e-05
