# a = 0.100000
# b = 1.000000
# E = 370000.000000
# tol = 0.000100
# s12 = 0.554977
# s13 = 0.152971
# psi0 = 0.822075 + I0.000000	0.548446 + I0.000000	0.152971 + I0.000000
# dh = 0.000100
# out = data/E3.7e5.0_tol1e-4.log
# model = sun
# scan_steps = 100.000000
# H0 = 
#	 0.000000e+00 0.000000e+00 0.000000e+00
#	 0.000000e+00 3.593778e-01 0.000000e+00
#	 0.000000e+00 0.000000e+00 1.176205e+01
# W = 
#	 6.758072e-01 4.508635e-01 1.257533e-01
#	 4.508635e-01 3.007928e-01 8.389608e-02
#	 1.257533e-01 8.389608e-02 2.340000e-02
# H0W = 
#	 0.000000e+00 -1.620304e-01 -1.479117e+00
#	 1.620304e-01 0.000000e+00 -9.566398e-01
#	 1.479117e+00 9.566398e-01 0.000000e+00
# H0H0W = 
#	 0.000000e+00 5.823011e-02 1.739745e+01
#	 5.823011e-02 0.000000e+00 1.090825e+01
#	 1.739745e+01 1.090825e+01 0.000000e+00
# WH0W = 
#	 5.181148e-01 1.836290e-01 -1.382707e+00
#	 1.836290e-01 1.440949e-02 -9.526207e-01
#	 -1.382707e+00 -9.526207e-01 -5.325243e-01
#################################################
##            CALCULATION COMPLETED            ##
#################################################
# Psi[0]^2 = 0.576788 + I0.000000
# Psi[1]^2 = 0.278724 + I0.000000
# Psi[2]^2 = 0.144488 + I0.000000
# phi0 = 2.487994 
# phi1 = 2.537532 
# phi2 = -1.871984 
# Psi = 
#	4.617911e-01+i(-6.029404e-01)
#	2.998659e-01+i(-4.345160e-01)
#	-3.630050e-01+i(-1.127630e-01)
#ProbSurv b 1-|Psi|^2 calls E tol dh dh(prev) dh(last)
0.477016701847	1	-8.52651e-14	9001	370000	0.0001	0.0001	0.0001	5e-05
