# a = 0.100000
# b = 1.000000
# E = 3700.000000
# tol = 0.000100
# s12 = 0.554977
# s13 = 0.152971
# psi0 = 0.822075 + I0.000000	0.548446 + I0.000000	0.152971 + I0.000000
# dh = 0.000100
# out = data/E3.7e3.0_tol1e-4.log
# model = sun
# scan_steps = 100.000000
# H0 = 
#	 0.000000e+00 0.000000e+00 0.000000e+00
#	 0.000000e+00 3.593778e+01 0.000000e+00
#	 0.000000e+00 0.000000e+00 1.176205e+03
# W = 
#	 6.758072e-01 4.508635e-01 1.257533e-01
#	 4.508635e-01 3.007928e-01 8.389608e-02
#	 1.257533e-01 8.389608e-02 2.340000e-02
# H0W = 
#	 0.000000e+00 -1.620304e+01 -1.479117e+02
#	 1.620304e+01 0.000000e+00 -9.566398e+01
#	 1.479117e+02 9.566398e+01 0.000000e+00
# H0H0W = 
#	 0.000000e+00 5.823011e+02 1.739745e+05
#	 5.823011e+02 0.000000e+00 1.090825e+05
#	 1.739745e+05 1.090825e+05 0.000000e+00
# WH0W = 
#	 5.181148e+01 1.836290e+01 -1.382707e+02
#	 1.836290e+01 1.440949e+00 -9.526207e+01
#	 -1.382707e+02 -9.526207e+01 -5.325243e+01
#################################################
##            CALCULATION COMPLETED            ##
#################################################
# Psi[0]^2 = 0.000000 + I0.000000
# Psi[1]^2 = 0.000060 + I0.000000
# Psi[2]^2 = 0.999939 + I0.000000
# phi0 = -0.908329 
# phi1 = -1.909849 
# phi2 = -0.209892 
# Psi = 
#	-5.532317e-04+i(4.315574e-04)
#	-7.322391e-03+i(-2.582399e-03)
#	-2.083480e-01+i(9.780237e-01)
#ProbSurv b 1-|Psi|^2 calls E tol dh dh(prev) dh(last)
0.0234170441391	1	-6.21725e-15	9001	3700	0.0001	0.0001	0.0001	5e-05
