# a = 0.100000
# b = 1.000000
# E = 11.700427
# tol = 0.000100
# s12 = 0.554977
# s13 = 0.152971
# psi0 = 0.822075 + I0.000000	0.548446 + I0.000000	0.152971 + I0.000000
# dh = 0.000100
# out = data/E3.7e0.5_tol1e-4.log
# model = sun
# scan_steps = 100.000000
# H0 = 
#	 0.000000e+00 0.000000e+00 0.000000e+00
#	 0.000000e+00 1.136452e+04 0.000000e+00
#	 0.000000e+00 0.000000e+00 3.719488e+05
# W = 
#	 6.758072e-01 4.508635e-01 1.257533e-01
#	 4.508635e-01 3.007928e-01 8.389608e-02
#	 1.257533e-01 8.389608e-02 2.340000e-02
# H0W = 
#	 0.000000e+00 -5.123850e+03 -4.677378e+04
#	 5.123850e+03 0.000000e+00 -3.025161e+04
#	 4.677378e+04 3.025161e+04 0.000000e+00
# H0H0W = 
#	 0.000000e+00 5.823011e+07 1.739745e+10
#	 5.823011e+07 0.000000e+00 1.090825e+10
#	 1.739745e+10 1.090825e+10 0.000000e+00
# WH0W = 
#	 1.638423e+04 5.806858e+03 -4.372503e+04
#	 5.806858e+03 4.556681e+02 -3.012451e+04
#	 -4.372503e+04 -3.012451e+04 -1.683990e+04
#################################################
##            CALCULATION COMPLETED            ##
#################################################
# Psi[0]^2 = 0.065949 + I0.000000
# Psi[1]^2 = 0.907524 + I0.000000
# Psi[2]^2 = 0.026528 + I0.000000
# phi0 = -2.329089 
# phi1 = 2.757308 
# phi2 = 2.338286 
# Psi = 
#	-1.864432e-01+i(-1.766004e-01)
#	3.571412e-01+i(-8.831613e-01)
#	1.172125e-01+i(-1.130878e-01)
#ProbSurv b 1-|Psi|^2 calls E tol dh dh(prev) dh(last)
0.318165971255	1	-8.37197e-12	16294	11.7004	0.0001	0.0001	5.52401e-05	4.17138e-05
