# a = 0.100000
# b = 1.000000
# E = 370.000000
# tol = 0.000100
# s12 = 0.554977
# s13 = 0.152971
# psi0 = 0.822075 + I0.000000	0.548446 + I0.000000	0.152971 + I0.000000
# dh = 0.000100
# out = data/E3.7e2.0_tol1e-4.log
# model = sun
# scan_steps = 100.000000
# H0 = 
#	 0.000000e+00 0.000000e+00 0.000000e+00
#	 0.000000e+00 3.593778e+02 0.000000e+00
#	 0.000000e+00 0.000000e+00 1.176205e+04
# W = 
#	 6.758072e-01 4.508635e-01 1.257533e-01
#	 4.508635e-01 3.007928e-01 8.389608e-02
#	 1.257533e-01 8.389608e-02 2.340000e-02
# H0W = 
#	 0.000000e+00 -1.620304e+02 -1.479117e+03
#	 1.620304e+02 0.000000e+00 -9.566398e+02
#	 1.479117e+03 9.566398e+02 0.000000e+00
# H0H0W = 
#	 0.000000e+00 5.823011e+04 1.739745e+07
#	 5.823011e+04 0.000000e+00 1.090825e+07
#	 1.739745e+07 1.090825e+07 0.000000e+00
# WH0W = 
#	 5.181148e+02 1.836290e+02 -1.382707e+03
#	 1.836290e+02 1.440949e+01 -9.526207e+02
#	 -1.382707e+03 -9.526207e+02 -5.325243e+02
#################################################
##            CALCULATION COMPLETED            ##
#################################################
# Psi[0]^2 = 0.000053 + I0.000000
# Psi[1]^2 = 0.020611 + I0.000000
# Psi[2]^2 = 0.979336 + I0.000000
# phi0 = -2.815388 
# phi1 = 1.676395 
# phi2 = 1.832739 
# Psi = 
#	-2.327633e-03+i(-6.880590e-03)
#	1.427661e-01+i(-1.513219e-02)
#	9.558570e-01+i(-2.562682e-01)
#ProbSurv b 1-|Psi|^2 calls E tol dh dh(prev) dh(last)
0.0291518011412	1	-4.06564e-13	9001	370	0.0001	0.0001	0.0001	5e-05
