# a = 0.100000
# b = 1.000000
# E = 37.000000
# tol = 0.000100
# s12 = 0.554977
# s13 = 0.152971
# psi0 = 0.822075 + I0.000000	0.548446 + I0.000000	0.152971 + I0.000000
# dh = 0.000100
# out = data/E3.7e1.0_tol1e-4.log
# model = sun
# scan_steps = 100.000000
# H0 = 
#	 0.000000e+00 0.000000e+00 0.000000e+00
#	 0.000000e+00 3.593778e+03 0.000000e+00
#	 0.000000e+00 0.000000e+00 1.176205e+05
# W = 
#	 6.758072e-01 4.508635e-01 1.257533e-01
#	 4.508635e-01 3.007928e-01 8.389608e-02
#	 1.257533e-01 8.389608e-02 2.340000e-02
# H0W = 
#	 0.000000e+00 -1.620304e+03 -1.479117e+04
#	 1.620304e+03 0.000000e+00 -9.566398e+03
#	 1.479117e+04 9.566398e+03 0.000000e+00
# H0H0W = 
#	 0.000000e+00 5.823011e+06 1.739745e+09
#	 5.823011e+06 0.000000e+00 1.090825e+09
#	 1.739745e+09 1.090825e+09 0.000000e+00
# WH0W = 
#	 5.181148e+03 1.836290e+03 -1.382707e+04
#	 1.836290e+03 1.440949e+02 -9.526207e+03
#	 -1.382707e+04 -9.526207e+03 -5.325243e+03
#################################################
##            CALCULATION COMPLETED            ##
#################################################
# Psi[0]^2 = 0.005955 + I0.000000
# Psi[1]^2 = 0.958283 + I0.000000
# Psi[2]^2 = 0.035761 + I0.000000
# phi0 = -1.372451 
# phi1 = -2.701892 
# phi2 = 1.069365 
# Psi = 
#	-7.565636e-02+i(1.520600e-02)
#	-4.166956e-01+i(-8.858037e-01)
#	1.658272e-01+i(9.090019e-02)
#ProbSurv b 1-|Psi|^2 calls E tol dh dh(prev) dh(last)
0.293106068878	1	-1.00209e-12	9001	37	0.0001	0.0001	0.0001	5e-05
