# a = 0.100000
# b = 1.000000
# E = 117.004273
# tol = 0.000100
# s12 = 0.554977
# s13 = 0.152971
# psi0 = 0.822075 + I0.000000	0.548446 + I0.000000	0.152971 + I0.000000
# dh = 0.000100
# out = data/E3.7e1.5_tol1e-4.log
# model = sun
# scan_steps = 100.000000
# H0 = 
#	 0.000000e+00 0.000000e+00 0.000000e+00
#	 0.000000e+00 1.136452e+03 0.000000e+00
#	 0.000000e+00 0.000000e+00 3.719488e+04
# W = 
#	 6.758072e-01 4.508635e-01 1.257533e-01
#	 4.508635e-01 3.007928e-01 8.389608e-02
#	 1.257533e-01 8.389608e-02 2.340000e-02
# H0W = 
#	 0.000000e+00 -5.123850e+02 -4.677378e+03
#	 5.123850e+02 0.000000e+00 -3.025161e+03
#	 4.677378e+03 3.025161e+03 0.000000e+00
# H0H0W = 
#	 0.000000e+00 5.823011e+05 1.739745e+08
#	 5.823011e+05 0.000000e+00 1.090825e+08
#	 1.739745e+08 1.090825e+08 0.000000e+00
# WH0W = 
#	 1.638423e+03 5.806858e+02 -4.372503e+03
#	 5.806858e+02 4.556681e+01 -3.012451e+03
#	 -4.372503e+03 -3.012451e+03 -1.683990e+03
#################################################
##            CALCULATION COMPLETED            ##
#################################################
# Psi[0]^2 = 0.000583 + I0.000000
# Psi[1]^2 = 0.867653 + I0.000000
# Psi[2]^2 = 0.131764 + I0.000000
# phi0 = 3.063643 
# phi1 = -2.867997 
# phi2 = 2.384192 
# Psi = 
#	1.880368e-03+i(-2.407388e-02)
#	-2.516815e-01+i(-8.968332e-01)
#	2.493887e-01+i(-2.637591e-01)
#ProbSurv b 1-|Psi|^2 calls E tol dh dh(prev) dh(last)
0.264461189019	1	1.63003e-12	9001	117.004	0.0001	0.0001	0.0001	5e-05
