# a = 0.100000
# b = 1.000000
# E = 0.370000
# tol = 0.000100
# s12 = 0.554977
# s13 = 0.152971
# psi0 = 0.822075 + I0.000000	0.548446 + I0.000000	0.152971 + I0.000000
# dh = 0.000100
# out = data/E3.7e-1.0_tol1e-4.log
# model = sun
# scan_steps = 100.000000
# H0 = 
#	 0.000000e+00 0.000000e+00 0.000000e+00
#	 0.000000e+00 3.593778e+05 0.000000e+00
#	 0.000000e+00 0.000000e+00 1.176205e+07
# W = 
#	 6.758072e-01 4.508635e-01 1.257533e-01
#	 4.508635e-01 3.007928e-01 8.389608e-02
#	 1.257533e-01 8.389608e-02 2.340000e-02
# H0W = 
#	 0.000000e+00 -1.620304e+05 -1.479117e+06
#	 1.620304e+05 0.000000e+00 -9.566398e+05
#	 1.479117e+06 9.566398e+05 0.000000e+00
# H0H0W = 
#	 0.000000e+00 5.823011e+10 1.739745e+13
#	 5.823011e+10 0.000000e+00 1.090825e+13
#	 1.739745e+13 1.090825e+13 0.000000e+00
# WH0W = 
#	 5.181148e+05 1.836290e+05 -1.382707e+06
#	 1.836290e+05 1.440949e+04 -9.526207e+05
#	 -1.382707e+06 -9.526207e+05 -5.325243e+05
#################################################
##            CALCULATION COMPLETED            ##
#################################################
# Psi[0]^2 = 0.648821 + I0.000000
# Psi[1]^2 = 0.327688 + I0.000000
# Psi[2]^2 = 0.023490 + I0.000000
# phi0 = -2.986026 
# phi1 = 0.144981 
# phi2 = -3.020584 
# Psi = 
#	-1.248036e-01+i(-7.957672e-01)
#	8.270254e-02+i(5.664348e-01)
#	-1.850132e-02+i(-1.521452e-01)
#ProbSurv b 1-|Psi|^2 calls E tol dh dh(prev) dh(last)
0.537594097308	1	1.67588e-10	1096844	0.37	0.0001	0.0001	8.20537e-07	5.8016e-07
