# a = 0.100000
# b = 1.000000
# E = 1201.665511
# tol = 0.000100
# s12 = 0.554977
# s13 = 0.152971
# psi0 = 0.822075 + I0.000000	0.548446 + I0.000000	0.152971 + I0.000000
# dh = 0.000100
# out = data/E3.8e2.5_tol1e-4.log
# model = sun
# scan_steps = 100.000000
# H0 = 
#	 0.000000e+00 0.000000e+00 0.000000e+00
#	 0.000000e+00 1.106546e+02 0.000000e+00
#	 0.000000e+00 0.000000e+00 3.621607e+03
# W = 
#	 6.758072e-01 4.508635e-01 1.257533e-01
#	 4.508635e-01 3.007928e-01 8.389608e-02
#	 1.257533e-01 8.389608e-02 2.340000e-02
# H0W = 
#	 0.000000e+00 -4.989011e+01 -4.554290e+02
#	 4.989011e+01 0.000000e+00 -2.945551e+02
#	 4.554290e+02 2.945551e+02 0.000000e+00
# H0H0W = 
#	 0.000000e+00 5.520569e+03 1.649385e+06
#	 5.520569e+03 0.000000e+00 1.034169e+06
#	 1.649385e+06 1.034169e+06 0.000000e+00
# WH0W = 
#	 1.595306e+02 5.654046e+01 -4.257437e+02
#	 5.654046e+01 4.436769e+00 -2.933176e+02
#	 -4.257437e+02 -2.933176e+02 -1.639674e+02
#################################################
##            CALCULATION COMPLETED            ##
#################################################
# Psi[0]^2 = 0.000006 + I0.000000
# Psi[1]^2 = 0.000763 + I0.000000
# Psi[2]^2 = 0.999232 + I0.000000
# phi0 = -0.462583 
# phi1 = 0.105117 
# phi2 = -3.028590 
# Psi = 
#	-1.060928e-03+i(2.127513e-03)
#	2.897838e-03+i(2.746619e-02)
#	-1.127186e-01+i(-9.932402e-01)
#ProbSurv b 1-|Psi|^2 calls E tol dh dh(prev) dh(last)
0.0236152794536	1	-5.10703e-15	9001	1201.67	0.0001	0.0001	0.0001	5e-05
