# a = 0.100000
# b = 1.000000
# E = 1.201666
# tol = 0.000100
# s12 = 0.554977
# s13 = 0.152971
# psi0 = 0.822075 + I0.000000	0.548446 + I0.000000	0.152971 + I0.000000
# dh = 0.000100
# out = data/E3.8e-0.5_tol1e-4.log
# model = sun
# scan_steps = 100.000000
# H0 = 
#	 0.000000e+00 0.000000e+00 0.000000e+00
#	 0.000000e+00 1.106546e+05 0.000000e+00
#	 0.000000e+00 0.000000e+00 3.621607e+06
# W = 
#	 6.758072e-01 4.508635e-01 1.257533e-01
#	 4.508635e-01 3.007928e-01 8.389608e-02
#	 1.257533e-01 8.389608e-02 2.340000e-02
# H0W = 
#	 0.000000e+00 -4.989011e+04 -4.554290e+05
#	 4.989011e+04 0.000000e+00 -2.945551e+05
#	 4.554290e+05 2.945551e+05 0.000000e+00
# H0H0W = 
#	 0.000000e+00 5.520569e+09 1.649385e+12
#	 5.520569e+09 0.000000e+00 1.034169e+12
#	 1.649385e+12 1.034169e+12 0.000000e+00
# WH0W = 
#	 1.595306e+05 5.654046e+04 -4.257437e+05
#	 5.654046e+04 4.436769e+03 -2.933176e+05
#	 -4.257437e+05 -2.933176e+05 -1.639674e+05
#################################################
##            CALCULATION COMPLETED            ##
#################################################
# Psi[0]^2 = 0.582127 + I0.000000
# Psi[1]^2 = 0.394177 + I0.000000
# Psi[2]^2 = 0.023696 + I0.000000
# phi0 = 0.698119 
# phi1 = 2.773324 
# phi2 = 2.269073 
# Psi = 
#	4.904219e-01+i(5.844772e-01)
#	2.260214e-01+i(-5.857401e-01)
#	1.179059e-01+i(-9.896383e-02)
#ProbSurv b 1-|Psi|^2 calls E tol dh dh(prev) dh(last)
0.512525897759	1	-1.92428e-11	247429	1.20167	0.0001	0.0001	3.63743e-06	2.65575e-06
