# a = 0.100000
# b = 1.000000
# E = 380000.000000
# tol = 0.000100
# s12 = 0.554977
# s13 = 0.152971
# psi0 = 0.822075 + I0.000000	0.548446 + I0.000000	0.152971 + I0.000000
# dh = 0.000100
# out = data/E3.8e5.0_tol1e-4.log
# model = sun
# scan_steps = 100.000000
# H0 = 
#	 0.000000e+00 0.000000e+00 0.000000e+00
#	 0.000000e+00 3.499205e-01 0.000000e+00
#	 0.000000e+00 0.000000e+00 1.145253e+01
# W = 
#	 6.758072e-01 4.508635e-01 1.257533e-01
#	 4.508635e-01 3.007928e-01 8.389608e-02
#	 1.257533e-01 8.389608e-02 2.340000e-02
# H0W = 
#	 0.000000e+00 -1.577664e-01 -1.440193e+00
#	 1.577664e-01 0.000000e+00 -9.314651e-01
#	 1.440193e+00 9.314651e-01 0.000000e+00
# H0H0W = 
#	 0.000000e+00 5.520569e-02 1.649385e+01
#	 5.520569e-02 0.000000e+00 1.034169e+01
#	 1.649385e+01 1.034169e+01 0.000000e+00
# WH0W = 
#	 5.044802e-01 1.787966e-01 -1.346320e+00
#	 1.787966e-01 1.403029e-02 -9.275518e-01
#	 -1.346320e+00 -9.275518e-01 -5.185105e-01
#################################################
##            CALCULATION COMPLETED            ##
#################################################
# Psi[0]^2 = 0.580180 + I0.000000
# Psi[1]^2 = 0.279749 + I0.000000
# Psi[2]^2 = 0.140071 + I0.000000
# phi0 = 2.480937 
# phi1 = 2.529139 
# phi2 = -1.937727 
# Psi = 
#	4.674024e-01+i(-6.014271e-01)
#	3.040600e-01+i(-4.327779e-01)
#	-3.493474e-01+i(-1.342668e-01)
#ProbSurv b 1-|Psi|^2 calls E tol dh dh(prev) dh(last)
0.479513780825	1	-1.44995e-13	9001	380000	0.0001	0.0001	0.0001	5e-05
