# a = 0.100000
# b = 1.000000
# E = 3.800000
# tol = 0.000100
# s12 = 0.554977
# s13 = 0.152971
# psi0 = 0.822075 + I0.000000	0.548446 + I0.000000	0.152971 + I0.000000
# dh = 0.000100
# out = data/E3.8e0.0_tol1e-4.log
# model = sun
# scan_steps = 100.000000
# H0 = 
#	 0.000000e+00 0.000000e+00 0.000000e+00
#	 0.000000e+00 3.499205e+04 0.000000e+00
#	 0.000000e+00 0.000000e+00 1.145253e+06
# W = 
#	 6.758072e-01 4.508635e-01 1.257533e-01
#	 4.508635e-01 3.007928e-01 8.389608e-02
#	 1.257533e-01 8.389608e-02 2.340000e-02
# H0W = 
#	 0.000000e+00 -1.577664e+04 -1.440193e+05
#	 1.577664e+04 0.000000e+00 -9.314651e+04
#	 1.440193e+05 9.314651e+04 0.000000e+00
# H0H0W = 
#	 0.000000e+00 5.520569e+08 1.649385e+11
#	 5.520569e+08 0.000000e+00 1.034169e+11
#	 1.649385e+11 1.034169e+11 0.000000e+00
# WH0W = 
#	 5.044802e+04 1.787966e+04 -1.346320e+05
#	 1.787966e+04 1.403029e+03 -9.275518e+04
#	 -1.346320e+05 -9.275518e+04 -5.185105e+04
#################################################
##            CALCULATION COMPLETED            ##
#################################################
# Psi[0]^2 = 0.356871 + I0.000000
# Psi[1]^2 = 0.618775 + I0.000000
# Psi[2]^2 = 0.024354 + I0.000000
# phi0 = -2.511863 
# phi1 = 0.238291 
# phi2 = -1.198567 
# Psi = 
#	-3.518168e-01+i(-4.828003e-01)
#	1.856761e-01+i(7.643947e-01)
#	-1.453702e-01+i(5.675690e-02)
#ProbSurv b 1-|Psi|^2 calls E tol dh dh(prev) dh(last)
0.427869059569	1	-1.29685e-11	36319	3.8	0.0001	0.0001	2.47814e-05	2.00329e-05
