# a = 0.100000
# b = 1.000000
# E = 120.166551
# tol = 0.000100
# s12 = 0.554977
# s13 = 0.152971
# psi0 = 0.822075 + I0.000000	0.548446 + I0.000000	0.152971 + I0.000000
# dh = 0.000100
# out = data/E3.8e1.5_tol1e-4.log
# model = sun
# scan_steps = 100.000000
# H0 = 
#	 0.000000e+00 0.000000e+00 0.000000e+00
#	 0.000000e+00 1.106546e+03 0.000000e+00
#	 0.000000e+00 0.000000e+00 3.621607e+04
# W = 
#	 6.758072e-01 4.508635e-01 1.257533e-01
#	 4.508635e-01 3.007928e-01 8.389608e-02
#	 1.257533e-01 8.389608e-02 2.340000e-02
# H0W = 
#	 0.000000e+00 -4.989011e+02 -4.554290e+03
#	 4.989011e+02 0.000000e+00 -2.945551e+03
#	 4.554290e+03 2.945551e+03 0.000000e+00
# H0H0W = 
#	 0.000000e+00 5.520569e+05 1.649385e+08
#	 5.520569e+05 0.000000e+00 1.034169e+08
#	 1.649385e+08 1.034169e+08 0.000000e+00
# WH0W = 
#	 1.595306e+03 5.654046e+02 -4.257437e+03
#	 5.654046e+02 4.436769e+01 -2.933176e+03
#	 -4.257437e+03 -2.933176e+03 -1.639674e+03
#################################################
##            CALCULATION COMPLETED            ##
#################################################
# Psi[0]^2 = 0.000545 + I0.000000
# Psi[1]^2 = 0.858682 + I0.000000
# Psi[2]^2 = 0.140773 + I0.000000
# phi0 = -1.839377 
# phi1 = -1.017122 
# phi2 = 2.379442 
# Psi = 
#	-2.251826e-02+i(-6.197706e-03)
#	-7.882076e-01+i(4.872479e-01)
#	2.590655e-01+i(-2.713997e-01)
#ProbSurv b 1-|Psi|^2 calls E tol dh dh(prev) dh(last)
0.261948029796	1	1.65756e-12	9001	120.167	0.0001	0.0001	0.0001	5e-05
