# a = 0.100000
# b = 1.000000
# E = 380.000000
# tol = 0.000100
# s12 = 0.554977
# s13 = 0.152971
# psi0 = 0.822075 + I0.000000	0.548446 + I0.000000	0.152971 + I0.000000
# dh = 0.000100
# out = data/E3.8e2.0_tol1e-4.log
# model = sun
# scan_steps = 100.000000
# H0 = 
#	 0.000000e+00 0.000000e+00 0.000000e+00
#	 0.000000e+00 3.499205e+02 0.000000e+00
#	 0.000000e+00 0.000000e+00 1.145253e+04
# W = 
#	 6.758072e-01 4.508635e-01 1.257533e-01
#	 4.508635e-01 3.007928e-01 8.389608e-02
#	 1.257533e-01 8.389608e-02 2.340000e-02
# H0W = 
#	 0.000000e+00 -1.577664e+02 -1.440193e+03
#	 1.577664e+02 0.000000e+00 -9.314651e+02
#	 1.440193e+03 9.314651e+02 0.000000e+00
# H0H0W = 
#	 0.000000e+00 5.520569e+04 1.649385e+07
#	 5.520569e+04 0.000000e+00 1.034169e+07
#	 1.649385e+07 1.034169e+07 0.000000e+00
# WH0W = 
#	 5.044802e+02 1.787966e+02 -1.346320e+03
#	 1.787966e+02 1.403029e+01 -9.275518e+02
#	 -1.346320e+03 -9.275518e+02 -5.185105e+02
#################################################
##            CALCULATION COMPLETED            ##
#################################################
# Psi[0]^2 = 0.000053 + I0.000000
# Psi[1]^2 = 0.018715 + I0.000000
# Psi[2]^2 = 0.981232 + I0.000000
# phi0 = 1.291004 
# phi1 = 2.353920 
# phi2 = -0.932177 
# Psi = 
#	7.013498e-03+i(2.015181e-03)
#	9.695297e-02+i(-9.651294e-02)
#	-7.953491e-01+i(5.904676e-01)
#ProbSurv b 1-|Psi|^2 calls E tol dh dh(prev) dh(last)
0.0286260431153	1	-4.10338e-13	9001	380	0.0001	0.0001	0.0001	5e-05
