# a = 0.100000
# b = 1.000000
# E = 1201665.510864
# tol = 0.000100
# s12 = 0.554977
# s13 = 0.152971
# psi0 = 0.822075 + I0.000000	0.548446 + I0.000000	0.152971 + I0.000000
# dh = 0.000100
# out = data/E3.8e5.5_tol1e-4.log
# model = sun
# scan_steps = 100.000000
# H0 = 
#	 0.000000e+00 0.000000e+00 0.000000e+00
#	 0.000000e+00 1.106546e-01 0.000000e+00
#	 0.000000e+00 0.000000e+00 3.621607e+00
# W = 
#	 6.758072e-01 4.508635e-01 1.257533e-01
#	 4.508635e-01 3.007928e-01 8.389608e-02
#	 1.257533e-01 8.389608e-02 2.340000e-02
# H0W = 
#	 0.000000e+00 -4.989011e-02 -4.554290e-01
#	 4.989011e-02 0.000000e+00 -2.945551e-01
#	 4.554290e-01 2.945551e-01 0.000000e+00
# H0H0W = 
#	 0.000000e+00 5.520569e-03 1.649385e+00
#	 5.520569e-03 0.000000e+00 1.034169e+00
#	 1.649385e+00 1.034169e+00 0.000000e+00
# WH0W = 
#	 1.595306e-01 5.654046e-02 -4.257437e-01
#	 5.654046e-02 4.436769e-03 -2.933176e-01
#	 -4.257437e-01 -2.933176e-01 -1.639674e-01
#################################################
##            CALCULATION COMPLETED            ##
#################################################
# Psi[0]^2 = 0.653914 + I0.000000
# Psi[1]^2 = 0.298407 + I0.000000
# Psi[2]^2 = 0.047679 + I0.000000
# phi0 = 2.289413 
# phi1 = 2.304540 
# phi2 = 2.815794 
# Psi = 
#	6.086847e-01+i(-5.323695e-01)
#	4.056971e-01+i(-3.658096e-01)
#	6.988777e-02+i(-2.068684e-01)
#ProbSurv b 1-|Psi|^2 calls E tol dh dh(prev) dh(last)
0.532794325667	1	-1.13465e-13	9001	1.20167e+06	0.0001	0.0001	0.0001	5e-05
