# a = 0.100000
# b = 1.000000
# E = 38000.000000
# tol = 0.000100
# s12 = 0.554977
# s13 = 0.152971
# psi0 = 0.822075 + I0.000000	0.548446 + I0.000000	0.152971 + I0.000000
# dh = 0.000100
# out = data/E3.8e4.0_tol1e-4.log
# model = sun
# scan_steps = 100.000000
# H0 = 
#	 0.000000e+00 0.000000e+00 0.000000e+00
#	 0.000000e+00 3.499205e+00 0.000000e+00
#	 0.000000e+00 0.000000e+00 1.145253e+02
# W = 
#	 6.758072e-01 4.508635e-01 1.257533e-01
#	 4.508635e-01 3.007928e-01 8.389608e-02
#	 1.257533e-01 8.389608e-02 2.340000e-02
# H0W = 
#	 0.000000e+00 -1.577664e+00 -1.440193e+01
#	 1.577664e+00 0.000000e+00 -9.314651e+00
#	 1.440193e+01 9.314651e+00 0.000000e+00
# H0H0W = 
#	 0.000000e+00 5.520569e+00 1.649385e+03
#	 5.520569e+00 0.000000e+00 1.034169e+03
#	 1.649385e+03 1.034169e+03 0.000000e+00
# WH0W = 
#	 5.044802e+00 1.787966e+00 -1.346320e+01
#	 1.787966e+00 1.403029e-01 -9.275518e+00
#	 -1.346320e+01 -9.275518e+00 -5.185105e+00
#################################################
##            CALCULATION COMPLETED            ##
#################################################
# Psi[0]^2 = 0.104686 + I0.000000
# Psi[1]^2 = 0.100663 + I0.000000
# Psi[2]^2 = 0.794652 + I0.000000
# phi0 = -1.914151 
# phi1 = -1.411757 
# phi2 = 2.653614 
# Psi = 
#	-3.046659e-01+i(-1.089230e-01)
#	-3.132700e-01+i(5.024667e-02)
#	4.179407e-01+i(-7.873863e-01)
#ProbSurv b 1-|Psi|^2 calls E tol dh dh(prev) dh(last)
 0.11962073375	1	-1.26121e-13	9001	38000	0.0001	0.0001	0.0001	5e-05
