# a = 0.100000
# b = 1.000000
# E = 123328.828747
# tol = 0.000100
# s12 = 0.554977
# s13 = 0.152971
# psi0 = 0.822075 + I0.000000	0.548446 + I0.000000	0.152971 + I0.000000
# dh = 0.000100
# out = data/E3.9e4.5_tol1e-4.log
# model = sun
# scan_steps = 100.000000
# H0 = 
#	 0.000000e+00 0.000000e+00 0.000000e+00
#	 0.000000e+00 1.078173e+00 0.000000e+00
#	 0.000000e+00 0.000000e+00 3.528745e+01
# W = 
#	 6.758072e-01 4.508635e-01 1.257533e-01
#	 4.508635e-01 3.007928e-01 8.389608e-02
#	 1.257533e-01 8.389608e-02 2.340000e-02
# H0W = 
#	 0.000000e+00 -4.861088e-01 -4.437513e+00
#	 4.861088e-01 0.000000e+00 -2.870024e+00
#	 4.437513e+00 2.870024e+00 0.000000e+00
# H0H0W = 
#	 0.000000e+00 5.241093e-01 1.565885e+02
#	 5.241093e-01 0.000000e+00 9.818146e+01
#	 1.565885e+02 9.818146e+01 0.000000e+00
# WH0W = 
#	 1.554401e+00 5.509071e-01 -4.148272e+00
#	 5.509071e-01 4.323005e-02 -2.857967e+00
#	 -4.148272e+00 -2.857967e+00 -1.597631e+00
#################################################
##            CALCULATION COMPLETED            ##
#################################################
# Psi[0]^2 = 0.393887 + I0.000000
# Psi[1]^2 = 0.223487 + I0.000000
# Psi[2]^2 = 0.382626 + I0.000000
# phi0 = 2.965718 
# phi1 = 3.115627 
# phi2 = -1.873163 
# Psi = 
#	1.098114e-01+i(-6.179226e-01)
#	1.227394e-02+i(-4.725852e-01)
#	-5.905057e-01+i(-1.841972e-01)
#ProbSurv b 1-|Psi|^2 calls E tol dh dh(prev) dh(last)
0.342368489569	1	-1.42109e-13	9001	123329	0.0001	0.0001	0.0001	5e-05
