# a = 0.100000
# b = 1.000000
# E = 39000.000000
# tol = 0.000100
# s12 = 0.554977
# s13 = 0.152971
# psi0 = 0.822075 + I0.000000	0.548446 + I0.000000	0.152971 + I0.000000
# dh = 0.000100
# out = data/E3.9e4.0_tol1e-4.log
# model = sun
# scan_steps = 100.000000
# H0 = 
#	 0.000000e+00 0.000000e+00 0.000000e+00
#	 0.000000e+00 3.409482e+00 0.000000e+00
#	 0.000000e+00 0.000000e+00 1.115887e+02
# W = 
#	 6.758072e-01 4.508635e-01 1.257533e-01
#	 4.508635e-01 3.007928e-01 8.389608e-02
#	 1.257533e-01 8.389608e-02 2.340000e-02
# H0W = 
#	 0.000000e+00 -1.537211e+00 -1.403265e+01
#	 1.537211e+00 0.000000e+00 -9.075813e+00
#	 1.403265e+01 9.075813e+00 0.000000e+00
# H0H0W = 
#	 0.000000e+00 5.241093e+00 1.565885e+03
#	 5.241093e+00 0.000000e+00 9.818146e+02
#	 1.565885e+03 9.818146e+02 0.000000e+00
# WH0W = 
#	 4.915448e+00 1.742121e+00 -1.311799e+01
#	 1.742121e+00 1.367054e-01 -9.037684e+00
#	 -1.311799e+01 -9.037684e+00 -5.052153e+00
#################################################
##            CALCULATION COMPLETED            ##
#################################################
# Psi[0]^2 = 0.108965 + I0.000000
# Psi[1]^2 = 0.103356 + I0.000000
# Psi[2]^2 = 0.787680 + I0.000000
# phi0 = -1.960809 
# phi1 = -1.472026 
# phi2 = 1.428555 
# Psi = 
#	-3.053091e-01+i(-1.255033e-01)
#	-3.199230e-01+i(3.170191e-02)
#	8.785499e-01+i(1.258156e-01)
#ProbSurv b 1-|Psi|^2 calls E tol dh dh(prev) dh(last)
0.123159522237	1	-1.12799e-13	9001	39000	0.0001	0.0001	0.0001	5e-05
