# a = 0.100000
# b = 1.000000
# E = 1233288.287466
# tol = 0.000100
# s12 = 0.554977
# s13 = 0.152971
# psi0 = 0.822075 + I0.000000	0.548446 + I0.000000	0.152971 + I0.000000
# dh = 0.000100
# out = data/E3.9e5.5_tol1e-4.log
# model = sun
# scan_steps = 100.000000
# H0 = 
#	 0.000000e+00 0.000000e+00 0.000000e+00
#	 0.000000e+00 1.078173e-01 0.000000e+00
#	 0.000000e+00 0.000000e+00 3.528745e+00
# W = 
#	 6.758072e-01 4.508635e-01 1.257533e-01
#	 4.508635e-01 3.007928e-01 8.389608e-02
#	 1.257533e-01 8.389608e-02 2.340000e-02
# H0W = 
#	 0.000000e+00 -4.861088e-02 -4.437513e-01
#	 4.861088e-02 0.000000e+00 -2.870024e-01
#	 4.437513e-01 2.870024e-01 0.000000e+00
# H0H0W = 
#	 0.000000e+00 5.241093e-03 1.565885e+00
#	 5.241093e-03 0.000000e+00 9.818146e-01
#	 1.565885e+00 9.818146e-01 0.000000e+00
# WH0W = 
#	 1.554401e-01 5.509071e-02 -4.148272e-01
#	 5.509071e-02 4.323005e-03 -2.857967e-01
#	 -4.148272e-01 -2.857967e-01 -1.597631e-01
#################################################
##            CALCULATION COMPLETED            ##
#################################################
# Psi[0]^2 = 0.654581 + I0.000000
# Psi[1]^2 = 0.298519 + I0.000000
# Psi[2]^2 = 0.046901 + I0.000000
# phi0 = 2.287068 
# phi1 = 2.301807 
# phi2 = 2.799211 
# Psi = 
#	6.102419e-01+i(-5.312112e-01)
#	4.067712e-01+i(-3.647680e-01)
#	7.270815e-02+i(-2.039963e-01)
#ProbSurv b 1-|Psi|^2 calls E tol dh dh(prev) dh(last)
0.533259937217	1	-7.30527e-14	9001	1.23329e+06	0.0001	0.0001	0.0001	5e-05
