# a = 0.100000
# b = 1.000000
# E = 12332.882875
# tol = 0.000100
# s12 = 0.554977
# s13 = 0.152971
# psi0 = 0.822075 + I0.000000	0.548446 + I0.000000	0.152971 + I0.000000
# dh = 0.000100
# out = data/E3.9e3.5_tol1e-4.log
# model = sun
# scan_steps = 100.000000
# H0 = 
#	 0.000000e+00 0.000000e+00 0.000000e+00
#	 0.000000e+00 1.078173e+01 0.000000e+00
#	 0.000000e+00 0.000000e+00 3.528745e+02
# W = 
#	 6.758072e-01 4.508635e-01 1.257533e-01
#	 4.508635e-01 3.007928e-01 8.389608e-02
#	 1.257533e-01 8.389608e-02 2.340000e-02
# H0W = 
#	 0.000000e+00 -4.861088e+00 -4.437513e+01
#	 4.861088e+00 0.000000e+00 -2.870024e+01
#	 4.437513e+01 2.870024e+01 0.000000e+00
# H0H0W = 
#	 0.000000e+00 5.241093e+01 1.565885e+04
#	 5.241093e+01 0.000000e+00 9.818146e+03
#	 1.565885e+04 9.818146e+03 0.000000e+00
# WH0W = 
#	 1.554401e+01 5.509071e+00 -4.148272e+01
#	 5.509071e+00 4.323005e-01 -2.857967e+01
#	 -4.148272e+01 -2.857967e+01 -1.597631e+01
#################################################
##            CALCULATION COMPLETED            ##
#################################################
# Psi[0]^2 = 0.001136 + I0.000000
# Psi[1]^2 = 0.006208 + I0.000000
# Psi[2]^2 = 0.992656 + I0.000000
# phi0 = 1.729535 
# phi1 = -2.852390 
# phi2 = -2.080626 
# Psi = 
#	3.327606e-02+i(-5.327004e-03)
#	-2.247068e-02+i(-7.552042e-02)
#	-8.696169e-01+i(-4.862330e-01)
#ProbSurv b 1-|Psi|^2 calls E tol dh dh(prev) dh(last)
0.025863049352	1	-9.34808e-14	9001	12332.9	0.0001	0.0001	0.0001	5e-05
