# a = 0.100000
# b = 1.000000
# E = 390.000000
# tol = 0.000100
# s12 = 0.554977
# s13 = 0.152971
# psi0 = 0.822075 + I0.000000	0.548446 + I0.000000	0.152971 + I0.000000
# dh = 0.000100
# out = data/E3.9e2.0_tol1e-4.log
# model = sun
# scan_steps = 100.000000
# H0 = 
#	 0.000000e+00 0.000000e+00 0.000000e+00
#	 0.000000e+00 3.409482e+02 0.000000e+00
#	 0.000000e+00 0.000000e+00 1.115887e+04
# W = 
#	 6.758072e-01 4.508635e-01 1.257533e-01
#	 4.508635e-01 3.007928e-01 8.389608e-02
#	 1.257533e-01 8.389608e-02 2.340000e-02
# H0W = 
#	 0.000000e+00 -1.537211e+02 -1.403265e+03
#	 1.537211e+02 0.000000e+00 -9.075813e+02
#	 1.403265e+03 9.075813e+02 0.000000e+00
# H0H0W = 
#	 0.000000e+00 5.241093e+04 1.565885e+07
#	 5.241093e+04 0.000000e+00 9.818146e+06
#	 1.565885e+07 9.818146e+06 0.000000e+00
# WH0W = 
#	 4.915448e+02 1.742121e+02 -1.311799e+03
#	 1.742121e+02 1.367054e+01 -9.037684e+02
#	 -1.311799e+03 -9.037684e+02 -5.052153e+02
#################################################
##            CALCULATION COMPLETED            ##
#################################################
# Psi[0]^2 = 0.000048 + I0.000000
# Psi[1]^2 = 0.017082 + I0.000000
# Psi[2]^2 = 0.982870 + I0.000000
# phi0 = -0.944661 
# phi1 = -2.649274 
# phi2 = -2.244258 
# Psi = 
#	-5.606620e-03+i(4.054774e-03)
#	-6.177695e-02+i(-1.151760e-01)
#	-7.749435e-01+i(-6.183307e-01)
#ProbSurv b 1-|Psi|^2 calls E tol dh dh(prev) dh(last)
0.0281696305666	1	-3.14193e-13	9001	390	0.0001	0.0001	0.0001	5e-05
