# a = 0.100000
# b = 1.000000
# E = 0.390000
# tol = 0.000100
# s12 = 0.554977
# s13 = 0.152971
# psi0 = 0.822075 + I0.000000	0.548446 + I0.000000	0.152971 + I0.000000
# dh = 0.000100
# out = data/E3.9e-1.0_tol1e-4.log
# model = sun
# scan_steps = 100.000000
# H0 = 
#	 0.000000e+00 0.000000e+00 0.000000e+00
#	 0.000000e+00 3.409482e+05 0.000000e+00
#	 0.000000e+00 0.000000e+00 1.115887e+07
# W = 
#	 6.758072e-01 4.508635e-01 1.257533e-01
#	 4.508635e-01 3.007928e-01 8.389608e-02
#	 1.257533e-01 8.389608e-02 2.340000e-02
# H0W = 
#	 0.000000e+00 -1.537211e+05 -1.403265e+06
#	 1.537211e+05 0.000000e+00 -9.075813e+05
#	 1.403265e+06 9.075813e+05 0.000000e+00
# H0H0W = 
#	 0.000000e+00 5.241093e+10 1.565885e+13
#	 5.241093e+10 0.000000e+00 9.818146e+12
#	 1.565885e+13 9.818146e+12 0.000000e+00
# WH0W = 
#	 4.915448e+05 1.742121e+05 -1.311799e+06
#	 1.742121e+05 1.367054e+04 -9.037684e+05
#	 -1.311799e+06 -9.037684e+05 -5.052153e+05
#################################################
##            CALCULATION COMPLETED            ##
#################################################
# Psi[0]^2 = 0.647316 + I0.000000
# Psi[1]^2 = 0.329189 + I0.000000
# Psi[2]^2 = 0.023495 + I0.000000
# phi0 = 2.504128 
# phi1 = 1.876866 
# phi2 = 0.158774 
# Psi = 
#	4.788415e-01+i(-6.465496e-01)
#	5.470851e-01+i(-1.728783e-01)
#	2.423509e-02+i(1.513539e-01)
#ProbSurv b 1-|Psi|^2 calls E tol dh dh(prev) dh(last)
0.537028029247	1	3.69536e-11	1296130	0.39	0.0001	0.0001	6.94376e-07	4.98711e-07
