# a = 0.100000
# b = 1.000000
# E = 390000.000000
# tol = 0.000100
# s12 = 0.554977
# s13 = 0.152971
# psi0 = 0.822075 + I0.000000	0.548446 + I0.000000	0.152971 + I0.000000
# dh = 0.000100
# out = data/E3.9e5.0_tol1e-4.log
# model = sun
# scan_steps = 100.000000
# H0 = 
#	 0.000000e+00 0.000000e+00 0.000000e+00
#	 0.000000e+00 3.409482e-01 0.000000e+00
#	 0.000000e+00 0.000000e+00 1.115887e+01
# W = 
#	 6.758072e-01 4.508635e-01 1.257533e-01
#	 4.508635e-01 3.007928e-01 8.389608e-02
#	 1.257533e-01 8.389608e-02 2.340000e-02
# H0W = 
#	 0.000000e+00 -1.537211e-01 -1.403265e+00
#	 1.537211e-01 0.000000e+00 -9.075813e-01
#	 1.403265e+00 9.075813e-01 0.000000e+00
# H0H0W = 
#	 0.000000e+00 5.241093e-02 1.565885e+01
#	 5.241093e-02 0.000000e+00 9.818146e+00
#	 1.565885e+01 9.818146e+00 0.000000e+00
# WH0W = 
#	 4.915448e-01 1.742121e-01 -1.311799e+00
#	 1.742121e-01 1.367054e-02 -9.037684e-01
#	 -1.311799e+00 -9.037684e-01 -5.052153e-01
#################################################
##            CALCULATION COMPLETED            ##
#################################################
# Psi[0]^2 = 0.583386 + I0.000000
# Psi[1]^2 = 0.280711 + I0.000000
# Psi[2]^2 = 0.135903 + I0.000000
# phi0 = 2.474191 
# phi1 = 2.521127 
# phi2 = -1.999713 
# Psi = 
#	4.727502e-01+i(-5.999109e-01)
#	3.080456e-01+i(-4.310670e-01)
#	-3.352570e-01+i(-1.533166e-01)
#ProbSurv b 1-|Psi|^2 calls E tol dh dh(prev) dh(last)
0.481872318836	1	-9.50351e-14	9001	390000	0.0001	0.0001	0.0001	5e-05
