# a = 0.100000
# b = 1.000000
# E = 1233.288287
# tol = 0.000100
# s12 = 0.554977
# s13 = 0.152971
# psi0 = 0.822075 + I0.000000	0.548446 + I0.000000	0.152971 + I0.000000
# dh = 0.000100
# out = data/E3.9e2.5_tol1e-4.log
# model = sun
# scan_steps = 100.000000
# H0 = 
#	 0.000000e+00 0.000000e+00 0.000000e+00
#	 0.000000e+00 1.078173e+02 0.000000e+00
#	 0.000000e+00 0.000000e+00 3.528745e+03
# W = 
#	 6.758072e-01 4.508635e-01 1.257533e-01
#	 4.508635e-01 3.007928e-01 8.389608e-02
#	 1.257533e-01 8.389608e-02 2.340000e-02
# H0W = 
#	 0.000000e+00 -4.861088e+01 -4.437513e+02
#	 4.861088e+01 0.000000e+00 -2.870024e+02
#	 4.437513e+02 2.870024e+02 0.000000e+00
# H0H0W = 
#	 0.000000e+00 5.241093e+03 1.565885e+06
#	 5.241093e+03 0.000000e+00 9.818146e+05
#	 1.565885e+06 9.818146e+05 0.000000e+00
# WH0W = 
#	 1.554401e+02 5.509071e+01 -4.148272e+02
#	 5.509071e+01 4.323005e+00 -2.857967e+02
#	 -4.148272e+02 -2.857967e+02 -1.597631e+02
#################################################
##            CALCULATION COMPLETED            ##
#################################################
# Psi[0]^2 = 0.000004 + I0.000000
# Psi[1]^2 = 0.000721 + I0.000000
# Psi[2]^2 = 0.999275 + I0.000000
# phi0 = -1.423781 
# phi1 = 2.053446 
# phi2 = -2.245151 
# Psi = 
#	-2.022121e-03+i(2.994434e-04)
#	2.377851e-02+i(-1.245954e-02)
#	-7.808268e-01+i(-6.241671e-01)
#ProbSurv b 1-|Psi|^2 calls E tol dh dh(prev) dh(last)
0.0236026314212	1	-6.68354e-14	9001	1233.29	0.0001	0.0001	0.0001	5e-05
