# a = 0.100000
# b = 1.000000
# E = 123.328829
# tol = 0.000100
# s12 = 0.554977
# s13 = 0.152971
# psi0 = 0.822075 + I0.000000	0.548446 + I0.000000	0.152971 + I0.000000
# dh = 0.000100
# out = data/E3.9e1.5_tol1e-4.log
# model = sun
# scan_steps = 100.000000
# H0 = 
#	 0.000000e+00 0.000000e+00 0.000000e+00
#	 0.000000e+00 1.078173e+03 0.000000e+00
#	 0.000000e+00 0.000000e+00 3.528745e+04
# W = 
#	 6.758072e-01 4.508635e-01 1.257533e-01
#	 4.508635e-01 3.007928e-01 8.389608e-02
#	 1.257533e-01 8.389608e-02 2.340000e-02
# H0W = 
#	 0.000000e+00 -4.861088e+02 -4.437513e+03
#	 4.861088e+02 0.000000e+00 -2.870024e+03
#	 4.437513e+03 2.870024e+03 0.000000e+00
# H0H0W = 
#	 0.000000e+00 5.241093e+05 1.565885e+08
#	 5.241093e+05 0.000000e+00 9.818146e+07
#	 1.565885e+08 9.818146e+07 0.000000e+00
# WH0W = 
#	 1.554401e+03 5.509071e+02 -4.148272e+03
#	 5.509071e+02 4.323005e+01 -2.857967e+03
#	 -4.148272e+03 -2.857967e+03 -1.597631e+03
#################################################
##            CALCULATION COMPLETED            ##
#################################################
# Psi[0]^2 = 0.000480 + I0.000000
# Psi[1]^2 = 0.848960 + I0.000000
# Psi[2]^2 = 0.150560 + I0.000000
# phi0 = -0.262985 
# phi1 = 1.954745 
# phi2 = -2.660033 
# Psi = 
#	-5.693846e-03+i(2.114939e-02)
#	8.543064e-01+i(-3.451385e-01)
#	-1.797165e-01+i(-3.438927e-01)
#ProbSurv b 1-|Psi|^2 calls E tol dh dh(prev) dh(last)
0.259208385876	1	1.72795e-12	9001	123.329	0.0001	0.0001	0.0001	5e-05
