# a = 0.100000
# b = 1.000000
# E = 3.900000
# tol = 0.000100
# s12 = 0.554977
# s13 = 0.152971
# psi0 = 0.822075 + I0.000000	0.548446 + I0.000000	0.152971 + I0.000000
# dh = 0.000100
# out = data/E3.9e0.0_tol1e-4.log
# model = sun
# scan_steps = 100.000000
# H0 = 
#	 0.000000e+00 0.000000e+00 0.000000e+00
#	 0.000000e+00 3.409482e+04 0.000000e+00
#	 0.000000e+00 0.000000e+00 1.115887e+06
# W = 
#	 6.758072e-01 4.508635e-01 1.257533e-01
#	 4.508635e-01 3.007928e-01 8.389608e-02
#	 1.257533e-01 8.389608e-02 2.340000e-02
# H0W = 
#	 0.000000e+00 -1.537211e+04 -1.403265e+05
#	 1.537211e+04 0.000000e+00 -9.075813e+04
#	 1.403265e+05 9.075813e+04 0.000000e+00
# H0H0W = 
#	 0.000000e+00 5.241093e+08 1.565885e+11
#	 5.241093e+08 0.000000e+00 9.818146e+10
#	 1.565885e+11 9.818146e+10 0.000000e+00
# WH0W = 
#	 4.915448e+04 1.742121e+04 -1.311799e+05
#	 1.742121e+04 1.367054e+03 -9.037684e+04
#	 -1.311799e+05 -9.037684e+04 -5.052153e+04
#################################################
##            CALCULATION COMPLETED            ##
#################################################
# Psi[0]^2 = 0.348956 + I0.000000
# Psi[1]^2 = 0.626664 + I0.000000
# Psi[2]^2 = 0.024380 + I0.000000
# phi0 = -0.856854 
# phi1 = 1.591741 
# phi2 = -3.014400 
# Psi = 
#	-4.464621e-01+i(3.868175e-01)
#	7.914475e-01+i(-1.657940e-02)
#	-1.980631e-02+i(-1.548789e-01)
#ProbSurv b 1-|Psi|^2 calls E tol dh dh(prev) dh(last)
0.424893649433	1	-1.35221e-11	35407	3.9	0.0001	0.0001	2.54196e-05	2.29413e-05
