# a = 0.100000
# b = 1.000000
# E = 40000.000000
# tol = 0.000100
# s12 = 0.554977
# s13 = 0.152971
# psi0 = 0.822075 + I0.000000	0.548446 + I0.000000	0.152971 + I0.000000
# dh = 0.000100
# out = data/E4.0e4.0_tol1e-4.log
# model = sun
# scan_steps = 100.000000
# H0 = 
#	 0.000000e+00 0.000000e+00 0.000000e+00
#	 0.000000e+00 3.324245e+00 0.000000e+00
#	 0.000000e+00 0.000000e+00 1.087990e+02
# W = 
#	 6.758072e-01 4.508635e-01 1.257533e-01
#	 4.508635e-01 3.007928e-01 8.389608e-02
#	 1.257533e-01 8.389608e-02 2.340000e-02
# H0W = 
#	 0.000000e+00 -1.498781e+00 -1.368183e+01
#	 1.498781e+00 0.000000e+00 -8.848918e+00
#	 1.368183e+01 8.848918e+00 0.000000e+00
# H0H0W = 
#	 0.000000e+00 4.982314e+00 1.488570e+03
#	 4.982314e+00 0.000000e+00 9.333375e+02
#	 1.488570e+03 9.333375e+02 0.000000e+00
# WH0W = 
#	 4.792562e+00 1.698568e+00 -1.279004e+01
#	 1.698568e+00 1.332878e-01 -8.811742e+00
#	 -1.279004e+01 -8.811742e+00 -4.925850e+00
#################################################
##            CALCULATION COMPLETED            ##
#################################################
# Psi[0]^2 = 0.114431 + I0.000000
# Psi[1]^2 = 0.106711 + I0.000000
# Psi[2]^2 = 0.778858 + I0.000000
# phi0 = -2.002198 
# phi1 = -1.528633 
# phi2 = 0.270959 
# Psi = 
#	-3.072834e-01+i(-1.414482e-01)
#	-3.263768e-01+i(1.376918e-02)
#	2.362141e-01+i(8.503298e-01)
#ProbSurv b 1-|Psi|^2 calls E tol dh dh(prev) dh(last)
0.127656367232	1	-8.83738e-14	9001	40000	0.0001	0.0001	0.0001	5e-05
