# a = 0.100000
# b = 1.000000
# E = 400000.000000
# tol = 0.000100
# s12 = 0.554977
# s13 = 0.152971
# psi0 = 0.822075 + I0.000000	0.548446 + I0.000000	0.152971 + I0.000000
# dh = 0.000100
# out = data/E4.0e5.0_tol1e-4.log
# model = sun
# scan_steps = 100.000000
# H0 = 
#	 0.000000e+00 0.000000e+00 0.000000e+00
#	 0.000000e+00 3.324245e-01 0.000000e+00
#	 0.000000e+00 0.000000e+00 1.087990e+01
# W = 
#	 6.758072e-01 4.508635e-01 1.257533e-01
#	 4.508635e-01 3.007928e-01 8.389608e-02
#	 1.257533e-01 8.389608e-02 2.340000e-02
# H0W = 
#	 0.000000e+00 -1.498781e-01 -1.368183e+00
#	 1.498781e-01 0.000000e+00 -8.848918e-01
#	 1.368183e+00 8.848918e-01 0.000000e+00
# H0H0W = 
#	 0.000000e+00 4.982314e-02 1.488570e+01
#	 4.982314e-02 0.000000e+00 9.333375e+00
#	 1.488570e+01 9.333375e+00 0.000000e+00
# WH0W = 
#	 4.792562e-01 1.698568e-01 -1.279004e+00
#	 1.698568e-01 1.332878e-02 -8.811742e-01
#	 -1.279004e+00 -8.811742e-01 -4.925850e-01
#################################################
##            CALCULATION COMPLETED            ##
#################################################
# Psi[0]^2 = 0.586418 + I0.000000
# Psi[1]^2 = 0.281613 + I0.000000
# Psi[2]^2 = 0.131968 + I0.000000
# phi0 = 2.467736 
# phi1 = 2.513473 
# phi2 = -2.058255 
# Psi = 
#	4.778498e-01+i(-5.983963e-01)
#	3.118359e-01+i(-4.293849e-01)
#	-3.209625e-01+i(-1.701514e-01)
#ProbSurv b 1-|Psi|^2 calls E tol dh dh(prev) dh(last)
0.484101087624	1	-1.15685e-13	9001	400000	0.0001	0.0001	0.0001	5e-05
