# a = 0.100000
# b = 1.000000
# E = 4000000.000000
# tol = 0.000100
# s12 = 0.554977
# s13 = 0.152971
# psi0 = 0.822075 + I0.000000	0.548446 + I0.000000	0.152971 + I0.000000
# dh = 0.000100
# out = data/E4.0e6.0_tol1e-4.log
# model = sun
# scan_steps = 100.000000
# H0 = 
#	 0.000000e+00 0.000000e+00 0.000000e+00
#	 0.000000e+00 3.324245e-02 0.000000e+00
#	 0.000000e+00 0.000000e+00 1.087990e+00
# W = 
#	 6.758072e-01 4.508635e-01 1.257533e-01
#	 4.508635e-01 3.007928e-01 8.389608e-02
#	 1.257533e-01 8.389608e-02 2.340000e-02
# H0W = 
#	 0.000000e+00 -1.498781e-02 -1.368183e-01
#	 1.498781e-02 0.000000e+00 -8.848918e-02
#	 1.368183e-01 8.848918e-02 0.000000e+00
# H0H0W = 
#	 0.000000e+00 4.982314e-04 1.488570e-01
#	 4.982314e-04 0.000000e+00 9.333375e-02
#	 1.488570e-01 9.333375e-02 0.000000e+00
# WH0W = 
#	 4.792562e-02 1.698568e-02 -1.279004e-01
#	 1.698568e-02 1.332878e-03 -8.811742e-02
#	 -1.279004e-01 -8.811742e-02 -4.925850e-02
#################################################
##            CALCULATION COMPLETED            ##
#################################################
# Psi[0]^2 = 0.670084 + I0.000000
# Psi[1]^2 = 0.300483 + I0.000000
# Psi[2]^2 = 0.029433 + I0.000000
# phi0 = 2.225602 
# phi1 = 2.230150 
# phi2 = 2.377400 
# Psi = 
#	6.492757e-01+i(-4.985233e-01)
#	4.332618e-01+i(-3.358083e-01)
#	1.187112e-01+i(-1.238557e-01)
#ProbSurv b 1-|Psi|^2 calls E tol dh dh(prev) dh(last)
0.543919705678	1	-6.12843e-14	9001	4e+06	0.0001	0.0001	0.0001	5e-05
