# a = 0.100000
# b = 1.000000
# E = 12649.110641
# tol = 0.000100
# s12 = 0.554977
# s13 = 0.152971
# psi0 = 0.822075 + I0.000000	0.548446 + I0.000000	0.152971 + I0.000000
# dh = 0.000100
# out = data/E4.0e3.5_tol1e-4.log
# model = sun
# scan_steps = 100.000000
# H0 = 
#	 0.000000e+00 0.000000e+00 0.000000e+00
#	 0.000000e+00 1.051218e+01 0.000000e+00
#	 0.000000e+00 0.000000e+00 3.440526e+02
# W = 
#	 6.758072e-01 4.508635e-01 1.257533e-01
#	 4.508635e-01 3.007928e-01 8.389608e-02
#	 1.257533e-01 8.389608e-02 2.340000e-02
# H0W = 
#	 0.000000e+00 -4.739561e+00 -4.326575e+01
#	 4.739561e+00 0.000000e+00 -2.798274e+01
#	 4.326575e+01 2.798274e+01 0.000000e+00
# H0H0W = 
#	 0.000000e+00 4.982314e+01 1.488570e+04
#	 4.982314e+01 0.000000e+00 9.333375e+03
#	 1.488570e+04 9.333375e+03 0.000000e+00
# WH0W = 
#	 1.515541e+01 5.371344e+00 -4.044565e+01
#	 5.371344e+00 4.214930e-01 -2.786517e+01
#	 -4.044565e+01 -2.786517e+01 -1.557690e+01
#################################################
##            CALCULATION COMPLETED            ##
#################################################
# Psi[0]^2 = 0.001495 + I0.000000
# Psi[1]^2 = 0.007404 + I0.000000
# Psi[2]^2 = 0.991101 + I0.000000
# phi0 = 1.610110 
# phi1 = -2.998540 
# phi2 = -0.406933 
# Psi = 
#	3.863112e-02+i(-1.519524e-03)
#	-1.226743e-02+i(-8.516907e-02)
#	-3.940300e-01+i(9.142436e-01)
#ProbSurv b 1-|Psi|^2 calls E tol dh dh(prev) dh(last)
0.026429023188	1	-3.30846e-14	9001	12649.1	0.0001	0.0001	0.0001	5e-05
