# a = 0.100000
# b = 1.000000
# E = 4.000000
# tol = 0.000100
# s12 = 0.554977
# s13 = 0.152971
# psi0 = 0.822075 + I0.000000	0.548446 + I0.000000	0.152971 + I0.000000
# dh = 0.000100
# out = data/E4.0e0.0_tol1e-4.log
# model = sun
# scan_steps = 100.000000
# H0 = 
#	 0.000000e+00 0.000000e+00 0.000000e+00
#	 0.000000e+00 3.324245e+04 0.000000e+00
#	 0.000000e+00 0.000000e+00 1.087990e+06
# W = 
#	 6.758072e-01 4.508635e-01 1.257533e-01
#	 4.508635e-01 3.007928e-01 8.389608e-02
#	 1.257533e-01 8.389608e-02 2.340000e-02
# H0W = 
#	 0.000000e+00 -1.498781e+04 -1.368183e+05
#	 1.498781e+04 0.000000e+00 -8.848918e+04
#	 1.368183e+05 8.848918e+04 0.000000e+00
# H0H0W = 
#	 0.000000e+00 4.982314e+08 1.488570e+11
#	 4.982314e+08 0.000000e+00 9.333375e+10
#	 1.488570e+11 9.333375e+10 0.000000e+00
# WH0W = 
#	 4.792562e+04 1.698568e+04 -1.279004e+05
#	 1.698568e+04 1.332878e+03 -8.811742e+04
#	 -1.279004e+05 -8.811742e+04 -4.925850e+04
#################################################
##            CALCULATION COMPLETED            ##
#################################################
# Psi[0]^2 = 0.341175 + I0.000000
# Psi[1]^2 = 0.634419 + I0.000000
# Psi[2]^2 = 0.024406 + I0.000000
# phi0 = 0.796867 
# phi1 = -0.660479 
# phi2 = -2.853794 
# Psi = 
#	4.177321e-01+i(4.082589e-01)
#	-4.886513e-01+i(6.289982e-01)
#	-4.434271e-02+i(-1.497979e-01)
#ProbSurv b 1-|Psi|^2 calls E tol dh dh(prev) dh(last)
0.421968530066	1	-1.62288e-11	34747	4	0.0001	0.0001	2.59028e-05	1.73758e-05
