# a = 0.100000
# b = 1.000000
# E = 400.000000
# tol = 0.000100
# s12 = 0.554977
# s13 = 0.152971
# psi0 = 0.822075 + I0.000000	0.548446 + I0.000000	0.152971 + I0.000000
# dh = 0.000100
# out = data/E4.0e2.0_tol1e-4.log
# model = sun
# scan_steps = 100.000000
# H0 = 
#	 0.000000e+00 0.000000e+00 0.000000e+00
#	 0.000000e+00 3.324245e+02 0.000000e+00
#	 0.000000e+00 0.000000e+00 1.087990e+04
# W = 
#	 6.758072e-01 4.508635e-01 1.257533e-01
#	 4.508635e-01 3.007928e-01 8.389608e-02
#	 1.257533e-01 8.389608e-02 2.340000e-02
# H0W = 
#	 0.000000e+00 -1.498781e+02 -1.368183e+03
#	 1.498781e+02 0.000000e+00 -8.848918e+02
#	 1.368183e+03 8.848918e+02 0.000000e+00
# H0H0W = 
#	 0.000000e+00 4.982314e+04 1.488570e+07
#	 4.982314e+04 0.000000e+00 9.333375e+06
#	 1.488570e+07 9.333375e+06 0.000000e+00
# WH0W = 
#	 4.792562e+02 1.698568e+02 -1.279004e+03
#	 1.698568e+02 1.332878e+01 -8.811742e+02
#	 -1.279004e+03 -8.811742e+02 -4.925850e+02
#################################################
##            CALCULATION COMPLETED            ##
#################################################
# Psi[0]^2 = 0.000044 + I0.000000
# Psi[1]^2 = 0.015639 + I0.000000
# Psi[2]^2 = 0.984317 + I0.000000
# phi0 = -2.924373 
# phi1 = -0.781430 
# phi2 = 3.097600 
# Psi = 
#	-1.434856e-03+i(-6.501332e-03)
#	-8.807594e-02+i(8.877766e-02)
#	4.363239e-02+i(-9.911675e-01)
#ProbSurv b 1-|Psi|^2 calls E tol dh dh(prev) dh(last)
0.0277670213025	1	-3.5949e-13	9001	400	0.0001	0.0001	0.0001	5e-05
