# a = 0.100000
# b = 1.000000
# E = 126.491106
# tol = 0.000100
# s12 = 0.554977
# s13 = 0.152971
# psi0 = 0.822075 + I0.000000	0.548446 + I0.000000	0.152971 + I0.000000
# dh = 0.000100
# out = data/E4.0e1.5_tol1e-4.log
# model = sun
# scan_steps = 100.000000
# H0 = 
#	 0.000000e+00 0.000000e+00 0.000000e+00
#	 0.000000e+00 1.051218e+03 0.000000e+00
#	 0.000000e+00 0.000000e+00 3.440526e+04
# W = 
#	 6.758072e-01 4.508635e-01 1.257533e-01
#	 4.508635e-01 3.007928e-01 8.389608e-02
#	 1.257533e-01 8.389608e-02 2.340000e-02
# H0W = 
#	 0.000000e+00 -4.739561e+02 -4.326575e+03
#	 4.739561e+02 0.000000e+00 -2.798274e+03
#	 4.326575e+03 2.798274e+03 0.000000e+00
# H0H0W = 
#	 0.000000e+00 4.982314e+05 1.488570e+08
#	 4.982314e+05 0.000000e+00 9.333375e+07
#	 1.488570e+08 9.333375e+07 0.000000e+00
# WH0W = 
#	 1.515541e+03 5.371344e+02 -4.044565e+03
#	 5.371344e+02 4.214930e+01 -2.786517e+03
#	 -4.044565e+03 -2.786517e+03 -1.557690e+03
#################################################
##            CALCULATION COMPLETED            ##
#################################################
# Psi[0]^2 = 0.000466 + I0.000000
# Psi[1]^2 = 0.838327 + I0.000000
# Psi[2]^2 = 0.161207 + I0.000000
# phi0 = 1.446696 
# phi1 = -0.329569 
# phi2 = 2.730564 
# Psi = 
#	2.142162e-02+i(2.672172e-03)
#	-2.963209e-01+i(8.663262e-01)
#	1.604228e-01+i(-3.680644e-01)
#ProbSurv b 1-|Psi|^2 calls E tol dh dh(prev) dh(last)
0.256249947506	1	1.68821e-12	9001	126.491	0.0001	0.0001	0.0001	5e-05
