# a = 0.100000
# b = 1.000000
# E = 40.000000
# tol = 0.000100
# s12 = 0.554977
# s13 = 0.152971
# psi0 = 0.822075 + I0.000000	0.548446 + I0.000000	0.152971 + I0.000000
# dh = 0.000100
# out = data/E4.0e1.0_tol1e-4.log
# model = sun
# scan_steps = 100.000000
# H0 = 
#	 0.000000e+00 0.000000e+00 0.000000e+00
#	 0.000000e+00 3.324245e+03 0.000000e+00
#	 0.000000e+00 0.000000e+00 1.087990e+05
# W = 
#	 6.758072e-01 4.508635e-01 1.257533e-01
#	 4.508635e-01 3.007928e-01 8.389608e-02
#	 1.257533e-01 8.389608e-02 2.340000e-02
# H0W = 
#	 0.000000e+00 -1.498781e+03 -1.368183e+04
#	 1.498781e+03 0.000000e+00 -8.848918e+03
#	 1.368183e+04 8.848918e+03 0.000000e+00
# H0H0W = 
#	 0.000000e+00 4.982314e+06 1.488570e+09
#	 4.982314e+06 0.000000e+00 9.333375e+08
#	 1.488570e+09 9.333375e+08 0.000000e+00
# WH0W = 
#	 4.792562e+03 1.698568e+03 -1.279004e+04
#	 1.698568e+03 1.332878e+02 -8.811742e+03
#	 -1.279004e+04 -8.811742e+03 -4.925850e+03
#################################################
##            CALCULATION COMPLETED            ##
#################################################
# Psi[0]^2 = 0.005057 + I0.000000
# Psi[1]^2 = 0.957789 + I0.000000
# Psi[2]^2 = 0.037155 + I0.000000
# phi0 = -1.803952 
# phi1 = -0.330818 
# phi2 = -2.123405 
# Psi = 
#	-6.918515e-02+i(-1.642974e-02)
#	-3.178871e-01+i(9.256007e-01)
#	-1.640653e-01+i(-1.011790e-01)
#ProbSurv b 1-|Psi|^2 calls E tol dh dh(prev) dh(last)
0.292382649472	1	-7.9714e-14	9001	40	0.0001	0.0001	0.0001	5e-05
