# a = 0.100000
# b = 1.000000
# E = 12.649111
# tol = 0.000100
# s12 = 0.554977
# s13 = 0.152971
# psi0 = 0.822075 + I0.000000	0.548446 + I0.000000	0.152971 + I0.000000
# dh = 0.000100
# out = data/E4.0e0.5_tol1e-4.log
# model = sun
# scan_steps = 100.000000
# H0 = 
#	 0.000000e+00 0.000000e+00 0.000000e+00
#	 0.000000e+00 1.051218e+04 0.000000e+00
#	 0.000000e+00 0.000000e+00 3.440526e+05
# W = 
#	 6.758072e-01 4.508635e-01 1.257533e-01
#	 4.508635e-01 3.007928e-01 8.389608e-02
#	 1.257533e-01 8.389608e-02 2.340000e-02
# H0W = 
#	 0.000000e+00 -4.739561e+03 -4.326575e+04
#	 4.739561e+03 0.000000e+00 -2.798274e+04
#	 4.326575e+04 2.798274e+04 0.000000e+00
# H0H0W = 
#	 0.000000e+00 4.982314e+07 1.488570e+10
#	 4.982314e+07 0.000000e+00 9.333375e+09
#	 1.488570e+10 9.333375e+09 0.000000e+00
# WH0W = 
#	 1.515541e+04 5.371344e+03 -4.044565e+04
#	 5.371344e+03 4.214930e+02 -2.786517e+04
#	 -4.044565e+04 -2.786517e+04 -1.557690e+04
#################################################
##            CALCULATION COMPLETED            ##
#################################################
# Psi[0]^2 = 0.056363 + I0.000000
# Psi[1]^2 = 0.916829 + I0.000000
# Psi[2]^2 = 0.026808 + I0.000000
# phi0 = -0.558033 
# phi1 = 0.292739 
# phi2 = -2.743733 
# Psi = 
#	-1.257120e-01+i(2.013928e-01)
#	2.763148e-01+i(9.167768e-01)
#	-6.343708e-02+i(-1.509427e-01)
#ProbSurv b 1-|Psi|^2 calls E tol dh dh(prev) dh(last)
0.314493239936	1	-5.9317e-12	14801	12.6491	0.0001	0.0001	6.08114e-05	5.67006e-05
