# a = 0.100000
# b = 1.000000
# E = 4000.000000
# tol = 0.000100
# s12 = 0.554977
# s13 = 0.152971
# psi0 = 0.822075 + I0.000000	0.548446 + I0.000000	0.152971 + I0.000000
# dh = 0.000100
# out = data/E4.0e3.0_tol1e-4.log
# model = sun
# scan_steps = 100.000000
# H0 = 
#	 0.000000e+00 0.000000e+00 0.000000e+00
#	 0.000000e+00 3.324245e+01 0.000000e+00
#	 0.000000e+00 0.000000e+00 1.087990e+03
# W = 
#	 6.758072e-01 4.508635e-01 1.257533e-01
#	 4.508635e-01 3.007928e-01 8.389608e-02
#	 1.257533e-01 8.389608e-02 2.340000e-02
# H0W = 
#	 0.000000e+00 -1.498781e+01 -1.368183e+02
#	 1.498781e+01 0.000000e+00 -8.848918e+01
#	 1.368183e+02 8.848918e+01 0.000000e+00
# H0H0W = 
#	 0.000000e+00 4.982314e+02 1.488570e+05
#	 4.982314e+02 0.000000e+00 9.333375e+04
#	 1.488570e+05 9.333375e+04 0.000000e+00
# WH0W = 
#	 4.792562e+01 1.698568e+01 -1.279004e+02
#	 1.698568e+01 1.332878e+00 -8.811742e+01
#	 -1.279004e+02 -8.811742e+01 -4.925850e+01
#################################################
##            CALCULATION COMPLETED            ##
#################################################
# Psi[0]^2 = 0.000000 + I0.000000
# Psi[1]^2 = 0.000057 + I0.000000
# Psi[2]^2 = 0.999942 + I0.000000
# phi0 = -2.658365 
# phi1 = -1.853392 
# phi2 = 0.694228 
# Psi = 
#	-3.197261e-04+i(-6.093271e-04)
#	-7.258297e-03+i(-2.107569e-03)
#	6.397742e-01+i(7.685255e-01)
#ProbSurv b 1-|Psi|^2 calls E tol dh dh(prev) dh(last)
0.0234161549024	1	-3.26406e-14	9001	4000	0.0001	0.0001	0.0001	5e-05
