# a = 0.100000
# b = 1.000000
# E = 41.000000
# tol = 0.000100
# s12 = 0.554977
# s13 = 0.152971
# psi0 = 0.822075 + I0.000000	0.548446 + I0.000000	0.152971 + I0.000000
# dh = 0.000100
# out = data/E4.1e1.0_tol1e-4.log
# model = sun
# scan_steps = 100.000000
# H0 = 
#	 0.000000e+00 0.000000e+00 0.000000e+00
#	 0.000000e+00 3.243166e+03 0.000000e+00
#	 0.000000e+00 0.000000e+00 1.061454e+05
# W = 
#	 6.758072e-01 4.508635e-01 1.257533e-01
#	 4.508635e-01 3.007928e-01 8.389608e-02
#	 1.257533e-01 8.389608e-02 2.340000e-02
# H0W = 
#	 0.000000e+00 -1.462225e+03 -1.334813e+04
#	 1.462225e+03 0.000000e+00 -8.633091e+03
#	 1.334813e+04 8.633091e+03 0.000000e+00
# H0H0W = 
#	 0.000000e+00 4.742238e+06 1.416842e+09
#	 4.742238e+06 0.000000e+00 8.883640e+08
#	 1.416842e+09 8.883640e+08 0.000000e+00
# WH0W = 
#	 4.675670e+03 1.657140e+03 -1.247809e+04
#	 1.657140e+03 1.300369e+02 -8.596821e+03
#	 -1.247809e+04 -8.596821e+03 -4.805707e+03
#################################################
##            CALCULATION COMPLETED            ##
#################################################
# Psi[0]^2 = 0.004824 + I0.000000
# Psi[1]^2 = 0.957541 + I0.000000
# Psi[2]^2 = 0.037636 + I0.000000
# phi0 = 2.821803 
# phi1 = -2.710266 
# phi2 = -2.603903 
# Psi = 
#	2.183337e-02+i(-6.593075e-02)
#	-4.091043e-01+i(-8.889174e-01)
#	-9.935748e-02+i(-1.666252e-01)
#ProbSurv b 1-|Psi|^2 calls E tol dh dh(prev) dh(last)
0.292161783954	1	-3.90799e-14	9001	41	0.0001	0.0001	0.0001	5e-05
