# a = 0.100000
# b = 1.000000
# E = 4100.000000
# tol = 0.000100
# s12 = 0.554977
# s13 = 0.152971
# psi0 = 0.822075 + I0.000000	0.548446 + I0.000000	0.152971 + I0.000000
# dh = 0.000100
# out = data/E4.1e3.0_tol1e-4.log
# model = sun
# scan_steps = 100.000000
# H0 = 
#	 0.000000e+00 0.000000e+00 0.000000e+00
#	 0.000000e+00 3.243166e+01 0.000000e+00
#	 0.000000e+00 0.000000e+00 1.061454e+03
# W = 
#	 6.758072e-01 4.508635e-01 1.257533e-01
#	 4.508635e-01 3.007928e-01 8.389608e-02
#	 1.257533e-01 8.389608e-02 2.340000e-02
# H0W = 
#	 0.000000e+00 -1.462225e+01 -1.334813e+02
#	 1.462225e+01 0.000000e+00 -8.633091e+01
#	 1.334813e+02 8.633091e+01 0.000000e+00
# H0H0W = 
#	 0.000000e+00 4.742238e+02 1.416842e+05
#	 4.742238e+02 0.000000e+00 8.883640e+04
#	 1.416842e+05 8.883640e+04 0.000000e+00
# WH0W = 
#	 4.675670e+01 1.657140e+01 -1.247809e+02
#	 1.657140e+01 1.300369e+00 -8.596821e+01
#	 -1.247809e+02 -8.596821e+01 -4.805707e+01
#################################################
##            CALCULATION COMPLETED            ##
#################################################
# Psi[0]^2 = 0.000001 + I0.000000
# Psi[1]^2 = 0.000051 + I0.000000
# Psi[2]^2 = 0.999948 + I0.000000
# phi0 = 3.051092 
# phi1 = 3.046118 
# phi2 = 2.931085 
# Psi = 
#	7.215630e-05+i(-7.951195e-04)
#	6.832091e-04+i(-7.134131e-03)
#	2.089508e-01+i(-9.778996e-01)
#ProbSurv b 1-|Psi|^2 calls E tol dh dh(prev) dh(last)
0.0234146634752	1	-4.88498e-14	9001	4100	0.0001	0.0001	0.0001	5e-05
