# a = 0.100000
# b = 1.000000
# E = 1296533.840669
# tol = 0.000100
# s12 = 0.554977
# s13 = 0.152971
# psi0 = 0.822075 + I0.000000	0.548446 + I0.000000	0.152971 + I0.000000
# dh = 0.000100
# out = data/E4.1e5.5_tol1e-4.log
# model = sun
# scan_steps = 100.000000
# H0 = 
#	 0.000000e+00 0.000000e+00 0.000000e+00
#	 0.000000e+00 1.025579e-01 0.000000e+00
#	 0.000000e+00 0.000000e+00 3.356611e+00
# W = 
#	 6.758072e-01 4.508635e-01 1.257533e-01
#	 4.508635e-01 3.007928e-01 8.389608e-02
#	 1.257533e-01 8.389608e-02 2.340000e-02
# H0W = 
#	 0.000000e+00 -4.623962e-02 -4.221049e-01
#	 4.623962e-02 0.000000e+00 -2.730023e-01
#	 4.221049e-01 2.730023e-01 0.000000e+00
# H0H0W = 
#	 0.000000e+00 4.742238e-03 1.416842e+00
#	 4.742238e-03 0.000000e+00 8.883640e-01
#	 1.416842e+00 8.883640e-01 0.000000e+00
# WH0W = 
#	 1.478577e-01 5.240336e-02 -3.945917e-01
#	 5.240336e-02 4.112127e-03 -2.718554e-01
#	 -3.945917e-01 -2.718554e-01 -1.519698e-01
#################################################
##            CALCULATION COMPLETED            ##
#################################################
# Psi[0]^2 = 0.655800 + I0.000000
# Psi[1]^2 = 0.298718 + I0.000000
# Psi[2]^2 = 0.045481 + I0.000000
# phi0 = 2.282722 
# phi1 = 2.296742 
# phi2 = 2.768572 
# Psi = 
#	6.131155e-01+i(-5.290462e-01)
#	4.087502e-01+i(-3.628244e-01)
#	7.771961e-02+i(-1.985976e-01)
#ProbSurv b 1-|Psi|^2 calls E tol dh dh(prev) dh(last)
0.534111195754	1	-1.51212e-13	9001	1.29653e+06	0.0001	0.0001	0.0001	5e-05
