# a = 0.100000
# b = 1.000000
# E = 4.100000
# tol = 0.000100
# s12 = 0.554977
# s13 = 0.152971
# psi0 = 0.822075 + I0.000000	0.548446 + I0.000000	0.152971 + I0.000000
# dh = 0.000100
# out = data/E4.1e0.0_tol1e-4.log
# model = sun
# scan_steps = 100.000000
# H0 = 
#	 0.000000e+00 0.000000e+00 0.000000e+00
#	 0.000000e+00 3.243166e+04 0.000000e+00
#	 0.000000e+00 0.000000e+00 1.061454e+06
# W = 
#	 6.758072e-01 4.508635e-01 1.257533e-01
#	 4.508635e-01 3.007928e-01 8.389608e-02
#	 1.257533e-01 8.389608e-02 2.340000e-02
# H0W = 
#	 0.000000e+00 -1.462225e+04 -1.334813e+05
#	 1.462225e+04 0.000000e+00 -8.633091e+04
#	 1.334813e+05 8.633091e+04 0.000000e+00
# H0H0W = 
#	 0.000000e+00 4.742238e+08 1.416842e+11
#	 4.742238e+08 0.000000e+00 8.883640e+10
#	 1.416842e+11 8.883640e+10 0.000000e+00
# WH0W = 
#	 4.675670e+04 1.657140e+04 -1.247809e+05
#	 1.657140e+04 1.300369e+03 -8.596821e+04
#	 -1.247809e+05 -8.596821e+04 -4.805707e+04
#################################################
##            CALCULATION COMPLETED            ##
#################################################
# Psi[0]^2 = 0.333513 + I0.000000
# Psi[1]^2 = 0.642055 + I0.000000
# Psi[2]^2 = 0.024432 + I0.000000
# phi0 = 2.450517 
# phi1 = 3.092736 
# phi2 = 3.123094 
# Psi = 
#	3.680829e-01+i(-4.450034e-01)
#	3.913231e-02+i(-8.003275e-01)
#	2.891318e-03+i(-1.562791e-01)
#ProbSurv b 1-|Psi|^2 calls E tol dh dh(prev) dh(last)
 0.41908787933	1	-1.27658e-11	34547	4.1	0.0001	0.0001	2.60527e-05	1.70289e-05
