# a = 0.100000
# b = 1.000000
# E = 41000.000000
# tol = 0.000100
# s12 = 0.554977
# s13 = 0.152971
# psi0 = 0.822075 + I0.000000	0.548446 + I0.000000	0.152971 + I0.000000
# dh = 0.000100
# out = data/E4.1e4.0_tol1e-4.log
# model = sun
# scan_steps = 100.000000
# H0 = 
#	 0.000000e+00 0.000000e+00 0.000000e+00
#	 0.000000e+00 3.243166e+00 0.000000e+00
#	 0.000000e+00 0.000000e+00 1.061454e+02
# W = 
#	 6.758072e-01 4.508635e-01 1.257533e-01
#	 4.508635e-01 3.007928e-01 8.389608e-02
#	 1.257533e-01 8.389608e-02 2.340000e-02
# H0W = 
#	 0.000000e+00 -1.462225e+00 -1.334813e+01
#	 1.462225e+00 0.000000e+00 -8.633091e+00
#	 1.334813e+01 8.633091e+00 0.000000e+00
# H0H0W = 
#	 0.000000e+00 4.742238e+00 1.416842e+03
#	 4.742238e+00 0.000000e+00 8.883640e+02
#	 1.416842e+03 8.883640e+02 0.000000e+00
# WH0W = 
#	 4.675670e+00 1.657140e+00 -1.247809e+01
#	 1.657140e+00 1.300369e-01 -8.596821e+00
#	 -1.247809e+01 -8.596821e+00 -4.805707e+00
#################################################
##            CALCULATION COMPLETED            ##
#################################################
# Psi[0]^2 = 0.121041 + I0.000000
# Psi[1]^2 = 0.110490 + I0.000000
# Psi[2]^2 = 0.768470 + I0.000000
# phi0 = -2.045330 
# phi1 = -1.585502 
# phi2 = -0.825383 
# Psi = 
#	-3.094671e-01+i(-1.589678e-01)
#	-3.323637e-01+i(-4.887951e-03)
#	-6.441500e-01+i(5.945928e-01)
#ProbSurv b 1-|Psi|^2 calls E tol dh dh(prev) dh(last)
0.133016773824	1	-1.14575e-13	9001	41000	0.0001	0.0001	0.0001	5e-05
