# a = 0.100000
# b = 1.000000
# E = 410000.000000
# tol = 0.000100
# s12 = 0.554977
# s13 = 0.152971
# psi0 = 0.822075 + I0.000000	0.548446 + I0.000000	0.152971 + I0.000000
# dh = 0.000100
# out = data/E4.1e5.0_tol1e-4.log
# model = sun
# scan_steps = 100.000000
# H0 = 
#	 0.000000e+00 0.000000e+00 0.000000e+00
#	 0.000000e+00 3.243166e-01 0.000000e+00
#	 0.000000e+00 0.000000e+00 1.061454e+01
# W = 
#	 6.758072e-01 4.508635e-01 1.257533e-01
#	 4.508635e-01 3.007928e-01 8.389608e-02
#	 1.257533e-01 8.389608e-02 2.340000e-02
# H0W = 
#	 0.000000e+00 -1.462225e-01 -1.334813e+00
#	 1.462225e-01 0.000000e+00 -8.633091e-01
#	 1.334813e+00 8.633091e-01 0.000000e+00
# H0H0W = 
#	 0.000000e+00 4.742238e-02 1.416842e+01
#	 4.742238e-02 0.000000e+00 8.883640e+00
#	 1.416842e+01 8.883640e+00 0.000000e+00
# WH0W = 
#	 4.675670e-01 1.657140e-01 -1.247809e+00
#	 1.657140e-01 1.300369e-02 -8.596821e-01
#	 -1.247809e+00 -8.596821e-01 -4.805707e-01
#################################################
##            CALCULATION COMPLETED            ##
#################################################
# Psi[0]^2 = 0.589289 + I0.000000
# Psi[1]^2 = 0.282460 + I0.000000
# Psi[2]^2 = 0.128252 + I0.000000
# phi0 = 2.461556 
# phi1 = 2.506155 
# phi2 = -2.113632 
# Psi = 
#	4.827154e-01+i(-5.968873e-01)
#	3.154432e-01+i(-4.277329e-01)
#	-3.066413e-01+i(-1.849937e-01)
#ProbSurv b 1-|Psi|^2 calls E tol dh dh(prev) dh(last)
 0.48620845372	1	-8.9706e-14	9001	410000	0.0001	0.0001	0.0001	5e-05
