# a = 0.100000
# b = 1.000000
# E = 12.965338
# tol = 0.000100
# s12 = 0.554977
# s13 = 0.152971
# psi0 = 0.822075 + I0.000000	0.548446 + I0.000000	0.152971 + I0.000000
# dh = 0.000100
# out = data/E4.1e0.5_tol1e-4.log
# model = sun
# scan_steps = 100.000000
# H0 = 
#	 0.000000e+00 0.000000e+00 0.000000e+00
#	 0.000000e+00 1.025579e+04 0.000000e+00
#	 0.000000e+00 0.000000e+00 3.356611e+05
# W = 
#	 6.758072e-01 4.508635e-01 1.257533e-01
#	 4.508635e-01 3.007928e-01 8.389608e-02
#	 1.257533e-01 8.389608e-02 2.340000e-02
# H0W = 
#	 0.000000e+00 -4.623962e+03 -4.221049e+04
#	 4.623962e+03 0.000000e+00 -2.730023e+04
#	 4.221049e+04 2.730023e+04 0.000000e+00
# H0H0W = 
#	 0.000000e+00 4.742238e+07 1.416842e+10
#	 4.742238e+07 0.000000e+00 8.883640e+09
#	 1.416842e+10 8.883640e+09 0.000000e+00
# WH0W = 
#	 1.478577e+04 5.240336e+03 -3.945917e+04
#	 5.240336e+03 4.112127e+02 -2.718554e+04
#	 -3.945917e+04 -2.718554e+04 -1.519698e+04
#################################################
##            CALCULATION COMPLETED            ##
#################################################
# Psi[0]^2 = 0.053547 + I0.000000
# Psi[1]^2 = 0.919550 + I0.000000
# Psi[2]^2 = 0.026902 + I0.000000
# phi0 = 2.523991 
# phi1 = -1.112741 
# phi2 = -2.684220 
# Psi = 
#	1.340013e-01+i(-1.886561e-01)
#	-8.600795e-01+i(4.240446e-01)
#	-7.242924e-02+i(-1.471599e-01)
#ProbSurv b 1-|Psi|^2 calls E tol dh dh(prev) dh(last)
0.313411435348	1	-7.08966e-12	14350	12.9653	0.0001	0.0001	6.27231e-05	5.57638e-05
