# a = 0.100000
# b = 1.000000
# E = 12965.338407
# tol = 0.000100
# s12 = 0.554977
# s13 = 0.152971
# psi0 = 0.822075 + I0.000000	0.548446 + I0.000000	0.152971 + I0.000000
# dh = 0.000100
# out = data/E4.1e3.5_tol1e-4.log
# model = sun
# scan_steps = 100.000000
# H0 = 
#	 0.000000e+00 0.000000e+00 0.000000e+00
#	 0.000000e+00 1.025579e+01 0.000000e+00
#	 0.000000e+00 0.000000e+00 3.356611e+02
# W = 
#	 6.758072e-01 4.508635e-01 1.257533e-01
#	 4.508635e-01 3.007928e-01 8.389608e-02
#	 1.257533e-01 8.389608e-02 2.340000e-02
# H0W = 
#	 0.000000e+00 -4.623962e+00 -4.221049e+01
#	 4.623962e+00 0.000000e+00 -2.730023e+01
#	 4.221049e+01 2.730023e+01 0.000000e+00
# H0H0W = 
#	 0.000000e+00 4.742238e+01 1.416842e+04
#	 4.742238e+01 0.000000e+00 8.883640e+03
#	 1.416842e+04 8.883640e+03 0.000000e+00
# WH0W = 
#	 1.478577e+01 5.240336e+00 -3.945917e+01
#	 5.240336e+00 4.112127e-01 -2.718554e+01
#	 -3.945917e+01 -2.718554e+01 -1.519698e+01
#################################################
##            CALCULATION COMPLETED            ##
#################################################
# Psi[0]^2 = 0.001717 + I0.000000
# Psi[1]^2 = 0.007658 + I0.000000
# Psi[2]^2 = 0.990624 + I0.000000
# phi0 = 1.481259 
# phi1 = 3.084799 
# phi2 = 1.511477 
# Psi = 
#	4.127457e-02+i(3.705536e-03)
#	4.967526e-03+i(-8.737157e-02)
#	9.935504e-01+i(5.900617e-02)
#ProbSurv b 1-|Psi|^2 calls E tol dh dh(prev) dh(last)
0.0266447964751	1	-9.41469e-14	9001	12965.3	0.0001	0.0001	0.0001	5e-05
