# a = 0.100000
# b = 1.000000
# E = 0.410000
# tol = 0.000100
# s12 = 0.554977
# s13 = 0.152971
# psi0 = 0.822075 + I0.000000	0.548446 + I0.000000	0.152971 + I0.000000
# dh = 0.000100
# out = data/E4.1e-1.0_tol1e-4.log
# model = sun
# scan_steps = 100.000000
# H0 = 
#	 0.000000e+00 0.000000e+00 0.000000e+00
#	 0.000000e+00 3.243166e+05 0.000000e+00
#	 0.000000e+00 0.000000e+00 1.061454e+07
# W = 
#	 6.758072e-01 4.508635e-01 1.257533e-01
#	 4.508635e-01 3.007928e-01 8.389608e-02
#	 1.257533e-01 8.389608e-02 2.340000e-02
# H0W = 
#	 0.000000e+00 -1.462225e+05 -1.334813e+06
#	 1.462225e+05 0.000000e+00 -8.633091e+05
#	 1.334813e+06 8.633091e+05 0.000000e+00
# H0H0W = 
#	 0.000000e+00 4.742238e+10 1.416842e+13
#	 4.742238e+10 0.000000e+00 8.883640e+12
#	 1.416842e+13 8.883640e+12 0.000000e+00
# WH0W = 
#	 4.675670e+05 1.657140e+05 -1.247809e+06
#	 1.657140e+05 1.300369e+04 -8.596821e+05
#	 -1.247809e+06 -8.596821e+05 -4.805707e+05
#################################################
##            CALCULATION COMPLETED            ##
#################################################
# Psi[0]^2 = 0.645801 + I0.000000
# Psi[1]^2 = 0.330699 + I0.000000
# Psi[2]^2 = 0.023500 + I0.000000
# phi0 = 1.709821 
# phi1 = 0.759728 
# phi2 = -1.568312 
# Psi = 
#	7.958636e-01+i(-1.113630e-01)
#	3.960608e-01+i(4.169353e-01)
#	-1.532975e-01+i(3.807823e-04)
#ProbSurv b 1-|Psi|^2 calls E tol dh dh(prev) dh(last)
0.536458498534	1	1.11378e-11	1586158	0.41	0.0001	0.0001	5.67409e-07	3.95592e-07
