# a = 0.100000
# b = 1.000000
# E = 129653.384067
# tol = 0.000100
# s12 = 0.554977
# s13 = 0.152971
# psi0 = 0.822075 + I0.000000	0.548446 + I0.000000	0.152971 + I0.000000
# dh = 0.000100
# out = data/E4.1e4.5_tol1e-4.log
# model = sun
# scan_steps = 100.000000
# H0 = 
#	 0.000000e+00 0.000000e+00 0.000000e+00
#	 0.000000e+00 1.025579e+00 0.000000e+00
#	 0.000000e+00 0.000000e+00 3.356611e+01
# W = 
#	 6.758072e-01 4.508635e-01 1.257533e-01
#	 4.508635e-01 3.007928e-01 8.389608e-02
#	 1.257533e-01 8.389608e-02 2.340000e-02
# H0W = 
#	 0.000000e+00 -4.623962e-01 -4.221049e+00
#	 4.623962e-01 0.000000e+00 -2.730023e+00
#	 4.221049e+00 2.730023e+00 0.000000e+00
# H0H0W = 
#	 0.000000e+00 4.742238e-01 1.416842e+02
#	 4.742238e-01 0.000000e+00 8.883640e+01
#	 1.416842e+02 8.883640e+01 0.000000e+00
# WH0W = 
#	 1.478577e+00 5.240336e-01 -3.945917e+00
#	 5.240336e-01 4.112127e-02 -2.718554e+00
#	 -3.945917e+00 -2.718554e+00 -1.519698e+00
#################################################
##            CALCULATION COMPLETED            ##
#################################################
# Psi[0]^2 = 0.407084 + I0.000000
# Psi[1]^2 = 0.228065 + I0.000000
# Psi[2]^2 = 0.364851 + I0.000000
# phi0 = 2.930545 
# phi1 = 3.072931 
# phi2 = -2.404274 
# Psi = 
#	1.336578e-01+i(-6.238744e-01)
#	3.276438e-02+i(-4.764364e-01)
#	-4.060921e-01+i(-4.471468e-01)
#ProbSurv b 1-|Psi|^2 calls E tol dh dh(prev) dh(last)
0.352247988491	1	-7.9492e-14	9001	129653	0.0001	0.0001	0.0001	5e-05
