# a = 0.100000
# b = 1.000000
# E = 410.000000
# tol = 0.000100
# s12 = 0.554977
# s13 = 0.152971
# psi0 = 0.822075 + I0.000000	0.548446 + I0.000000	0.152971 + I0.000000
# dh = 0.000100
# out = data/E4.1e2.0_tol1e-4.log
# model = sun
# scan_steps = 100.000000
# H0 = 
#	 0.000000e+00 0.000000e+00 0.000000e+00
#	 0.000000e+00 3.243166e+02 0.000000e+00
#	 0.000000e+00 0.000000e+00 1.061454e+04
# W = 
#	 6.758072e-01 4.508635e-01 1.257533e-01
#	 4.508635e-01 3.007928e-01 8.389608e-02
#	 1.257533e-01 8.389608e-02 2.340000e-02
# H0W = 
#	 0.000000e+00 -1.462225e+02 -1.334813e+03
#	 1.462225e+02 0.000000e+00 -8.633091e+02
#	 1.334813e+03 8.633091e+02 0.000000e+00
# H0H0W = 
#	 0.000000e+00 4.742238e+04 1.416842e+07
#	 4.742238e+04 0.000000e+00 8.883640e+06
#	 1.416842e+07 8.883640e+06 0.000000e+00
# WH0W = 
#	 4.675670e+02 1.657140e+02 -1.247809e+03
#	 1.657140e+02 1.300369e+01 -8.596821e+02
#	 -1.247809e+03 -8.596821e+02 -4.805707e+02
#################################################
##            CALCULATION COMPLETED            ##
#################################################
# Psi[0]^2 = 0.000048 + I0.000000
# Psi[1]^2 = 0.014372 + I0.000000
# Psi[2]^2 = 0.985580 + I0.000000
# phi0 = 1.359861 
# phi1 = 1.658103 
# phi2 = 1.552468 
# Psi = 
#	6.775957e-03+i(1.450870e-03)
#	1.194276e-01+i(-1.045334e-02)
#	9.925970e-01+i(1.819495e-02)
#ProbSurv b 1-|Psi|^2 calls E tol dh dh(prev) dh(last)
0.0274180767495	1	-3.65041e-13	9001	410	0.0001	0.0001	0.0001	5e-05
