# a = 0.100000
# b = 1.000000
# E = 4100000.000000
# tol = 0.000100
# s12 = 0.554977
# s13 = 0.152971
# psi0 = 0.822075 + I0.000000	0.548446 + I0.000000	0.152971 + I0.000000
# dh = 0.000100
# out = data/E4.1e6.0_tol1e-4.log
# model = sun
# scan_steps = 100.000000
# H0 = 
#	 0.000000e+00 0.000000e+00 0.000000e+00
#	 0.000000e+00 3.243166e-02 0.000000e+00
#	 0.000000e+00 0.000000e+00 1.061454e+00
# W = 
#	 6.758072e-01 4.508635e-01 1.257533e-01
#	 4.508635e-01 3.007928e-01 8.389608e-02
#	 1.257533e-01 8.389608e-02 2.340000e-02
# H0W = 
#	 0.000000e+00 -1.462225e-02 -1.334813e-01
#	 1.462225e-02 0.000000e+00 -8.633091e-02
#	 1.334813e-01 8.633091e-02 0.000000e+00
# H0H0W = 
#	 0.000000e+00 4.742238e-04 1.416842e-01
#	 4.742238e-04 0.000000e+00 8.883640e-02
#	 1.416842e-01 8.883640e-02 0.000000e+00
# WH0W = 
#	 4.675670e-02 1.657140e-02 -1.247809e-01
#	 1.657140e-02 1.300369e-03 -8.596821e-02
#	 -1.247809e-01 -8.596821e-02 -4.805707e-02
#################################################
##            CALCULATION COMPLETED            ##
#################################################
# Psi[0]^2 = 0.670232 + I0.000000
# Psi[1]^2 = 0.300495 + I0.000000
# Psi[2]^2 = 0.029273 + I0.000000
# phi0 = 2.224937 
# phi1 = 2.229375 
# phi2 = 2.372966 
# Psi = 
#	6.496787e-01+i(-4.981465e-01)
#	4.335305e-01+i(-3.354785e-01)
#	1.189358e-01+i(-1.229938e-01)
#ProbSurv b 1-|Psi|^2 calls E tol dh dh(prev) dh(last)
0.544019389693	1	-8.88178e-14	9001	4.1e+06	0.0001	0.0001	0.0001	5e-05
