# a = 0.100000
# b = 1.000000
# E = 1296.533841
# tol = 0.000100
# s12 = 0.554977
# s13 = 0.152971
# psi0 = 0.822075 + I0.000000	0.548446 + I0.000000	0.152971 + I0.000000
# dh = 0.000100
# out = data/E4.1e2.5_tol1e-4.log
# model = sun
# scan_steps = 100.000000
# H0 = 
#	 0.000000e+00 0.000000e+00 0.000000e+00
#	 0.000000e+00 1.025579e+02 0.000000e+00
#	 0.000000e+00 0.000000e+00 3.356611e+03
# W = 
#	 6.758072e-01 4.508635e-01 1.257533e-01
#	 4.508635e-01 3.007928e-01 8.389608e-02
#	 1.257533e-01 8.389608e-02 2.340000e-02
# H0W = 
#	 0.000000e+00 -4.623962e+01 -4.221049e+02
#	 4.623962e+01 0.000000e+00 -2.730023e+02
#	 4.221049e+02 2.730023e+02 0.000000e+00
# H0H0W = 
#	 0.000000e+00 4.742238e+03 1.416842e+06
#	 4.742238e+03 0.000000e+00 8.883640e+05
#	 1.416842e+06 8.883640e+05 0.000000e+00
# WH0W = 
#	 1.478577e+02 5.240336e+01 -3.945917e+02
#	 5.240336e+01 4.112127e+00 -2.718554e+02
#	 -3.945917e+02 -2.718554e+02 -1.519698e+02
#################################################
##            CALCULATION COMPLETED            ##
#################################################
# Psi[0]^2 = 0.000004 + I0.000000
# Psi[1]^2 = 0.000641 + I0.000000
# Psi[2]^2 = 0.999355 + I0.000000
# phi0 = -3.133149 
# phi1 = 1.558427 
# phi2 = -2.652377 
# Psi = 
#	-1.788124e-05+i(-2.117660e-03)
#	2.530996e-02+i(3.130934e-04)
#	-4.697818e-01+i(-8.824171e-01)
#ProbSurv b 1-|Psi|^2 calls E tol dh dh(prev) dh(last)
0.0235806493042	1	-9.41469e-14	9001	1296.53	0.0001	0.0001	0.0001	5e-05
