# a = 0.100000
# b = 1.000000
# E = 132.815662
# tol = 0.000100
# s12 = 0.554977
# s13 = 0.152971
# psi0 = 0.822075 + I0.000000	0.548446 + I0.000000	0.152971 + I0.000000
# dh = 0.000100
# out = data/E4.2e1.5_tol1e-4.log
# model = sun
# scan_steps = 100.000000
# H0 = 
#	 0.000000e+00 0.000000e+00 0.000000e+00
#	 0.000000e+00 1.001160e+03 0.000000e+00
#	 0.000000e+00 0.000000e+00 3.276692e+04
# W = 
#	 6.758072e-01 4.508635e-01 1.257533e-01
#	 4.508635e-01 3.007928e-01 8.389608e-02
#	 1.257533e-01 8.389608e-02 2.340000e-02
# H0W = 
#	 0.000000e+00 -4.513867e+02 -4.120548e+03
#	 4.513867e+02 0.000000e+00 -2.665022e+03
#	 4.120548e+03 2.665022e+03 0.000000e+00
# H0H0W = 
#	 0.000000e+00 4.519106e+05 1.350177e+08
#	 4.519106e+05 0.000000e+00 8.465646e+07
#	 1.350177e+08 8.465646e+07 0.000000e+00
# WH0W = 
#	 1.443372e+03 5.115566e+02 -3.851967e+03
#	 5.115566e+02 4.014219e+01 -2.653826e+03
#	 -3.851967e+03 -2.653826e+03 -1.483515e+03
#################################################
##            CALCULATION COMPLETED            ##
#################################################
# Psi[0]^2 = 0.000433 + I0.000000
# Psi[1]^2 = 0.814223 + I0.000000
# Psi[2]^2 = 0.185343 + I0.000000
# phi0 = -0.782461 
# phi1 = -2.150149 
# phi2 = 1.461816 
# Psi = 
#	-1.467450e-02+i(1.476096e-02)
#	-7.550965e-01+i(-4.940169e-01)
#	4.279613e-01+i(4.682503e-02)
#ProbSurv b 1-|Psi|^2 calls E tol dh dh(prev) dh(last)
0.249542330996	1	1.6529e-12	9001	132.816	0.0001	0.0001	0.0001	5e-05
