# a = 0.100000
# b = 1.000000
# E = 132815.661727
# tol = 0.000100
# s12 = 0.554977
# s13 = 0.152971
# psi0 = 0.822075 + I0.000000	0.548446 + I0.000000	0.152971 + I0.000000
# dh = 0.000100
# out = data/E4.2e4.5_tol1e-4.log
# model = sun
# scan_steps = 100.000000
# H0 = 
#	 0.000000e+00 0.000000e+00 0.000000e+00
#	 0.000000e+00 1.001160e+00 0.000000e+00
#	 0.000000e+00 0.000000e+00 3.276692e+01
# W = 
#	 6.758072e-01 4.508635e-01 1.257533e-01
#	 4.508635e-01 3.007928e-01 8.389608e-02
#	 1.257533e-01 8.389608e-02 2.340000e-02
# H0W = 
#	 0.000000e+00 -4.513867e-01 -4.120548e+00
#	 4.513867e-01 0.000000e+00 -2.665022e+00
#	 4.120548e+00 2.665022e+00 0.000000e+00
# H0H0W = 
#	 0.000000e+00 4.519106e-01 1.350177e+02
#	 4.519106e-01 0.000000e+00 8.465646e+01
#	 1.350177e+02 8.465646e+01 0.000000e+00
# WH0W = 
#	 1.443372e+00 5.115566e-01 -3.851967e+00
#	 5.115566e-01 4.014219e-02 -2.653826e+00
#	 -3.851967e+00 -2.653826e+00 -1.483515e+00
#################################################
##            CALCULATION COMPLETED            ##
#################################################
# Psi[0]^2 = 0.413059 + I0.000000
# Psi[1]^2 = 0.230057 + I0.000000
# Psi[2]^2 = 0.356885 + I0.000000
# phi0 = 2.913755 
# phi1 = 3.052738 
# phi2 = -2.648772 
# Psi = 
#	1.451669e-01+i(-6.260875e-01)
#	4.256223e-02+i(-4.777500e-01)
#	-2.826368e-01+i(-5.263088e-01)
#ProbSurv b 1-|Psi|^2 calls E tol dh dh(prev) dh(last)
0.356698659479	1	-9.4813e-14	9001	132816	0.0001	0.0001	0.0001	5e-05
