# a = 0.100000
# b = 1.000000
# E = 4200.000000
# tol = 0.000100
# s12 = 0.554977
# s13 = 0.152971
# psi0 = 0.822075 + I0.000000	0.548446 + I0.000000	0.152971 + I0.000000
# dh = 0.000100
# out = data/E4.2e3.0_tol1e-4.log
# model = sun
# scan_steps = 100.000000
# H0 = 
#	 0.000000e+00 0.000000e+00 0.000000e+00
#	 0.000000e+00 3.165947e+01 0.000000e+00
#	 0.000000e+00 0.000000e+00 1.036181e+03
# W = 
#	 6.758072e-01 4.508635e-01 1.257533e-01
#	 4.508635e-01 3.007928e-01 8.389608e-02
#	 1.257533e-01 8.389608e-02 2.340000e-02
# H0W = 
#	 0.000000e+00 -1.427410e+01 -1.303032e+02
#	 1.427410e+01 0.000000e+00 -8.427541e+01
#	 1.303032e+02 8.427541e+01 0.000000e+00
# H0H0W = 
#	 0.000000e+00 4.519106e+02 1.350177e+05
#	 4.519106e+02 0.000000e+00 8.465646e+04
#	 1.350177e+05 8.465646e+04 0.000000e+00
# WH0W = 
#	 4.564344e+01 1.617684e+01 -1.218099e+02
#	 1.617684e+01 1.269408e+00 -8.392135e+01
#	 -1.218099e+02 -8.392135e+01 -4.691285e+01
#################################################
##            CALCULATION COMPLETED            ##
#################################################
# Psi[0]^2 = 0.000000 + I0.000000
# Psi[1]^2 = 0.000041 + I0.000000
# Psi[2]^2 = 0.999959 + I0.000000
# phi0 = 2.651144 
# phi1 = 1.930792 
# phi2 = -0.267659 
# Psi = 
#	5.395394e-05+i(-1.010440e-04)
#	5.957215e-03+i(-2.242286e-03)
#	-2.644694e-01+i(9.643731e-01)
#ProbSurv b 1-|Psi|^2 calls E tol dh dh(prev) dh(last)
0.0234112474765	1	-3.68594e-14	9001	4200	0.0001	0.0001	0.0001	5e-05
