# a = 0.100000
# b = 1.000000
# E = 4200000.000000
# tol = 0.000100
# s12 = 0.554977
# s13 = 0.152971
# psi0 = 0.822075 + I0.000000	0.548446 + I0.000000	0.152971 + I0.000000
# dh = 0.000100
# out = data/E4.2e6.0_tol1e-4.log
# model = sun
# scan_steps = 100.000000
# H0 = 
#	 0.000000e+00 0.000000e+00 0.000000e+00
#	 0.000000e+00 3.165947e-02 0.000000e+00
#	 0.000000e+00 0.000000e+00 1.036181e+00
# W = 
#	 6.758072e-01 4.508635e-01 1.257533e-01
#	 4.508635e-01 3.007928e-01 8.389608e-02
#	 1.257533e-01 8.389608e-02 2.340000e-02
# H0W = 
#	 0.000000e+00 -1.427410e-02 -1.303032e-01
#	 1.427410e-02 0.000000e+00 -8.427541e-02
#	 1.303032e-01 8.427541e-02 0.000000e+00
# H0H0W = 
#	 0.000000e+00 4.519106e-04 1.350177e-01
#	 4.519106e-04 0.000000e+00 8.465646e-02
#	 1.350177e-01 8.465646e-02 0.000000e+00
# WH0W = 
#	 4.564344e-02 1.617684e-02 -1.218099e-01
#	 1.617684e-02 1.269408e-03 -8.392135e-02
#	 -1.218099e-01 -8.392135e-02 -4.691285e-02
#################################################
##            CALCULATION COMPLETED            ##
#################################################
# Psi[0]^2 = 0.670373 + I0.000000
# Psi[1]^2 = 0.300505 + I0.000000
# Psi[2]^2 = 0.029122 + I0.000000
# phi0 = 2.224304 
# phi1 = 2.228636 
# phi2 = 2.368747 
# Psi = 
#	6.500620e-01+i(-4.977872e-01)
#	4.337859e-01+i(-3.351642e-01)
#	1.191447e-01+i(-1.221741e-01)
#ProbSurv b 1-|Psi|^2 calls E tol dh dh(prev) dh(last)
0.544114016238	1	-8.85958e-14	9001	4.2e+06	0.0001	0.0001	0.0001	5e-05
