# a = 0.100000
# b = 1.000000
# E = 42000.000000
# tol = 0.000100
# s12 = 0.554977
# s13 = 0.152971
# psi0 = 0.822075 + I0.000000	0.548446 + I0.000000	0.152971 + I0.000000
# dh = 0.000100
# out = data/E4.2e4.0_tol1e-4.log
# model = sun
# scan_steps = 100.000000
# H0 = 
#	 0.000000e+00 0.000000e+00 0.000000e+00
#	 0.000000e+00 3.165947e+00 0.000000e+00
#	 0.000000e+00 0.000000e+00 1.036181e+02
# W = 
#	 6.758072e-01 4.508635e-01 1.257533e-01
#	 4.508635e-01 3.007928e-01 8.389608e-02
#	 1.257533e-01 8.389608e-02 2.340000e-02
# H0W = 
#	 0.000000e+00 -1.427410e+00 -1.303032e+01
#	 1.427410e+00 0.000000e+00 -8.427541e+00
#	 1.303032e+01 8.427541e+00 0.000000e+00
# H0H0W = 
#	 0.000000e+00 4.519106e+00 1.350177e+03
#	 4.519106e+00 0.000000e+00 8.465646e+02
#	 1.350177e+03 8.465646e+02 0.000000e+00
# WH0W = 
#	 4.564344e+00 1.617684e+00 -1.218099e+01
#	 1.617684e+00 1.269408e-01 -8.392135e+00
#	 -1.218099e+01 -8.392135e+00 -4.691285e+00
#################################################
##            CALCULATION COMPLETED            ##
#################################################
# Psi[0]^2 = 0.127437 + I0.000000
# Psi[1]^2 = 0.113855 + I0.000000
# Psi[2]^2 = 0.758708 + I0.000000
# phi0 = -2.092164 
# phi1 = -1.643118 
# phi2 = -1.864501 
# Psi = 
#	-3.095536e-01+i(-1.778012e-01)
#	-3.365421e-01+i(-2.438165e-02)
#	-8.337389e-01+i(-2.521661e-01)
#ProbSurv b 1-|Psi|^2 calls E tol dh dh(prev) dh(last)
0.138123196918	1	-7.23865e-14	9001	42000	0.0001	0.0001	0.0001	5e-05
