# a = 0.100000
# b = 1.000000
# E = 13281.566173
# tol = 0.000100
# s12 = 0.554977
# s13 = 0.152971
# psi0 = 0.822075 + I0.000000	0.548446 + I0.000000	0.152971 + I0.000000
# dh = 0.000100
# out = data/E4.2e3.5_tol1e-4.log
# model = sun
# scan_steps = 100.000000
# H0 = 
#	 0.000000e+00 0.000000e+00 0.000000e+00
#	 0.000000e+00 1.001160e+01 0.000000e+00
#	 0.000000e+00 0.000000e+00 3.276692e+02
# W = 
#	 6.758072e-01 4.508635e-01 1.257533e-01
#	 4.508635e-01 3.007928e-01 8.389608e-02
#	 1.257533e-01 8.389608e-02 2.340000e-02
# H0W = 
#	 0.000000e+00 -4.513867e+00 -4.120548e+01
#	 4.513867e+00 0.000000e+00 -2.665022e+01
#	 4.120548e+01 2.665022e+01 0.000000e+00
# H0H0W = 
#	 0.000000e+00 4.519106e+01 1.350177e+04
#	 4.519106e+01 0.000000e+00 8.465646e+03
#	 1.350177e+04 8.465646e+03 0.000000e+00
# WH0W = 
#	 1.443372e+01 5.115566e+00 -3.851967e+01
#	 5.115566e+00 4.014219e-01 -2.653826e+01
#	 -3.851967e+01 -2.653826e+01 -1.483515e+01
#################################################
##            CALCULATION COMPLETED            ##
#################################################
# Psi[0]^2 = 0.002056 + I0.000000
# Psi[1]^2 = 0.009133 + I0.000000
# Psi[2]^2 = 0.988812 + I0.000000
# phi0 = 1.405574 
# phi1 = 2.959733 
# phi2 = -2.627778 
# Psi = 
#	4.472380e-02+i(7.457372e-03)
#	1.728358e-02+i(-9.398819e-02)
#	-4.887460e-01+i(-8.659902e-01)
#ProbSurv b 1-|Psi|^2 calls E tol dh dh(prev) dh(last)
0.0272745288183	1	-1.05249e-13	9001	13281.6	0.0001	0.0001	0.0001	5e-05
