# a = 0.100000
# b = 1.000000
# E = 1328156.617271
# tol = 0.000100
# s12 = 0.554977
# s13 = 0.152971
# psi0 = 0.822075 + I0.000000	0.548446 + I0.000000	0.152971 + I0.000000
# dh = 0.000100
# out = data/E4.2e5.5_tol1e-4.log
# model = sun
# scan_steps = 100.000000
# H0 = 
#	 0.000000e+00 0.000000e+00 0.000000e+00
#	 0.000000e+00 1.001160e-01 0.000000e+00
#	 0.000000e+00 0.000000e+00 3.276692e+00
# W = 
#	 6.758072e-01 4.508635e-01 1.257533e-01
#	 4.508635e-01 3.007928e-01 8.389608e-02
#	 1.257533e-01 8.389608e-02 2.340000e-02
# H0W = 
#	 0.000000e+00 -4.513867e-02 -4.120548e-01
#	 4.513867e-02 0.000000e+00 -2.665022e-01
#	 4.120548e-01 2.665022e-01 0.000000e+00
# H0H0W = 
#	 0.000000e+00 4.519106e-03 1.350177e+00
#	 4.519106e-03 0.000000e+00 8.465646e-01
#	 1.350177e+00 8.465646e-01 0.000000e+00
# WH0W = 
#	 1.443372e-01 5.115566e-02 -3.851967e-01
#	 5.115566e-02 4.014219e-03 -2.653826e-01
#	 -3.851967e-01 -2.653826e-01 -1.483515e-01
#################################################
##            CALCULATION COMPLETED            ##
#################################################
# Psi[0]^2 = 0.656360 + I0.000000
# Psi[1]^2 = 0.298808 + I0.000000
# Psi[2]^2 = 0.044832 + I0.000000
# phi0 = 2.280704 
# phi1 = 2.294391 
# phi2 = 2.754392 
# Psi = 
#	6.144438e-01+i(-5.280331e-01)
#	4.096636e-01+i(-3.619164e-01)
#	7.995099e-02+i(-1.960610e-01)
#ProbSurv b 1-|Psi|^2 calls E tol dh dh(prev) dh(last)
0.534501204072	1	-1.18128e-13	9001	1.32816e+06	0.0001	0.0001	0.0001	5e-05
