# a = 0.100000
# b = 1.000000
# E = 4300000.000000
# tol = 0.000100
# s12 = 0.554977
# s13 = 0.152971
# psi0 = 0.822075 + I0.000000	0.548446 + I0.000000	0.152971 + I0.000000
# dh = 0.000100
# out = data/E4.3e6.0_tol1e-4.log
# model = sun
# scan_steps = 100.000000
# H0 = 
#	 0.000000e+00 0.000000e+00 0.000000e+00
#	 0.000000e+00 3.092321e-02 0.000000e+00
#	 0.000000e+00 0.000000e+00 1.012084e+00
# W = 
#	 6.758072e-01 4.508635e-01 1.257533e-01
#	 4.508635e-01 3.007928e-01 8.389608e-02
#	 1.257533e-01 8.389608e-02 2.340000e-02
# H0W = 
#	 0.000000e+00 -1.394215e-02 -1.272729e-01
#	 1.394215e-02 0.000000e+00 -8.231552e-02
#	 1.272729e-01 8.231552e-02 0.000000e+00
# H0H0W = 
#	 0.000000e+00 4.311359e-04 1.288108e-01
#	 4.311359e-04 0.000000e+00 8.076473e-02
#	 1.288108e-01 8.076473e-02 0.000000e+00
# WH0W = 
#	 4.458197e-02 1.580063e-02 -1.189771e-01
#	 1.580063e-02 1.239886e-03 -8.196969e-02
#	 -1.189771e-01 -8.196969e-02 -4.582186e-02
#################################################
##            CALCULATION COMPLETED            ##
#################################################
# Psi[0]^2 = 0.670506 + I0.000000
# Psi[1]^2 = 0.300515 + I0.000000
# Psi[2]^2 = 0.028978 + I0.000000
# phi0 = 2.223700 
# phi1 = 2.227932 
# phi2 = 2.364727 
# Psi = 
#	6.504271e-01+i(-4.974444e-01)
#	4.340291e-01+i(-3.348642e-01)
#	1.193395e-01+i(-1.213936e-01)
#ProbSurv b 1-|Psi|^2 calls E tol dh dh(prev) dh(last)
0.544203959787	1	-1.03473e-13	9001	4.3e+06	0.0001	0.0001	0.0001	5e-05
