# a = 0.100000
# b = 1.000000
# E = 43000.000000
# tol = 0.000100
# s12 = 0.554977
# s13 = 0.152971
# psi0 = 0.822075 + I0.000000	0.548446 + I0.000000	0.152971 + I0.000000
# dh = 0.000100
# out = data/E4.3e4.0_tol1e-4.log
# model = sun
# scan_steps = 100.000000
# H0 = 
#	 0.000000e+00 0.000000e+00 0.000000e+00
#	 0.000000e+00 3.092321e+00 0.000000e+00
#	 0.000000e+00 0.000000e+00 1.012084e+02
# W = 
#	 6.758072e-01 4.508635e-01 1.257533e-01
#	 4.508635e-01 3.007928e-01 8.389608e-02
#	 1.257533e-01 8.389608e-02 2.340000e-02
# H0W = 
#	 0.000000e+00 -1.394215e+00 -1.272729e+01
#	 1.394215e+00 0.000000e+00 -8.231552e+00
#	 1.272729e+01 8.231552e+00 0.000000e+00
# H0H0W = 
#	 0.000000e+00 4.311359e+00 1.288108e+03
#	 4.311359e+00 0.000000e+00 8.076473e+02
#	 1.288108e+03 8.076473e+02 0.000000e+00
# WH0W = 
#	 4.458197e+00 1.580063e+00 -1.189771e+01
#	 1.580063e+00 1.239886e-01 -8.196969e+00
#	 -1.189771e+01 -8.196969e+00 -4.582186e+00
#################################################
##            CALCULATION COMPLETED            ##
#################################################
# Psi[0]^2 = 0.132511 + I0.000000
# Psi[1]^2 = 0.116310 + I0.000000
# Psi[2]^2 = 0.751179 + I0.000000
# phi0 = -2.138850 
# phi1 = -1.698547 
# phi2 = -2.849543 
# Psi = 
#	-3.068514e-01+i(-1.958404e-01)
#	-3.382633e-01+i(-4.344996e-02)
#	-2.495380e-01+i(-8.300058e-01)
#ProbSurv b 1-|Psi|^2 calls E tol dh dh(prev) dh(last)
0.142114845026	1	-9.79217e-14	9001	43000	0.0001	0.0001	0.0001	5e-05
