# a = 0.100000
# b = 1.000000
# E = 13.597794
# tol = 0.000100
# s12 = 0.554977
# s13 = 0.152971
# psi0 = 0.822075 + I0.000000	0.548446 + I0.000000	0.152971 + I0.000000
# dh = 0.000100
# out = data/E4.3e0.5_tol1e-4.log
# model = sun
# scan_steps = 100.000000
# H0 = 
#	 0.000000e+00 0.000000e+00 0.000000e+00
#	 0.000000e+00 9.778776e+03 0.000000e+00
#	 0.000000e+00 0.000000e+00 3.200490e+05
# W = 
#	 6.758072e-01 4.508635e-01 1.257533e-01
#	 4.508635e-01 3.007928e-01 8.389608e-02
#	 1.257533e-01 8.389608e-02 2.340000e-02
# H0W = 
#	 0.000000e+00 -4.408894e+03 -4.024721e+04
#	 4.408894e+03 0.000000e+00 -2.603045e+04
#	 4.024721e+04 2.603045e+04 0.000000e+00
# H0H0W = 
#	 0.000000e+00 4.311359e+07 1.288108e+10
#	 4.311359e+07 0.000000e+00 8.076473e+09
#	 1.288108e+10 8.076473e+09 0.000000e+00
# WH0W = 
#	 1.409806e+04 4.996599e+03 -3.762386e+04
#	 4.996599e+03 3.920865e+02 -2.592109e+04
#	 -3.762386e+04 -2.592109e+04 -1.449014e+04
#################################################
##            CALCULATION COMPLETED            ##
#################################################
# Psi[0]^2 = 0.048630 + I0.000000
# Psi[1]^2 = 0.924278 + I0.000000
# Psi[2]^2 = 0.027092 + I0.000000
# phi0 = 2.974425 
# phi1 = 2.571939 
# phi2 = 1.962974 
# Psi = 
#	3.669292e-02+i(-2.174490e-01)
#	5.185188e-01+i(-8.095776e-01)
#	1.520999e-01+i(-6.290902e-02)
#ProbSurv b 1-|Psi|^2 calls E tol dh dh(prev) dh(last)
0.311514813399	1	-6.06981e-12	13514	13.5978	0.0001	0.0001	6.66059e-05	4.37302e-05
