# a = 0.100000
# b = 1.000000
# E = 135.977939
# tol = 0.000100
# s12 = 0.554977
# s13 = 0.152971
# psi0 = 0.822075 + I0.000000	0.548446 + I0.000000	0.152971 + I0.000000
# dh = 0.000100
# out = data/E4.3e1.5_tol1e-4.log
# model = sun
# scan_steps = 100.000000
# H0 = 
#	 0.000000e+00 0.000000e+00 0.000000e+00
#	 0.000000e+00 9.778776e+02 0.000000e+00
#	 0.000000e+00 0.000000e+00 3.200490e+04
# W = 
#	 6.758072e-01 4.508635e-01 1.257533e-01
#	 4.508635e-01 3.007928e-01 8.389608e-02
#	 1.257533e-01 8.389608e-02 2.340000e-02
# H0W = 
#	 0.000000e+00 -4.408894e+02 -4.024721e+03
#	 4.408894e+02 0.000000e+00 -2.603045e+03
#	 4.024721e+03 2.603045e+03 0.000000e+00
# H0H0W = 
#	 0.000000e+00 4.311359e+05 1.288108e+08
#	 4.311359e+05 0.000000e+00 8.076473e+07
#	 1.288108e+08 8.076473e+07 0.000000e+00
# WH0W = 
#	 1.409806e+03 4.996599e+02 -3.762386e+03
#	 4.996599e+02 3.920865e+01 -2.592109e+03
#	 -3.762386e+03 -2.592109e+03 -1.449014e+03
#################################################
##            CALCULATION COMPLETED            ##
#################################################
# Psi[0]^2 = 0.000380 + I0.000000
# Psi[1]^2 = 0.800638 + I0.000000
# Psi[2]^2 = 0.198981 + I0.000000
# phi0 = 1.530835 
# phi1 = -1.834771 
# phi2 = 2.101442 
# Psi = 
#	1.948873e-02+i(7.792035e-04)
#	-8.637890e-01+i(-2.334671e-01)
#	3.847293e-01+i(-2.257535e-01)
#ProbSurv b 1-|Psi|^2 calls E tol dh dh(prev) dh(last)
0.245739498953	1	1.5854e-12	9001	135.978	0.0001	0.0001	0.0001	5e-05
