# a = 0.100000
# b = 1.000000
# E = 4300.000000
# tol = 0.000100
# s12 = 0.554977
# s13 = 0.152971
# psi0 = 0.822075 + I0.000000	0.548446 + I0.000000	0.152971 + I0.000000
# dh = 0.000100
# out = data/E4.3e3.0_tol1e-4.log
# model = sun
# scan_steps = 100.000000
# H0 = 
#	 0.000000e+00 0.000000e+00 0.000000e+00
#	 0.000000e+00 3.092321e+01 0.000000e+00
#	 0.000000e+00 0.000000e+00 1.012084e+03
# W = 
#	 6.758072e-01 4.508635e-01 1.257533e-01
#	 4.508635e-01 3.007928e-01 8.389608e-02
#	 1.257533e-01 8.389608e-02 2.340000e-02
# H0W = 
#	 0.000000e+00 -1.394215e+01 -1.272729e+02
#	 1.394215e+01 0.000000e+00 -8.231552e+01
#	 1.272729e+02 8.231552e+01 0.000000e+00
# H0H0W = 
#	 0.000000e+00 4.311359e+02 1.288108e+05
#	 4.311359e+02 0.000000e+00 8.076473e+04
#	 1.288108e+05 8.076473e+04 0.000000e+00
# WH0W = 
#	 4.458197e+01 1.580063e+01 -1.189771e+02
#	 1.580063e+01 1.239886e+00 -8.196969e+01
#	 -1.189771e+02 -8.196969e+01 -4.582186e+01
#################################################
##            CALCULATION COMPLETED            ##
#################################################
# Psi[0]^2 = 0.000000 + I0.000000
# Psi[1]^2 = 0.000035 + I0.000000
# Psi[2]^2 = 0.999965 + I0.000000
# phi0 = -3.032606 
# phi1 = 1.148775 
# phi2 = -2.680542 
# Psi = 
#	-4.063569e-05+i(-3.713739e-04)
#	5.400152e-03+i(2.424662e-03)
#	-4.448815e-01+i(-8.955698e-01)
#ProbSurv b 1-|Psi|^2 calls E tol dh dh(prev) dh(last)
0.0234098110732	1	-3.84137e-14	9001	4300	0.0001	0.0001	0.0001	5e-05
