# a = 0.100000
# b = 1.000000
# E = 13597.793939
# tol = 0.000100
# s12 = 0.554977
# s13 = 0.152971
# psi0 = 0.822075 + I0.000000	0.548446 + I0.000000	0.152971 + I0.000000
# dh = 0.000100
# out = data/E4.3e3.5_tol1e-4.log
# model = sun
# scan_steps = 100.000000
# H0 = 
#	 0.000000e+00 0.000000e+00 0.000000e+00
#	 0.000000e+00 9.778776e+00 0.000000e+00
#	 0.000000e+00 0.000000e+00 3.200490e+02
# W = 
#	 6.758072e-01 4.508635e-01 1.257533e-01
#	 4.508635e-01 3.007928e-01 8.389608e-02
#	 1.257533e-01 8.389608e-02 2.340000e-02
# H0W = 
#	 0.000000e+00 -4.408894e+00 -4.024721e+01
#	 4.408894e+00 0.000000e+00 -2.603045e+01
#	 4.024721e+01 2.603045e+01 0.000000e+00
# H0H0W = 
#	 0.000000e+00 4.311359e+01 1.288108e+04
#	 4.311359e+01 0.000000e+00 8.076473e+03
#	 1.288108e+04 8.076473e+03 0.000000e+00
# WH0W = 
#	 1.409806e+01 4.996599e+00 -3.762386e+01
#	 4.996599e+00 3.920865e-01 -2.592109e+01
#	 -3.762386e+01 -2.592109e+01 -1.449014e+01
#################################################
##            CALCULATION COMPLETED            ##
#################################################
# Psi[0]^2 = 0.002316 + I0.000000
# Psi[1]^2 = 0.009360 + I0.000000
# Psi[2]^2 = 0.988324 + I0.000000
# phi0 = 1.241324 
# phi1 = 2.775153 
# phi2 = -0.274107 
# Psi = 
#	4.553538e-02+i(1.557016e-02)
#	3.466461e-02+i(-9.032571e-02)
#	-2.691021e-01+i(9.570307e-01)
#ProbSurv b 1-|Psi|^2 calls E tol dh dh(prev) dh(last)
0.0275074093338	1	-8.08242e-14	9001	13597.8	0.0001	0.0001	0.0001	5e-05
