# a = 0.100000
# b = 1.000000
# E = 430000.000000
# tol = 0.000100
# s12 = 0.554977
# s13 = 0.152971
# psi0 = 0.822075 + I0.000000	0.548446 + I0.000000	0.152971 + I0.000000
# dh = 0.000100
# out = data/E4.3e5.0_tol1e-4.log
# model = sun
# scan_steps = 100.000000
# H0 = 
#	 0.000000e+00 0.000000e+00 0.000000e+00
#	 0.000000e+00 3.092321e-01 0.000000e+00
#	 0.000000e+00 0.000000e+00 1.012084e+01
# W = 
#	 6.758072e-01 4.508635e-01 1.257533e-01
#	 4.508635e-01 3.007928e-01 8.389608e-02
#	 1.257533e-01 8.389608e-02 2.340000e-02
# H0W = 
#	 0.000000e+00 -1.394215e-01 -1.272729e+00
#	 1.394215e-01 0.000000e+00 -8.231552e-01
#	 1.272729e+00 8.231552e-01 0.000000e+00
# H0H0W = 
#	 0.000000e+00 4.311359e-02 1.288108e+01
#	 4.311359e-02 0.000000e+00 8.076473e+00
#	 1.288108e+01 8.076473e+00 0.000000e+00
# WH0W = 
#	 4.458197e-01 1.580063e-01 -1.189771e+00
#	 1.580063e-01 1.239886e-02 -8.196969e-01
#	 -1.189771e+00 -8.196969e-01 -4.582186e-01
#################################################
##            CALCULATION COMPLETED            ##
#################################################
# Psi[0]^2 = 0.594583 + I0.000000
# Psi[1]^2 = 0.284002 + I0.000000
# Psi[2]^2 = 0.121415 + I0.000000
# phi0 = 2.449960 
# phi1 = 2.492445 
# phi2 = -2.215860 
# Psi = 
#	4.917987e-01+i(-5.938996e-01)
#	3.221532e-01+i(-4.245227e-01)
#	-2.784303e-01+i(-2.095034e-01)
#ProbSurv b 1-|Psi|^2 calls E tol dh dh(prev) dh(last)
0.490090192223	1	-1.17462e-13	9001	430000	0.0001	0.0001	0.0001	5e-05
