# a = 0.100000
# b = 1.000000
# E = 43.000000
# tol = 0.000100
# s12 = 0.554977
# s13 = 0.152971
# psi0 = 0.822075 + I0.000000	0.548446 + I0.000000	0.152971 + I0.000000
# dh = 0.000100
# out = data/E4.3e1.0_tol1e-4.log
# model = sun
# scan_steps = 100.000000
# H0 = 
#	 0.000000e+00 0.000000e+00 0.000000e+00
#	 0.000000e+00 3.092321e+03 0.000000e+00
#	 0.000000e+00 0.000000e+00 1.012084e+05
# W = 
#	 6.758072e-01 4.508635e-01 1.257533e-01
#	 4.508635e-01 3.007928e-01 8.389608e-02
#	 1.257533e-01 8.389608e-02 2.340000e-02
# H0W = 
#	 0.000000e+00 -1.394215e+03 -1.272729e+04
#	 1.394215e+03 0.000000e+00 -8.231552e+03
#	 1.272729e+04 8.231552e+03 0.000000e+00
# H0H0W = 
#	 0.000000e+00 4.311359e+06 1.288108e+09
#	 4.311359e+06 0.000000e+00 8.076473e+08
#	 1.288108e+09 8.076473e+08 0.000000e+00
# WH0W = 
#	 4.458197e+03 1.580063e+03 -1.189771e+04
#	 1.580063e+03 1.239886e+02 -8.196969e+03
#	 -1.189771e+04 -8.196969e+03 -4.582186e+03
#################################################
##            CALCULATION COMPLETED            ##
#################################################
# Psi[0]^2 = 0.004344 + I0.000000
# Psi[1]^2 = 0.957029 + I0.000000
# Psi[2]^2 = 0.038627 + I0.000000
# phi0 = 0.295387 
# phi1 = 1.923205 
# phi2 = 2.961030 
# Psi = 
#	1.918650e-02+i(6.305348e-02)
#	9.181576e-01+i(-3.376617e-01)
#	3.529493e-02+i(-1.933435e-01)
#ProbSurv b 1-|Psi|^2 calls E tol dh dh(prev) dh(last)
0.291706842666	1	2.79443e-13	9001	43	0.0001	0.0001	0.0001	5e-05
