# a = 0.100000
# b = 1.000000
# E = 1359.779394
# tol = 0.000100
# s12 = 0.554977
# s13 = 0.152971
# psi0 = 0.822075 + I0.000000	0.548446 + I0.000000	0.152971 + I0.000000
# dh = 0.000100
# out = data/E4.3e2.5_tol1e-4.log
# model = sun
# scan_steps = 100.000000
# H0 = 
#	 0.000000e+00 0.000000e+00 0.000000e+00
#	 0.000000e+00 9.778776e+01 0.000000e+00
#	 0.000000e+00 0.000000e+00 3.200490e+03
# W = 
#	 6.758072e-01 4.508635e-01 1.257533e-01
#	 4.508635e-01 3.007928e-01 8.389608e-02
#	 1.257533e-01 8.389608e-02 2.340000e-02
# H0W = 
#	 0.000000e+00 -4.408894e+01 -4.024721e+02
#	 4.408894e+01 0.000000e+00 -2.603045e+02
#	 4.024721e+02 2.603045e+02 0.000000e+00
# H0H0W = 
#	 0.000000e+00 4.311359e+03 1.288108e+06
#	 4.311359e+03 0.000000e+00 8.076473e+05
#	 1.288108e+06 8.076473e+05 0.000000e+00
# WH0W = 
#	 1.409806e+02 4.996599e+01 -3.762386e+02
#	 4.996599e+01 3.920865e+00 -2.592109e+02
#	 -3.762386e+02 -2.592109e+02 -1.449014e+02
#################################################
##            CALCULATION COMPLETED            ##
#################################################
# Psi[0]^2 = 0.000004 + I0.000000
# Psi[1]^2 = 0.000577 + I0.000000
# Psi[2]^2 = 0.999419 + I0.000000
# phi0 = 1.823492 
# phi1 = -2.930336 
# phi2 = 3.078648 
# Psi = 
#	1.962107e-03+i(-5.066453e-04)
#	-5.036981e-03+i(-2.348714e-02)
#	6.288524e-02+i(-9.977296e-01)
#ProbSurv b 1-|Psi|^2 calls E tol dh dh(prev) dh(last)
0.0235627394997	1	-3.04201e-14	9001	1359.78	0.0001	0.0001	0.0001	5e-05
