# a = 0.100000
# b = 1.000000
# E = 0.440000
# tol = 0.000100
# s12 = 0.554977
# s13 = 0.152971
# psi0 = 0.822075 + I0.000000	0.548446 + I0.000000	0.152971 + I0.000000
# dh = 0.000100
# out = data/E4.4e-1.0_tol1e-4.log
# model = sun
# scan_steps = 100.000000
# H0 = 
#	 0.000000e+00 0.000000e+00 0.000000e+00
#	 0.000000e+00 3.022041e+05 0.000000e+00
#	 0.000000e+00 0.000000e+00 9.890818e+06
# W = 
#	 6.758072e-01 4.508635e-01 1.257533e-01
#	 4.508635e-01 3.007928e-01 8.389608e-02
#	 1.257533e-01 8.389608e-02 2.340000e-02
# H0W = 
#	 0.000000e+00 -1.362528e+05 -1.243803e+06
#	 1.362528e+05 0.000000e+00 -8.044471e+05
#	 1.243803e+06 8.044471e+05 0.000000e+00
# H0H0W = 
#	 0.000000e+00 4.117615e+10 1.230223e+13
#	 4.117615e+10 0.000000e+00 7.713533e+12
#	 1.230223e+13 7.713533e+12 0.000000e+00
# WH0W = 
#	 4.356874e+05 1.544153e+05 -1.162731e+06
#	 1.544153e+05 1.211707e+04 -8.010674e+05
#	 -1.162731e+06 -8.010674e+05 -4.478045e+05
#################################################
##            CALCULATION COMPLETED            ##
#################################################
# Psi[0]^2 = 0.643519 + I0.000000
# Psi[1]^2 = 0.332973 + I0.000000
# Psi[2]^2 = 0.023508 + I0.000000
# phi0 = 0.515975 
# phi1 = -0.445440 
# phi2 = -1.722339 
# Psi = 
#	3.957904e-01+i(6.977601e-01)
#	-2.486200e-01+i(5.207315e-01)
#	-1.515648e-01+i(-2.314595e-02)
#ProbSurv b 1-|Psi|^2 calls E tol dh dh(prev) dh(last)
0.535600922299	1	7.30273e-11	1064582	0.44	0.0001	0.0001	8.45403e-07	6.6838e-07
