# a = 0.100000
# b = 1.000000
# E = 1.391402
# tol = 0.000100
# s12 = 0.554977
# s13 = 0.152971
# psi0 = 0.822075 + I0.000000	0.548446 + I0.000000	0.152971 + I0.000000
# dh = 0.000100
# out = data/E4.4e-0.5_tol1e-4.log
# model = sun
# scan_steps = 100.000000
# H0 = 
#	 0.000000e+00 0.000000e+00 0.000000e+00
#	 0.000000e+00 9.556531e+04 0.000000e+00
#	 0.000000e+00 0.000000e+00 3.127751e+06
# W = 
#	 6.758072e-01 4.508635e-01 1.257533e-01
#	 4.508635e-01 3.007928e-01 8.389608e-02
#	 1.257533e-01 8.389608e-02 2.340000e-02
# H0W = 
#	 0.000000e+00 -4.308692e+04 -3.933250e+05
#	 4.308692e+04 0.000000e+00 -2.543885e+05
#	 3.933250e+05 2.543885e+05 0.000000e+00
# H0H0W = 
#	 0.000000e+00 4.117615e+09 1.230223e+12
#	 4.117615e+09 0.000000e+00 7.713533e+11
#	 1.230223e+12 7.713533e+11 0.000000e+00
# WH0W = 
#	 1.377765e+05 4.883040e+04 -3.676877e+05
#	 4.883040e+04 3.831755e+03 -2.533198e+05
#	 -3.676877e+05 -2.533198e+05 -1.416082e+05
#################################################
##            CALCULATION COMPLETED            ##
#################################################
# Psi[0]^2 = 0.565948 + I0.000000
# Psi[1]^2 = 0.410309 + I0.000000
# Psi[2]^2 = 0.023743 + I0.000000
# phi0 = -1.060036 
# phi1 = 2.135331 
# phi2 = -1.386990 
# Psi = 
#	-6.562821e-01+i(3.677521e-01)
#	5.411642e-01+i(-3.427109e-01)
#	-1.514914e-01+i(2.816297e-02)
#ProbSurv b 1-|Psi|^2 calls E tol dh dh(prev) dh(last)
0.506445281696	1	-1.70033e-11	150355	1.3914	0.0001	0.0001	5.9859e-06	3.97694e-06
