# a = 0.100000
# b = 1.000000
# E = 139.140217
# tol = 0.000100
# s12 = 0.554977
# s13 = 0.152971
# psi0 = 0.822075 + I0.000000	0.548446 + I0.000000	0.152971 + I0.000000
# dh = 0.000100
# out = data/E4.4e1.5_tol1e-4.log
# model = sun
# scan_steps = 100.000000
# H0 = 
#	 0.000000e+00 0.000000e+00 0.000000e+00
#	 0.000000e+00 9.556531e+02 0.000000e+00
#	 0.000000e+00 0.000000e+00 3.127751e+04
# W = 
#	 6.758072e-01 4.508635e-01 1.257533e-01
#	 4.508635e-01 3.007928e-01 8.389608e-02
#	 1.257533e-01 8.389608e-02 2.340000e-02
# H0W = 
#	 0.000000e+00 -4.308692e+02 -3.933250e+03
#	 4.308692e+02 0.000000e+00 -2.543885e+03
#	 3.933250e+03 2.543885e+03 0.000000e+00
# H0H0W = 
#	 0.000000e+00 4.117615e+05 1.230223e+08
#	 4.117615e+05 0.000000e+00 7.713533e+07
#	 1.230223e+08 7.713533e+07 0.000000e+00
# WH0W = 
#	 1.377765e+03 4.883040e+02 -3.676877e+03
#	 4.883040e+02 3.831755e+01 -2.533198e+03
#	 -3.676877e+03 -2.533198e+03 -1.416082e+03
#################################################
##            CALCULATION COMPLETED            ##
#################################################
# Psi[0]^2 = 0.000391 + I0.000000
# Psi[1]^2 = 0.785846 + I0.000000
# Psi[2]^2 = 0.213763 + I0.000000
# phi0 = -2.303252 
# phi1 = -0.790792 
# phi2 = 2.573282 
# Psi = 
#	-1.470310e-02+i(-1.322323e-02)
#	-6.302079e-01+i(6.234455e-01)
#	2.488381e-01+i(-3.896694e-01)
#ProbSurv b 1-|Psi|^2 calls E tol dh dh(prev) dh(last)
0.241643217496	1	1.61393e-12	9001	139.14	0.0001	0.0001	0.0001	5e-05
