# a = 0.100000
# b = 1.000000
# E = 13914.021705
# tol = 0.000100
# s12 = 0.554977
# s13 = 0.152971
# psi0 = 0.822075 + I0.000000	0.548446 + I0.000000	0.152971 + I0.000000
# dh = 0.000100
# out = data/E4.4e3.5_tol1e-4.log
# model = sun
# scan_steps = 100.000000
# H0 = 
#	 0.000000e+00 0.000000e+00 0.000000e+00
#	 0.000000e+00 9.556531e+00 0.000000e+00
#	 0.000000e+00 0.000000e+00 3.127751e+02
# W = 
#	 6.758072e-01 4.508635e-01 1.257533e-01
#	 4.508635e-01 3.007928e-01 8.389608e-02
#	 1.257533e-01 8.389608e-02 2.340000e-02
# H0W = 
#	 0.000000e+00 -4.308692e+00 -3.933250e+01
#	 4.308692e+00 0.000000e+00 -2.543885e+01
#	 3.933250e+01 2.543885e+01 0.000000e+00
# H0H0W = 
#	 0.000000e+00 4.117615e+01 1.230223e+04
#	 4.117615e+01 0.000000e+00 7.713533e+03
#	 1.230223e+04 7.713533e+03 0.000000e+00
# WH0W = 
#	 1.377765e+01 4.883040e+00 -3.676877e+01
#	 4.883040e+00 3.831755e-01 -2.533198e+01
#	 -3.676877e+01 -2.533198e+01 -1.416082e+01
#################################################
##            CALCULATION COMPLETED            ##
#################################################
# Psi[0]^2 = 0.002788 + I0.000000
# Psi[1]^2 = 0.010723 + I0.000000
# Psi[2]^2 = 0.986488 + I0.000000
# phi0 = 1.196167 
# phi1 = 2.662038 
# phi2 = 2.273214 
# Psi = 
#	4.914271e-02+i(1.932282e-02)
#	4.777754e-02+i(-9.187202e-02)
#	7.581081e-01+i(-6.416858e-01)
#ProbSurv b 1-|Psi|^2 calls E tol dh dh(prev) dh(last)
0.0281936851219	1	-9.57012e-14	9001	13914	0.0001	0.0001	0.0001	5e-05
