# a = 0.100000
# b = 1.000000
# E = 1391402.170474
# tol = 0.000100
# s12 = 0.554977
# s13 = 0.152971
# psi0 = 0.822075 + I0.000000	0.548446 + I0.000000	0.152971 + I0.000000
# dh = 0.000100
# out = data/E4.4e5.5_tol1e-4.log
# model = sun
# scan_steps = 100.000000
# H0 = 
#	 0.000000e+00 0.000000e+00 0.000000e+00
#	 0.000000e+00 9.556531e-02 0.000000e+00
#	 0.000000e+00 0.000000e+00 3.127751e+00
# W = 
#	 6.758072e-01 4.508635e-01 1.257533e-01
#	 4.508635e-01 3.007928e-01 8.389608e-02
#	 1.257533e-01 8.389608e-02 2.340000e-02
# H0W = 
#	 0.000000e+00 -4.308692e-02 -3.933250e-01
#	 4.308692e-02 0.000000e+00 -2.543885e-01
#	 3.933250e-01 2.543885e-01 0.000000e+00
# H0H0W = 
#	 0.000000e+00 4.117615e-03 1.230223e+00
#	 4.117615e-03 0.000000e+00 7.713533e-01
#	 1.230223e+00 7.713533e-01 0.000000e+00
# WH0W = 
#	 1.377765e-01 4.883040e-02 -3.676877e-01
#	 4.883040e-02 3.831755e-03 -2.533198e-01
#	 -3.676877e-01 -2.533198e-01 -1.416082e-01
#################################################
##            CALCULATION COMPLETED            ##
#################################################
# Psi[0]^2 = 0.657392 + I0.000000
# Psi[1]^2 = 0.298969 + I0.000000
# Psi[2]^2 = 0.043639 + I0.000000
# phi0 = 2.276944 
# phi1 = 2.290009 
# phi2 = 2.728042 
# Psi = 
#	6.169093e-01+i(-5.261321e-01)
#	4.113565e-01+i(-3.602151e-01)
#	8.394877e-02+i(-1.912888e-01)
#ProbSurv b 1-|Psi|^2 calls E tol dh dh(prev) dh(last)
0.535219218108	1	-1.2701e-13	9001	1.3914e+06	0.0001	0.0001	0.0001	5e-05
