# a = 0.100000
# b = 1.000000
# E = 139140.217047
# tol = 0.000100
# s12 = 0.554977
# s13 = 0.152971
# psi0 = 0.822075 + I0.000000	0.548446 + I0.000000	0.152971 + I0.000000
# dh = 0.000100
# out = data/E4.4e4.5_tol1e-4.log
# model = sun
# scan_steps = 100.000000
# H0 = 
#	 0.000000e+00 0.000000e+00 0.000000e+00
#	 0.000000e+00 9.556531e-01 0.000000e+00
#	 0.000000e+00 0.000000e+00 3.127751e+01
# W = 
#	 6.758072e-01 4.508635e-01 1.257533e-01
#	 4.508635e-01 3.007928e-01 8.389608e-02
#	 1.257533e-01 8.389608e-02 2.340000e-02
# H0W = 
#	 0.000000e+00 -4.308692e-01 -3.933250e+00
#	 4.308692e-01 0.000000e+00 -2.543885e+00
#	 3.933250e+00 2.543885e+00 0.000000e+00
# H0H0W = 
#	 0.000000e+00 4.117615e-01 1.230223e+02
#	 4.117615e-01 0.000000e+00 7.713533e+01
#	 1.230223e+02 7.713533e+01 0.000000e+00
# WH0W = 
#	 1.377765e+00 4.883040e-01 -3.676877e+00
#	 4.883040e-01 3.831755e-02 -2.533198e+00
#	 -3.676877e+00 -2.533198e+00 -1.416082e+00
#################################################
##            CALCULATION COMPLETED            ##
#################################################
# Psi[0]^2 = 0.423709 + I0.000000
# Psi[1]^2 = 0.233445 + I0.000000
# Psi[2]^2 = 0.342846 + I0.000000
# phi0 = 2.881966 
# phi1 = 3.014736 
# phi2 = -3.100283 
# Psi = 
#	1.671064e-01+i(-6.291140e-01)
#	6.112786e-02+i(-4.792788e-01)
#	-2.418097e-02+i(-5.850313e-01)
#ProbSurv b 1-|Psi|^2 calls E tol dh dh(prev) dh(last)
0.364586659641	1	-1.39444e-13	9001	139140	0.0001	0.0001	0.0001	5e-05
