# a = 0.100000
# b = 1.000000
# E = 440000.000000
# tol = 0.000100
# s12 = 0.554977
# s13 = 0.152971
# psi0 = 0.822075 + I0.000000	0.548446 + I0.000000	0.152971 + I0.000000
# dh = 0.000100
# out = data/E4.4e5.0_tol1e-4.log
# model = sun
# scan_steps = 100.000000
# H0 = 
#	 0.000000e+00 0.000000e+00 0.000000e+00
#	 0.000000e+00 3.022041e-01 0.000000e+00
#	 0.000000e+00 0.000000e+00 9.890818e+00
# W = 
#	 6.758072e-01 4.508635e-01 1.257533e-01
#	 4.508635e-01 3.007928e-01 8.389608e-02
#	 1.257533e-01 8.389608e-02 2.340000e-02
# H0W = 
#	 0.000000e+00 -1.362528e-01 -1.243803e+00
#	 1.362528e-01 0.000000e+00 -8.044471e-01
#	 1.243803e+00 8.044471e-01 0.000000e+00
# H0H0W = 
#	 0.000000e+00 4.117615e-02 1.230223e+01
#	 4.117615e-02 0.000000e+00 7.713533e+00
#	 1.230223e+01 7.713533e+00 0.000000e+00
# WH0W = 
#	 4.356874e-01 1.544153e-01 -1.162731e+00
#	 1.544153e-01 1.211707e-02 -8.010674e-01
#	 -1.162731e+00 -8.010674e-01 -4.478045e-01
#################################################
##            CALCULATION COMPLETED            ##
#################################################
# Psi[0]^2 = 0.597026 + I0.000000
# Psi[1]^2 = 0.284705 + I0.000000
# Psi[2]^2 = 0.118269 + I0.000000
# phi0 = 2.444516 
# phi1 = 2.486018 
# phi2 = -2.263138 
# Psi = 
#	4.960411e-01+i(-5.924264e-01)
#	3.252766e-01+i(-4.229657e-01)
#	-2.647206e-01+i(-2.195277e-01)
#ProbSurv b 1-|Psi|^2 calls E tol dh dh(prev) dh(last)
0.491879002648	1	-1.05027e-13	9001	440000	0.0001	0.0001	0.0001	5e-05
