# a = 0.100000
# b = 1.000000
# E = 1391.402170
# tol = 0.000100
# s12 = 0.554977
# s13 = 0.152971
# psi0 = 0.822075 + I0.000000	0.548446 + I0.000000	0.152971 + I0.000000
# dh = 0.000100
# out = data/E4.4e2.5_tol1e-4.log
# model = sun
# scan_steps = 100.000000
# H0 = 
#	 0.000000e+00 0.000000e+00 0.000000e+00
#	 0.000000e+00 9.556531e+01 0.000000e+00
#	 0.000000e+00 0.000000e+00 3.127751e+03
# W = 
#	 6.758072e-01 4.508635e-01 1.257533e-01
#	 4.508635e-01 3.007928e-01 8.389608e-02
#	 1.257533e-01 8.389608e-02 2.340000e-02
# H0W = 
#	 0.000000e+00 -4.308692e+01 -3.933250e+02
#	 4.308692e+01 0.000000e+00 -2.543885e+02
#	 3.933250e+02 2.543885e+02 0.000000e+00
# H0H0W = 
#	 0.000000e+00 4.117615e+03 1.230223e+06
#	 4.117615e+03 0.000000e+00 7.713533e+05
#	 1.230223e+06 7.713533e+05 0.000000e+00
# WH0W = 
#	 1.377765e+02 4.883040e+01 -3.676877e+02
#	 4.883040e+01 3.831755e+00 -2.533198e+02
#	 -3.676877e+02 -2.533198e+02 -1.416082e+02
#################################################
##            CALCULATION COMPLETED            ##
#################################################
# Psi[0]^2 = 0.000005 + I0.000000
# Psi[1]^2 = 0.000545 + I0.000000
# Psi[2]^2 = 0.999450 + I0.000000
# phi0 = 1.028676 
# phi1 = 1.887463 
# phi2 = 0.628591 
# Psi = 
#	1.842466e-03+i(1.109747e-03)
#	2.219404e-02+i(-7.272858e-03)
#	5.878437e-01+i(8.086345e-01)
#ProbSurv b 1-|Psi|^2 calls E tol dh dh(prev) dh(last)
0.0235543275958	1	-1.11022e-15	9001	1391.4	0.0001	0.0001	0.0001	5e-05
