# a = 0.100000
# b = 1.000000
# E = 44000.000000
# tol = 0.000100
# s12 = 0.554977
# s13 = 0.152971
# psi0 = 0.822075 + I0.000000	0.548446 + I0.000000	0.152971 + I0.000000
# dh = 0.000100
# out = data/E4.4e4.0_tol1e-4.log
# model = sun
# scan_steps = 100.000000
# H0 = 
#	 0.000000e+00 0.000000e+00 0.000000e+00
#	 0.000000e+00 3.022041e+00 0.000000e+00
#	 0.000000e+00 0.000000e+00 9.890818e+01
# W = 
#	 6.758072e-01 4.508635e-01 1.257533e-01
#	 4.508635e-01 3.007928e-01 8.389608e-02
#	 1.257533e-01 8.389608e-02 2.340000e-02
# H0W = 
#	 0.000000e+00 -1.362528e+00 -1.243803e+01
#	 1.362528e+00 0.000000e+00 -8.044471e+00
#	 1.243803e+01 8.044471e+00 0.000000e+00
# H0H0W = 
#	 0.000000e+00 4.117615e+00 1.230223e+03
#	 4.117615e+00 0.000000e+00 7.713533e+02
#	 1.230223e+03 7.713533e+02 0.000000e+00
# WH0W = 
#	 4.356874e+00 1.544153e+00 -1.162731e+01
#	 1.544153e+00 1.211707e-01 -8.010674e+00
#	 -1.162731e+01 -8.010674e+00 -4.478045e+00
#################################################
##            CALCULATION COMPLETED            ##
#################################################
# Psi[0]^2 = 0.136418 + I0.000000
# Psi[1]^2 = 0.118161 + I0.000000
# Psi[2]^2 = 0.745421 + I0.000000
# phi0 = -2.180619 
# phi1 = -1.748821 
# phi2 = 2.499283 
# Psi = 
#	-3.027732e-01+i(-2.115341e-01)
#	-3.383127e-01+i(-6.087232e-02)
#	5.172030e-01+i(-6.913189e-01)
#ProbSurv b 1-|Psi|^2 calls E tol dh dh(prev) dh(last)
0.145177258761	1	-1.19238e-13	9001	44000	0.0001	0.0001	0.0001	5e-05
