# a = 0.100000
# b = 1.000000
# E = 4400000.000000
# tol = 0.000100
# s12 = 0.554977
# s13 = 0.152971
# psi0 = 0.822075 + I0.000000	0.548446 + I0.000000	0.152971 + I0.000000
# dh = 0.000100
# out = data/E4.4e6.0_tol1e-4.log
# model = sun
# scan_steps = 100.000000
# H0 = 
#	 0.000000e+00 0.000000e+00 0.000000e+00
#	 0.000000e+00 3.022041e-02 0.000000e+00
#	 0.000000e+00 0.000000e+00 9.890818e-01
# W = 
#	 6.758072e-01 4.508635e-01 1.257533e-01
#	 4.508635e-01 3.007928e-01 8.389608e-02
#	 1.257533e-01 8.389608e-02 2.340000e-02
# H0W = 
#	 0.000000e+00 -1.362528e-02 -1.243803e-01
#	 1.362528e-02 0.000000e+00 -8.044471e-02
#	 1.243803e-01 8.044471e-02 0.000000e+00
# H0H0W = 
#	 0.000000e+00 4.117615e-04 1.230223e-01
#	 4.117615e-04 0.000000e+00 7.713533e-02
#	 1.230223e-01 7.713533e-02 0.000000e+00
# WH0W = 
#	 4.356874e-02 1.544153e-02 -1.162731e-01
#	 1.544153e-02 1.211707e-03 -8.010674e-02
#	 -1.162731e-01 -8.010674e-02 -4.478045e-02
#################################################
##            CALCULATION COMPLETED            ##
#################################################
# Psi[0]^2 = 0.670634 + I0.000000
# Psi[1]^2 = 0.300525 + I0.000000
# Psi[2]^2 = 0.028842 + I0.000000
# phi0 = 2.223124 
# phi1 = 2.227259 
# phi2 = 2.360892 
# Psi = 
#	6.507753e-01+i(-4.971167e-01)
#	4.342610e-01+i(-3.345777e-01)
#	1.195213e-01+i(-1.206496e-01)
#ProbSurv b 1-|Psi|^2 calls E tol dh dh(prev) dh(last)
0.544289558814	1	-9.81437e-14	9001	4.4e+06	0.0001	0.0001	0.0001	5e-05
