# a = 0.100000
# b = 1.000000
# E = 1423.024947
# tol = 0.000100
# s12 = 0.554977
# s13 = 0.152971
# psi0 = 0.822075 + I0.000000	0.548446 + I0.000000	0.152971 + I0.000000
# dh = 0.000100
# out = data/E4.5e2.5_tol1e-4.log
# model = sun
# scan_steps = 100.000000
# H0 = 
#	 0.000000e+00 0.000000e+00 0.000000e+00
#	 0.000000e+00 9.344164e+01 0.000000e+00
#	 0.000000e+00 0.000000e+00 3.058246e+03
# W = 
#	 6.758072e-01 4.508635e-01 1.257533e-01
#	 4.508635e-01 3.007928e-01 8.389608e-02
#	 1.257533e-01 8.389608e-02 2.340000e-02
# H0W = 
#	 0.000000e+00 -4.212943e+01 -3.845844e+02
#	 4.212943e+01 0.000000e+00 -2.487354e+02
#	 3.845844e+02 2.487354e+02 0.000000e+00
# H0H0W = 
#	 0.000000e+00 3.936643e+03 1.176154e+06
#	 3.936643e+03 0.000000e+00 7.374518e+05
#	 1.176154e+06 7.374518e+05 0.000000e+00
# WH0W = 
#	 1.347148e+02 4.774528e+01 -3.595169e+02
#	 4.774528e+01 3.746605e+00 -2.476904e+02
#	 -3.595169e+02 -2.476904e+02 -1.384614e+02
#################################################
##            CALCULATION COMPLETED            ##
#################################################
# Psi[0]^2 = 0.000005 + I0.000000
# Psi[1]^2 = 0.000520 + I0.000000
# Psi[2]^2 = 0.999476 + I0.000000
# phi0 = 0.342031 
# phi1 = 0.907821 
# phi2 = 0.665354 
# Psi = 
#	7.191634e-04+i(2.019990e-03)
#	1.796463e-02+i(1.402828e-02)
#	6.171756e-01+i(7.864923e-01)
#ProbSurv b 1-|Psi|^2 calls E tol dh dh(prev) dh(last)
0.0235471107667	1	-7.37188e-14	9001	1423.02	0.0001	0.0001	0.0001	5e-05
