# a = 0.100000
# b = 1.000000
# E = 1.423025
# tol = 0.000100
# s12 = 0.554977
# s13 = 0.152971
# psi0 = 0.822075 + I0.000000	0.548446 + I0.000000	0.152971 + I0.000000
# dh = 0.000100
# out = data/E4.5e-0.5_tol1e-4.log
# model = sun
# scan_steps = 100.000000
# H0 = 
#	 0.000000e+00 0.000000e+00 0.000000e+00
#	 0.000000e+00 9.344164e+04 0.000000e+00
#	 0.000000e+00 0.000000e+00 3.058246e+06
# W = 
#	 6.758072e-01 4.508635e-01 1.257533e-01
#	 4.508635e-01 3.007928e-01 8.389608e-02
#	 1.257533e-01 8.389608e-02 2.340000e-02
# H0W = 
#	 0.000000e+00 -4.212943e+04 -3.845844e+05
#	 4.212943e+04 0.000000e+00 -2.487354e+05
#	 3.845844e+05 2.487354e+05 0.000000e+00
# H0H0W = 
#	 0.000000e+00 3.936643e+09 1.176154e+12
#	 3.936643e+09 0.000000e+00 7.374518e+11
#	 1.176154e+12 7.374518e+11 0.000000e+00
# WH0W = 
#	 1.347148e+05 4.774528e+04 -3.595169e+05
#	 4.774528e+04 3.746605e+03 -2.476904e+05
#	 -3.595169e+05 -2.476904e+05 -1.384614e+05
#################################################
##            CALCULATION COMPLETED            ##
#################################################
# Psi[0]^2 = 0.563233 + I0.000000
# Psi[1]^2 = 0.413017 + I0.000000
# Psi[2]^2 = 0.023751 + I0.000000
# phi0 = -2.409659 
# phi1 = 2.262742 
# phi2 = -1.016560 
# Psi = 
#	-5.015583e-01+i(-5.582758e-01)
#	4.948552e-01+i(-4.100428e-01)
#	-1.310423e-01+i(8.110860e-02)
#ProbSurv b 1-|Psi|^2 calls E tol dh dh(prev) dh(last)
0.505424833551	1	1.70353e-11	165619	1.42302	0.0001	0.0001	5.43422e-06	2.71815e-06
