# a = 0.100000
# b = 1.000000
# E = 4500000.000000
# tol = 0.000100
# s12 = 0.554977
# s13 = 0.152971
# psi0 = 0.822075 + I0.000000	0.548446 + I0.000000	0.152971 + I0.000000
# dh = 0.000100
# out = data/E4.5e6.0_tol1e-4.log
# model = sun
# scan_steps = 100.000000
# H0 = 
#	 0.000000e+00 0.000000e+00 0.000000e+00
#	 0.000000e+00 2.954884e-02 0.000000e+00
#	 0.000000e+00 0.000000e+00 9.671022e-01
# W = 
#	 6.758072e-01 4.508635e-01 1.257533e-01
#	 4.508635e-01 3.007928e-01 8.389608e-02
#	 1.257533e-01 8.389608e-02 2.340000e-02
# H0W = 
#	 0.000000e+00 -1.332250e-02 -1.216163e-01
#	 1.332250e-02 0.000000e+00 -7.865705e-02
#	 1.216163e-01 7.865705e-02 0.000000e+00
# H0H0W = 
#	 0.000000e+00 3.936643e-04 1.176154e-01
#	 3.936643e-04 0.000000e+00 7.374518e-02
#	 1.176154e-01 7.374518e-02 0.000000e+00
# WH0W = 
#	 4.260055e-02 1.509838e-02 -1.136892e-01
#	 1.509838e-02 1.184780e-03 -7.832659e-02
#	 -1.136892e-01 -7.832659e-02 -4.378533e-02
#################################################
##            CALCULATION COMPLETED            ##
#################################################
# Psi[0]^2 = 0.670755 + I0.000000
# Psi[1]^2 = 0.300534 + I0.000000
# Psi[2]^2 = 0.028712 + I0.000000
# phi0 = 2.222574 
# phi1 = 2.226617 
# phi2 = 2.357230 
# Psi = 
#	6.511076e-01+i(-4.968034e-01)
#	4.344822e-01+i(-3.343037e-01)
#	1.196914e-01+i(-1.199396e-01)
#ProbSurv b 1-|Psi|^2 calls E tol dh dh(prev) dh(last)
0.544371120007	1	-8.83738e-14	9001	4.5e+06	0.0001	0.0001	0.0001	5e-05
