# a = 0.100000
# b = 1.000000
# E = 142302.494708
# tol = 0.000100
# s12 = 0.554977
# s13 = 0.152971
# psi0 = 0.822075 + I0.000000	0.548446 + I0.000000	0.152971 + I0.000000
# dh = 0.000100
# out = data/E4.5e4.5_tol1e-4.log
# model = sun
# scan_steps = 100.000000
# H0 = 
#	 0.000000e+00 0.000000e+00 0.000000e+00
#	 0.000000e+00 9.344164e-01 0.000000e+00
#	 0.000000e+00 0.000000e+00 3.058246e+01
# W = 
#	 6.758072e-01 4.508635e-01 1.257533e-01
#	 4.508635e-01 3.007928e-01 8.389608e-02
#	 1.257533e-01 8.389608e-02 2.340000e-02
# H0W = 
#	 0.000000e+00 -4.212943e-01 -3.845844e+00
#	 4.212943e-01 0.000000e+00 -2.487354e+00
#	 3.845844e+00 2.487354e+00 0.000000e+00
# H0H0W = 
#	 0.000000e+00 3.936643e-01 1.176154e+02
#	 3.936643e-01 0.000000e+00 7.374518e+01
#	 1.176154e+02 7.374518e+01 0.000000e+00
# WH0W = 
#	 1.347148e+00 4.774528e-01 -3.595169e+00
#	 4.774528e-01 3.746605e-02 -2.476904e+00
#	 -3.595169e+00 -2.476904e+00 -1.384614e+00
#################################################
##            CALCULATION COMPLETED            ##
#################################################
# Psi[0]^2 = 0.428415 + I0.000000
# Psi[1]^2 = 0.234865 + I0.000000
# Psi[2]^2 = 0.336720 + I0.000000
# phi0 = 2.867026 
# phi1 = 2.996943 
# phi2 = 2.974271 
# Psi = 
#	1.774635e-01+i(-6.300168e-01)
#	6.985726e-02+i(-4.795676e-01)
#	9.664044e-02+i(-5.721722e-01)
#ProbSurv b 1-|Psi|^2 calls E tol dh dh(prev) dh(last)
0.368050606592	1	-7.86038e-14	9001	142302	0.0001	0.0001	0.0001	5e-05
