# a = 0.100000
# b = 1.000000
# E = 45000.000000
# tol = 0.000100
# s12 = 0.554977
# s13 = 0.152971
# psi0 = 0.822075 + I0.000000	0.548446 + I0.000000	0.152971 + I0.000000
# dh = 0.000100
# out = data/E4.5e4.0_tol1e-4.log
# model = sun
# scan_steps = 100.000000
# H0 = 
#	 0.000000e+00 0.000000e+00 0.000000e+00
#	 0.000000e+00 2.954884e+00 0.000000e+00
#	 0.000000e+00 0.000000e+00 9.671022e+01
# W = 
#	 6.758072e-01 4.508635e-01 1.257533e-01
#	 4.508635e-01 3.007928e-01 8.389608e-02
#	 1.257533e-01 8.389608e-02 2.340000e-02
# H0W = 
#	 0.000000e+00 -1.332250e+00 -1.216163e+01
#	 1.332250e+00 0.000000e+00 -7.865705e+00
#	 1.216163e+01 7.865705e+00 0.000000e+00
# H0H0W = 
#	 0.000000e+00 3.936643e+00 1.176154e+03
#	 3.936643e+00 0.000000e+00 7.374518e+02
#	 1.176154e+03 7.374518e+02 0.000000e+00
# WH0W = 
#	 4.260055e+00 1.509838e+00 -1.136892e+01
#	 1.509838e+00 1.184780e-01 -7.832659e+00
#	 -1.136892e+01 -7.832659e+00 -4.378533e+00
#################################################
##            CALCULATION COMPLETED            ##
#################################################
# Psi[0]^2 = 0.140241 + I0.000000
# Psi[1]^2 = 0.120162 + I0.000000
# Psi[2]^2 = 0.739597 + I0.000000
# phi0 = -2.215947 
# phi1 = -1.793633 
# phi2 = 1.611827 
# Psi = 
#	-2.992193e-01+i(-2.251865e-01)
#	-3.380725e-01+i(-7.660734e-02)
#	8.592745e-01+i(-3.527624e-02)
#ProbSurv b 1-|Psi|^2 calls E tol dh dh(prev) dh(last)
0.148226339021	1	-9.37028e-14	9001	45000	0.0001	0.0001	0.0001	5e-05
