# a = 0.100000
# b = 1.000000
# E = 450.000000
# tol = 0.000100
# s12 = 0.554977
# s13 = 0.152971
# psi0 = 0.822075 + I0.000000	0.548446 + I0.000000	0.152971 + I0.000000
# dh = 0.000100
# out = data/E4.5e2.0_tol1e-4.log
# model = sun
# scan_steps = 100.000000
# H0 = 
#	 0.000000e+00 0.000000e+00 0.000000e+00
#	 0.000000e+00 2.954884e+02 0.000000e+00
#	 0.000000e+00 0.000000e+00 9.671022e+03
# W = 
#	 6.758072e-01 4.508635e-01 1.257533e-01
#	 4.508635e-01 3.007928e-01 8.389608e-02
#	 1.257533e-01 8.389608e-02 2.340000e-02
# H0W = 
#	 0.000000e+00 -1.332250e+02 -1.216163e+03
#	 1.332250e+02 0.000000e+00 -7.865705e+02
#	 1.216163e+03 7.865705e+02 0.000000e+00
# H0H0W = 
#	 0.000000e+00 3.936643e+04 1.176154e+07
#	 3.936643e+04 0.000000e+00 7.374518e+06
#	 1.176154e+07 7.374518e+06 0.000000e+00
# WH0W = 
#	 4.260055e+02 1.509838e+02 -1.136892e+03
#	 1.509838e+02 1.184780e+01 -7.832659e+02
#	 -1.136892e+03 -7.832659e+02 -4.378533e+02
#################################################
##            CALCULATION COMPLETED            ##
#################################################
# Psi[0]^2 = 0.000034 + I0.000000
# Psi[1]^2 = 0.010576 + I0.000000
# Psi[2]^2 = 0.989390 + I0.000000
# phi0 = 0.473407 
# phi1 = -2.034217 
# phi2 = -1.937878 
# Psi = 
#	2.640202e-03+i(5.154038e-03)
#	-9.199360e-02+i(-4.597073e-02)
#	-9.284139e-01+i(-3.569845e-01)
#ProbSurv b 1-|Psi|^2 calls E tol dh dh(prev) dh(last)
0.0263556204662	1	-2.65121e-13	9001	450	0.0001	0.0001	0.0001	5e-05
