# a = 0.100000
# b = 1.000000
# E = 1423024.947076
# tol = 0.000100
# s12 = 0.554977
# s13 = 0.152971
# psi0 = 0.822075 + I0.000000	0.548446 + I0.000000	0.152971 + I0.000000
# dh = 0.000100
# out = data/E4.5e5.5_tol1e-4.log
# model = sun
# scan_steps = 100.000000
# H0 = 
#	 0.000000e+00 0.000000e+00 0.000000e+00
#	 0.000000e+00 9.344164e-02 0.000000e+00
#	 0.000000e+00 0.000000e+00 3.058246e+00
# W = 
#	 6.758072e-01 4.508635e-01 1.257533e-01
#	 4.508635e-01 3.007928e-01 8.389608e-02
#	 1.257533e-01 8.389608e-02 2.340000e-02
# H0W = 
#	 0.000000e+00 -4.212943e-02 -3.845844e-01
#	 4.212943e-02 0.000000e+00 -2.487354e-01
#	 3.845844e-01 2.487354e-01 0.000000e+00
# H0H0W = 
#	 0.000000e+00 3.936643e-03 1.176154e+00
#	 3.936643e-03 0.000000e+00 7.374518e-01
#	 1.176154e+00 7.374518e-01 0.000000e+00
# WH0W = 
#	 1.347148e-01 4.774528e-02 -3.595169e-01
#	 4.774528e-02 3.746605e-03 -2.476904e-01
#	 -3.595169e-01 -2.476904e-01 -1.384614e-01
#################################################
##            CALCULATION COMPLETED            ##
#################################################
# Psi[0]^2 = 0.657869 + I0.000000
# Psi[1]^2 = 0.299042 + I0.000000
# Psi[2]^2 = 0.043089 + I0.000000
# phi0 = 2.275189 
# phi1 = 2.287964 
# phi2 = 2.715780 
# Psi = 
#	6.180554e-01+i(-5.252392e-01)
#	4.121424e-01+i(-3.594170e-01)
#	8.574311e-02+i(-1.890435e-01)
#ProbSurv b 1-|Psi|^2 calls E tol dh dh(prev) dh(last)
0.535550367835	1	-9.25926e-14	9001	1.42302e+06	0.0001	0.0001	0.0001	5e-05
