# a = 0.100000
# b = 1.000000
# E = 142.302495
# tol = 0.000100
# s12 = 0.554977
# s13 = 0.152971
# psi0 = 0.822075 + I0.000000	0.548446 + I0.000000	0.152971 + I0.000000
# dh = 0.000100
# out = data/E4.5e1.5_tol1e-4.log
# model = sun
# scan_steps = 100.000000
# H0 = 
#	 0.000000e+00 0.000000e+00 0.000000e+00
#	 0.000000e+00 9.344164e+02 0.000000e+00
#	 0.000000e+00 0.000000e+00 3.058246e+04
# W = 
#	 6.758072e-01 4.508635e-01 1.257533e-01
#	 4.508635e-01 3.007928e-01 8.389608e-02
#	 1.257533e-01 8.389608e-02 2.340000e-02
# H0W = 
#	 0.000000e+00 -4.212943e+02 -3.845844e+03
#	 4.212943e+02 0.000000e+00 -2.487354e+03
#	 3.845844e+03 2.487354e+03 0.000000e+00
# H0H0W = 
#	 0.000000e+00 3.936643e+05 1.176154e+08
#	 3.936643e+05 0.000000e+00 7.374518e+07
#	 1.176154e+08 7.374518e+07 0.000000e+00
# WH0W = 
#	 1.347148e+03 4.774528e+02 -3.595169e+03
#	 4.774528e+02 3.746605e+01 -2.476904e+03
#	 -3.595169e+03 -2.476904e+03 -1.384614e+03
#################################################
##            CALCULATION COMPLETED            ##
#################################################
# Psi[0]^2 = 0.000395 + I0.000000
# Psi[1]^2 = 0.769864 + I0.000000
# Psi[2]^2 = 0.229741 + I0.000000
# phi0 = 0.245293 
# phi1 = 0.922121 
# phi2 = 0.803764 
# Psi = 
#	4.825363e-03+i(1.927573e-02)
#	6.992017e-01+i(5.300761e-01)
#	3.450931e-01+i(3.326442e-01)
#ProbSurv b 1-|Psi|^2 calls E tol dh dh(prev) dh(last)
0.237212252281	1	1.50902e-12	9001	142.302	0.0001	0.0001	0.0001	5e-05
