# a = 0.100000
# b = 1.000000
# E = 45.000000
# tol = 0.000100
# s12 = 0.554977
# s13 = 0.152971
# psi0 = 0.822075 + I0.000000	0.548446 + I0.000000	0.152971 + I0.000000
# dh = 0.000100
# out = data/E4.5e1.0_tol1e-4.log
# model = sun
# scan_steps = 100.000000
# H0 = 
#	 0.000000e+00 0.000000e+00 0.000000e+00
#	 0.000000e+00 2.954884e+03 0.000000e+00
#	 0.000000e+00 0.000000e+00 9.671022e+04
# W = 
#	 6.758072e-01 4.508635e-01 1.257533e-01
#	 4.508635e-01 3.007928e-01 8.389608e-02
#	 1.257533e-01 8.389608e-02 2.340000e-02
# H0W = 
#	 0.000000e+00 -1.332250e+03 -1.216163e+04
#	 1.332250e+03 0.000000e+00 -7.865705e+03
#	 1.216163e+04 7.865705e+03 0.000000e+00
# H0H0W = 
#	 0.000000e+00 3.936643e+06 1.176154e+09
#	 3.936643e+06 0.000000e+00 7.374518e+08
#	 1.176154e+09 7.374518e+08 0.000000e+00
# WH0W = 
#	 4.260055e+03 1.509838e+03 -1.136892e+04
#	 1.509838e+03 1.184780e+02 -7.832659e+03
#	 -1.136892e+04 -7.832659e+03 -4.378533e+03
#################################################
##            CALCULATION COMPLETED            ##
#################################################
# Psi[0]^2 = 0.003986 + I0.000000
# Psi[1]^2 = 0.956357 + I0.000000
# Psi[2]^2 = 0.039657 + I0.000000
# phi0 = -1.275840 
# phi1 = -1.191488 
# phi2 = 1.367751 
# Psi = 
#	-6.040754e-02+i(1.835290e-02)
#	-9.084243e-01+i(3.621077e-01)
#	1.950508e-01+i(4.015759e-02)
#ProbSurv b 1-|Psi|^2 calls E tol dh dh(prev) dh(last)
0.291286883288	1	-2.30038e-13	9001	45	0.0001	0.0001	0.0001	5e-05
