# a = 0.100000
# b = 1.000000
# E = 14.230249
# tol = 0.000100
# s12 = 0.554977
# s13 = 0.152971
# psi0 = 0.822075 + I0.000000	0.548446 + I0.000000	0.152971 + I0.000000
# dh = 0.000100
# out = data/E4.5e0.5_tol1e-4.log
# model = sun
# scan_steps = 100.000000
# H0 = 
#	 0.000000e+00 0.000000e+00 0.000000e+00
#	 0.000000e+00 9.344164e+03 0.000000e+00
#	 0.000000e+00 0.000000e+00 3.058246e+05
# W = 
#	 6.758072e-01 4.508635e-01 1.257533e-01
#	 4.508635e-01 3.007928e-01 8.389608e-02
#	 1.257533e-01 8.389608e-02 2.340000e-02
# H0W = 
#	 0.000000e+00 -4.212943e+03 -3.845844e+04
#	 4.212943e+03 0.000000e+00 -2.487354e+04
#	 3.845844e+04 2.487354e+04 0.000000e+00
# H0H0W = 
#	 0.000000e+00 3.936643e+07 1.176154e+10
#	 3.936643e+07 0.000000e+00 7.374518e+09
#	 1.176154e+10 7.374518e+09 0.000000e+00
# WH0W = 
#	 1.347148e+04 4.774528e+03 -3.595169e+04
#	 4.774528e+03 3.746605e+02 -2.476904e+04
#	 -3.595169e+04 -2.476904e+04 -1.384614e+04
#################################################
##            CALCULATION COMPLETED            ##
#################################################
# Psi[0]^2 = 0.044245 + I0.000000
# Psi[1]^2 = 0.928472 + I0.000000
# Psi[2]^2 = 0.027284 + I0.000000
# phi0 = -2.127646 
# phi1 = -0.294862 
# phi2 = -1.054857 
# Psi = 
#	-1.785660e-01+i(-1.111697e-01)
#	-2.800216e-01+i(9.219867e-01)
#	-1.436771e-01+i(8.149107e-02)
#ProbSurv b 1-|Psi|^2 calls E tol dh dh(prev) dh(last)
0.309816773661	1	-6.63158e-12	12756	14.2302	0.0001	0.0001	7.05659e-05	3.64988e-05
