# a = 0.100000
# b = 1.000000
# E = 1454.647724
# tol = 0.000100
# s12 = 0.554977
# s13 = 0.152971
# psi0 = 0.822075 + I0.000000	0.548446 + I0.000000	0.152971 + I0.000000
# dh = 0.000100
# out = data/E4.6e2.5_tol1e-4.log
# model = sun
# scan_steps = 100.000000
# H0 = 
#	 0.000000e+00 0.000000e+00 0.000000e+00
#	 0.000000e+00 9.141030e+01 0.000000e+00
#	 0.000000e+00 0.000000e+00 2.991762e+03
# W = 
#	 6.758072e-01 4.508635e-01 1.257533e-01
#	 4.508635e-01 3.007928e-01 8.389608e-02
#	 1.257533e-01 8.389608e-02 2.340000e-02
# H0W = 
#	 0.000000e+00 -4.121357e+01 -3.762239e+02
#	 4.121357e+01 0.000000e+00 -2.433281e+02
#	 3.762239e+02 2.433281e+02 0.000000e+00
# H0H0W = 
#	 0.000000e+00 3.767345e+03 1.125572e+06
#	 3.767345e+03 0.000000e+00 7.057372e+05
#	 1.125572e+06 7.057372e+05 0.000000e+00
# WH0W = 
#	 1.317862e+02 4.670734e+01 -3.517013e+02
#	 4.670734e+01 3.665157e+00 -2.423059e+02
#	 -3.517013e+02 -2.423059e+02 -1.354513e+02
#################################################
##            CALCULATION COMPLETED            ##
#################################################
# Psi[0]^2 = 0.000004 + I0.000000
# Psi[1]^2 = 0.000490 + I0.000000
# Psi[2]^2 = 0.999506 + I0.000000
# phi0 = -0.325148 
# phi1 = 0.386002 
# phi2 = 3.020591 
# Psi = 
#	-6.224320e-04+i(1.846365e-03)
#	8.335077e-03+i(2.051008e-02)
#	1.206766e-01+i(-9.924431e-01)
#ProbSurv b 1-|Psi|^2 calls E tol dh dh(prev) dh(last)
0.0235384372693	1	-6.61693e-14	9001	1454.65	0.0001	0.0001	0.0001	5e-05
