# a = 0.100000
# b = 1.000000
# E = 14546.477237
# tol = 0.000100
# s12 = 0.554977
# s13 = 0.152971
# psi0 = 0.822075 + I0.000000	0.548446 + I0.000000	0.152971 + I0.000000
# dh = 0.000100
# out = data/E4.6e3.5_tol1e-4.log
# model = sun
# scan_steps = 100.000000
# H0 = 
#	 0.000000e+00 0.000000e+00 0.000000e+00
#	 0.000000e+00 9.141030e+00 0.000000e+00
#	 0.000000e+00 0.000000e+00 2.991762e+02
# W = 
#	 6.758072e-01 4.508635e-01 1.257533e-01
#	 4.508635e-01 3.007928e-01 8.389608e-02
#	 1.257533e-01 8.389608e-02 2.340000e-02
# H0W = 
#	 0.000000e+00 -4.121357e+00 -3.762239e+01
#	 4.121357e+00 0.000000e+00 -2.433281e+01
#	 3.762239e+01 2.433281e+01 0.000000e+00
# H0H0W = 
#	 0.000000e+00 3.767345e+01 1.125572e+04
#	 3.767345e+01 0.000000e+00 7.057372e+03
#	 1.125572e+04 7.057372e+03 0.000000e+00
# WH0W = 
#	 1.317862e+01 4.670734e+00 -3.517013e+01
#	 4.670734e+00 3.665157e-01 -2.423059e+01
#	 -3.517013e+01 -2.423059e+01 -1.354513e+01
#################################################
##            CALCULATION COMPLETED            ##
#################################################
# Psi[0]^2 = 0.003560 + I0.000000
# Psi[1]^2 = 0.012241 + I0.000000
# Psi[2]^2 = 0.984199 + I0.000000
# phi0 = 0.987242 
# phi1 = 2.381756 
# phi2 = 1.615029 
# Psi = 
#	4.979090e-02+i(3.287496e-02)
#	7.620947e-02+i(-8.020863e-02)
#	9.910976e-01+i(-4.386783e-02)
#ProbSurv b 1-|Psi|^2 calls E tol dh dh(prev) dh(last)
0.0291181528115	1	-1.36335e-13	9001	14546.5	0.0001	0.0001	0.0001	5e-05
