# a = 0.100000
# b = 1.000000
# E = 46.000000
# tol = 0.000100
# s12 = 0.554977
# s13 = 0.152971
# psi0 = 0.822075 + I0.000000	0.548446 + I0.000000	0.152971 + I0.000000
# dh = 0.000100
# out = data/E4.6e1.0_tol1e-4.log
# model = sun
# scan_steps = 100.000000
# H0 = 
#	 0.000000e+00 0.000000e+00 0.000000e+00
#	 0.000000e+00 2.890648e+03 0.000000e+00
#	 0.000000e+00 0.000000e+00 9.460783e+04
# W = 
#	 6.758072e-01 4.508635e-01 1.257533e-01
#	 4.508635e-01 3.007928e-01 8.389608e-02
#	 1.257533e-01 8.389608e-02 2.340000e-02
# H0W = 
#	 0.000000e+00 -1.303288e+03 -1.189724e+04
#	 1.303288e+03 0.000000e+00 -7.694711e+03
#	 1.189724e+04 7.694711e+03 0.000000e+00
# H0H0W = 
#	 0.000000e+00 3.767345e+06 1.125572e+09
#	 3.767345e+06 0.000000e+00 7.057372e+08
#	 1.125572e+09 7.057372e+08 0.000000e+00
# WH0W = 
#	 4.167445e+03 1.477016e+03 -1.112177e+04
#	 1.477016e+03 1.159024e+02 -7.662384e+03
#	 -1.112177e+04 -7.662384e+03 -4.283347e+03
#################################################
##            CALCULATION COMPLETED            ##
#################################################
# Psi[0]^2 = 0.003806 + I0.000000
# Psi[1]^2 = 0.956007 + I0.000000
# Psi[2]^2 = 0.040187 + I0.000000
# phi0 = -1.731317 
# phi1 = -2.189996 
# phi2 = 0.637513 
# Psi = 
#	-6.089846e-02+i(-9.860289e-03)
#	-7.962293e-01+i(-5.674735e-01)
#	1.193175e-01+i(1.610908e-01)
#ProbSurv b 1-|Psi|^2 calls E tol dh dh(prev) dh(last)
0.291072483592	1	-3.13749e-13	9001	46	0.0001	0.0001	0.0001	5e-05
