# a = 0.100000
# b = 1.000000
# E = 460.000000
# tol = 0.000100
# s12 = 0.554977
# s13 = 0.152971
# psi0 = 0.822075 + I0.000000	0.548446 + I0.000000	0.152971 + I0.000000
# dh = 0.000100
# out = data/E4.6e2.0_tol1e-4.log
# model = sun
# scan_steps = 100.000000
# H0 = 
#	 0.000000e+00 0.000000e+00 0.000000e+00
#	 0.000000e+00 2.890648e+02 0.000000e+00
#	 0.000000e+00 0.000000e+00 9.460783e+03
# W = 
#	 6.758072e-01 4.508635e-01 1.257533e-01
#	 4.508635e-01 3.007928e-01 8.389608e-02
#	 1.257533e-01 8.389608e-02 2.340000e-02
# H0W = 
#	 0.000000e+00 -1.303288e+02 -1.189724e+03
#	 1.303288e+02 0.000000e+00 -7.694711e+02
#	 1.189724e+03 7.694711e+02 0.000000e+00
# H0H0W = 
#	 0.000000e+00 3.767345e+04 1.125572e+07
#	 3.767345e+04 0.000000e+00 7.057372e+06
#	 1.125572e+07 7.057372e+06 0.000000e+00
# WH0W = 
#	 4.167445e+02 1.477016e+02 -1.112177e+03
#	 1.477016e+02 1.159024e+01 -7.662384e+02
#	 -1.112177e+03 -7.662384e+02 -4.283347e+02
#################################################
##            CALCULATION COMPLETED            ##
#################################################
# Psi[0]^2 = 0.000033 + I0.000000
# Psi[1]^2 = 0.009853 + I0.000000
# Psi[2]^2 = 0.990114 + I0.000000
# phi0 = -1.146134 
# phi1 = 3.025607 
# phi2 = 0.680055 
# Psi = 
#	-5.237315e-03+i(2.368190e-03)
#	1.148736e-02+i(-9.859669e-02)
#	6.257193e-01+i(7.736854e-01)
#ProbSurv b 1-|Psi|^2 calls E tol dh dh(prev) dh(last)
0.0261547791064	1	-3.3995e-13	9001	460	0.0001	0.0001	0.0001	5e-05
