# a = 0.100000
# b = 1.000000
# E = 1.454648
# tol = 0.000100
# s12 = 0.554977
# s13 = 0.152971
# psi0 = 0.822075 + I0.000000	0.548446 + I0.000000	0.152971 + I0.000000
# dh = 0.000100
# out = data/E4.6e-0.5_tol1e-4.log
# model = sun
# scan_steps = 100.000000
# H0 = 
#	 0.000000e+00 0.000000e+00 0.000000e+00
#	 0.000000e+00 9.141030e+04 0.000000e+00
#	 0.000000e+00 0.000000e+00 2.991762e+06
# W = 
#	 6.758072e-01 4.508635e-01 1.257533e-01
#	 4.508635e-01 3.007928e-01 8.389608e-02
#	 1.257533e-01 8.389608e-02 2.340000e-02
# H0W = 
#	 0.000000e+00 -4.121357e+04 -3.762239e+05
#	 4.121357e+04 0.000000e+00 -2.433281e+05
#	 3.762239e+05 2.433281e+05 0.000000e+00
# H0H0W = 
#	 0.000000e+00 3.767345e+09 1.125572e+12
#	 3.767345e+09 0.000000e+00 7.057372e+11
#	 1.125572e+12 7.057372e+11 0.000000e+00
# WH0W = 
#	 1.317862e+05 4.670734e+04 -3.517013e+05
#	 4.670734e+04 3.665157e+03 -2.423059e+05
#	 -3.517013e+05 -2.423059e+05 -1.354513e+05
#################################################
##            CALCULATION COMPLETED            ##
#################################################
# Psi[0]^2 = 0.560505 + I0.000000
# Psi[1]^2 = 0.415736 + I0.000000
# Psi[2]^2 = 0.023759 + I0.000000
# phi0 = 2.521302 
# phi1 = -2.471519 
# phi2 = -1.481629 
# Psi = 
#	4.351801e-01+i(-6.091990e-01)
#	-4.004343e-01+i(-5.053599e-01)
#	-1.535258e-01+i(1.372585e-02)
#ProbSurv b 1-|Psi|^2 calls E tol dh dh(prev) dh(last)
0.504399856414	1	-1.89693e-12	179523	1.45465	0.0001	0.0001	5.01332e-06	4.06913e-06
