# a = 0.100000
# b = 1.000000
# E = 460000.000000
# tol = 0.000100
# s12 = 0.554977
# s13 = 0.152971
# psi0 = 0.822075 + I0.000000	0.548446 + I0.000000	0.152971 + I0.000000
# dh = 0.000100
# out = data/E4.6e5.0_tol1e-4.log
# model = sun
# scan_steps = 100.000000
# H0 = 
#	 0.000000e+00 0.000000e+00 0.000000e+00
#	 0.000000e+00 2.890648e-01 0.000000e+00
#	 0.000000e+00 0.000000e+00 9.460783e+00
# W = 
#	 6.758072e-01 4.508635e-01 1.257533e-01
#	 4.508635e-01 3.007928e-01 8.389608e-02
#	 1.257533e-01 8.389608e-02 2.340000e-02
# H0W = 
#	 0.000000e+00 -1.303288e-01 -1.189724e+00
#	 1.303288e-01 0.000000e+00 -7.694711e-01
#	 1.189724e+00 7.694711e-01 0.000000e+00
# H0H0W = 
#	 0.000000e+00 3.767345e-02 1.125572e+01
#	 3.767345e-02 0.000000e+00 7.057372e+00
#	 1.125572e+01 7.057372e+00 0.000000e+00
# WH0W = 
#	 4.167445e-01 1.477016e-01 -1.112177e+00
#	 1.477016e-01 1.159024e-02 -7.662384e-01
#	 -1.112177e+00 -7.662384e-01 -4.283347e-01
#################################################
##            CALCULATION COMPLETED            ##
#################################################
# Psi[0]^2 = 0.601547 + I0.000000
# Psi[1]^2 = 0.285989 + I0.000000
# Psi[2]^2 = 0.112464 + I0.000000
# phi0 = 2.434268 
# phi1 = 2.473938 
# phi2 = -2.350934 
# Psi = 
#	5.039834e-01+i(-5.895322e-01)
#	3.311062e-01+i(-4.199493e-01)
#	-2.383768e-01+i(-2.358819e-01)
#ProbSurv b 1-|Psi|^2 calls E tol dh dh(prev) dh(last)
0.495185127361	1	-8.52651e-14	9001	460000	0.0001	0.0001	0.0001	5e-05
