# a = 0.100000
# b = 1.000000
# E = 1454647.723677
# tol = 0.000100
# s12 = 0.554977
# s13 = 0.152971
# psi0 = 0.822075 + I0.000000	0.548446 + I0.000000	0.152971 + I0.000000
# dh = 0.000100
# out = data/E4.6e5.5_tol1e-4.log
# model = sun
# scan_steps = 100.000000
# H0 = 
#	 0.000000e+00 0.000000e+00 0.000000e+00
#	 0.000000e+00 9.141030e-02 0.000000e+00
#	 0.000000e+00 0.000000e+00 2.991762e+00
# W = 
#	 6.758072e-01 4.508635e-01 1.257533e-01
#	 4.508635e-01 3.007928e-01 8.389608e-02
#	 1.257533e-01 8.389608e-02 2.340000e-02
# H0W = 
#	 0.000000e+00 -4.121357e-02 -3.762239e-01
#	 4.121357e-02 0.000000e+00 -2.433281e-01
#	 3.762239e-01 2.433281e-01 0.000000e+00
# H0H0W = 
#	 0.000000e+00 3.767345e-03 1.125572e+00
#	 3.767345e-03 0.000000e+00 7.057372e-01
#	 1.125572e+00 7.057372e-01 0.000000e+00
# WH0W = 
#	 1.317862e-01 4.670734e-02 -3.517013e-01
#	 4.670734e-02 3.665157e-03 -2.423059e-01
#	 -3.517013e-01 -2.423059e-01 -1.354513e-01
#################################################
##            CALCULATION COMPLETED            ##
#################################################
# Psi[0]^2 = 0.658322 + I0.000000
# Psi[1]^2 = 0.299110 + I0.000000
# Psi[2]^2 = 0.042568 + I0.000000
# phi0 = 2.273511 
# phi1 = 2.286009 
# phi2 = 2.704071 
# Psi = 
#	6.191490e-01+i(-5.243817e-01)
#	4.128916e-01+i(-3.586512e-01)
#	8.741716e-02+i(-1.868861e-01)
#ProbSurv b 1-|Psi|^2 calls E tol dh dh(prev) dh(last)
0.535864786889	1	-1.33893e-13	9001	1.45465e+06	0.0001	0.0001	0.0001	5e-05
