# a = 0.100000
# b = 1.000000
# E = 4600.000000
# tol = 0.000100
# s12 = 0.554977
# s13 = 0.152971
# psi0 = 0.822075 + I0.000000	0.548446 + I0.000000	0.152971 + I0.000000
# dh = 0.000100
# out = data/E4.6e3.0_tol1e-4.log
# model = sun
# scan_steps = 100.000000
# H0 = 
#	 0.000000e+00 0.000000e+00 0.000000e+00
#	 0.000000e+00 2.890648e+01 0.000000e+00
#	 0.000000e+00 0.000000e+00 9.460783e+02
# W = 
#	 6.758072e-01 4.508635e-01 1.257533e-01
#	 4.508635e-01 3.007928e-01 8.389608e-02
#	 1.257533e-01 8.389608e-02 2.340000e-02
# H0W = 
#	 0.000000e+00 -1.303288e+01 -1.189724e+02
#	 1.303288e+01 0.000000e+00 -7.694711e+01
#	 1.189724e+02 7.694711e+01 0.000000e+00
# H0H0W = 
#	 0.000000e+00 3.767345e+02 1.125572e+05
#	 3.767345e+02 0.000000e+00 7.057372e+04
#	 1.125572e+05 7.057372e+04 0.000000e+00
# WH0W = 
#	 4.167445e+01 1.477016e+01 -1.112177e+02
#	 1.477016e+01 1.159024e+00 -7.662384e+01
#	 -1.112177e+02 -7.662384e+01 -4.283347e+01
#################################################
##            CALCULATION COMPLETED            ##
#################################################
# Psi[0]^2 = 0.000000 + I0.000000
# Psi[1]^2 = 0.000032 + I0.000000
# Psi[2]^2 = 0.999967 + I0.000000
# phi0 = 1.018325 
# phi1 = 0.473000 
# phi2 = 0.544823 
# Psi = 
#	5.114710e-04+i(3.153276e-04)
#	2.589155e-03+i(5.059457e-03)
#	5.182582e-01+i(8.552051e-01)
#ProbSurv b 1-|Psi|^2 calls E tol dh dh(prev) dh(last)
0.023409195837	1	-5.4845e-14	9001	4600	0.0001	0.0001	0.0001	5e-05
