# a = 0.100000
# b = 1.000000
# E = 47.000000
# tol = 0.000100
# s12 = 0.554977
# s13 = 0.152971
# psi0 = 0.822075 + I0.000000	0.548446 + I0.000000	0.152971 + I0.000000
# dh = 0.000100
# out = data/E4.7e1.0_tol1e-4.log
# model = sun
# scan_steps = 100.000000
# H0 = 
#	 0.000000e+00 0.000000e+00 0.000000e+00
#	 0.000000e+00 2.829144e+03 0.000000e+00
#	 0.000000e+00 0.000000e+00 9.259489e+04
# W = 
#	 6.758072e-01 4.508635e-01 1.257533e-01
#	 4.508635e-01 3.007928e-01 8.389608e-02
#	 1.257533e-01 8.389608e-02 2.340000e-02
# H0W = 
#	 0.000000e+00 -1.275558e+03 -1.164411e+04
#	 1.275558e+03 0.000000e+00 -7.530994e+03
#	 1.164411e+04 7.530994e+03 0.000000e+00
# H0H0W = 
#	 0.000000e+00 3.608738e+06 1.078185e+09
#	 3.608738e+06 0.000000e+00 6.760253e+08
#	 1.078185e+09 6.760253e+08 0.000000e+00
# WH0W = 
#	 4.078776e+03 1.445590e+03 -1.088514e+04
#	 1.445590e+03 1.134364e+02 -7.499355e+03
#	 -1.088514e+04 -7.499355e+03 -4.192212e+03
#################################################
##            CALCULATION COMPLETED            ##
#################################################
# Psi[0]^2 = 0.003628 + I0.000000
# Psi[1]^2 = 0.955647 + I0.000000
# Psi[2]^2 = 0.040725 + I0.000000
# phi0 = -1.972377 
# phi1 = -0.936274 
# phi2 = -1.255209 
# Psi = 
#	-5.544254e-02+i(-2.354410e-02)
#	-7.872923e-01+i(5.794976e-01)
#	-1.918386e-01+i(6.263508e-02)
#ProbSurv b 1-|Psi|^2 calls E tol dh dh(prev) dh(last)
0.290856548783	1	-6.59695e-13	9001	47	0.0001	0.0001	0.0001	5e-05
