# a = 0.100000
# b = 1.000000
# E = 470000.000000
# tol = 0.000100
# s12 = 0.554977
# s13 = 0.152971
# psi0 = 0.822075 + I0.000000	0.548446 + I0.000000	0.152971 + I0.000000
# dh = 0.000100
# out = data/E4.7e5.0_tol1e-4.log
# model = sun
# scan_steps = 100.000000
# H0 = 
#	 0.000000e+00 0.000000e+00 0.000000e+00
#	 0.000000e+00 2.829144e-01 0.000000e+00
#	 0.000000e+00 0.000000e+00 9.259489e+00
# W = 
#	 6.758072e-01 4.508635e-01 1.257533e-01
#	 4.508635e-01 3.007928e-01 8.389608e-02
#	 1.257533e-01 8.389608e-02 2.340000e-02
# H0W = 
#	 0.000000e+00 -1.275558e-01 -1.164411e+00
#	 1.275558e-01 0.000000e+00 -7.530994e-01
#	 1.164411e+00 7.530994e-01 0.000000e+00
# H0H0W = 
#	 0.000000e+00 3.608738e-02 1.078185e+01
#	 3.608738e-02 0.000000e+00 6.760253e+00
#	 1.078185e+01 6.760253e+00 0.000000e+00
# WH0W = 
#	 4.078776e-01 1.445590e-01 -1.088514e+00
#	 1.445590e-01 1.134364e-02 -7.499355e-01
#	 -1.088514e+00 -7.499355e-01 -4.192212e-01
#################################################
##            CALCULATION COMPLETED            ##
#################################################
# Psi[0]^2 = 0.603642 + I0.000000
# Psi[1]^2 = 0.286576 + I0.000000
# Psi[2]^2 = 0.109783 + I0.000000
# phi0 = 2.429443 
# phi1 = 2.468257 
# phi2 = -2.391766 
# Psi = 
#	5.077039e-01+i(-5.881143e-01)
#	3.338289e-01+i(-4.184900e-01)
#	-2.258086e-01+i(-2.424731e-01)
#ProbSurv b 1-|Psi|^2 calls E tol dh dh(prev) dh(last)
0.496714161233	1	-8.37108e-14	9001	470000	0.0001	0.0001	0.0001	5e-05
