# a = 0.100000
# b = 1.000000
# E = 1.486271
# tol = 0.000100
# s12 = 0.554977
# s13 = 0.152971
# psi0 = 0.822075 + I0.000000	0.548446 + I0.000000	0.152971 + I0.000000
# dh = 0.000100
# out = data/E4.7e-0.5_tol1e-4.log
# model = sun
# scan_steps = 100.000000
# H0 = 
#	 0.000000e+00 0.000000e+00 0.000000e+00
#	 0.000000e+00 8.946540e+04 0.000000e+00
#	 0.000000e+00 0.000000e+00 2.928108e+06
# W = 
#	 6.758072e-01 4.508635e-01 1.257533e-01
#	 4.508635e-01 3.007928e-01 8.389608e-02
#	 1.257533e-01 8.389608e-02 2.340000e-02
# H0W = 
#	 0.000000e+00 -4.033669e+04 -3.682192e+05
#	 4.033669e+04 0.000000e+00 -2.381509e+05
#	 3.682192e+05 2.381509e+05 0.000000e+00
# H0H0W = 
#	 0.000000e+00 3.608738e+09 1.078185e+12
#	 3.608738e+09 0.000000e+00 6.760253e+11
#	 1.078185e+12 6.760253e+11 0.000000e+00
# WH0W = 
#	 1.289822e+05 4.571357e+04 -3.442183e+05
#	 4.571357e+04 3.587175e+03 -2.371504e+05
#	 -3.442183e+05 -2.371504e+05 -1.325694e+05
#################################################
##            CALCULATION COMPLETED            ##
#################################################
# Psi[0]^2 = 0.557774 + I0.000000
# Psi[1]^2 = 0.418459 + I0.000000
# Psi[2]^2 = 0.023766 + I0.000000
# phi0 = 1.166459 
# phi1 = 1.477756 
# phi2 = -0.456188 
# Psi = 
#	6.866198e-01+i(2.938152e-01)
#	6.440865e-01+i(6.009949e-02)
#	-6.791364e-02+i(1.383987e-01)
#ProbSurv b 1-|Psi|^2 calls E tol dh dh(prev) dh(last)
0.503373494544	1	-1.46911e-11	191193	1.48627	0.0001	0.0001	4.70732e-06	3.61353e-06
