# a = 0.100000
# b = 1.000000
# E = 1486270.500279
# tol = 0.000100
# s12 = 0.554977
# s13 = 0.152971
# psi0 = 0.822075 + I0.000000	0.548446 + I0.000000	0.152971 + I0.000000
# dh = 0.000100
# out = data/E4.7e5.5_tol1e-4.log
# model = sun
# scan_steps = 100.000000
# H0 = 
#	 0.000000e+00 0.000000e+00 0.000000e+00
#	 0.000000e+00 8.946540e-02 0.000000e+00
#	 0.000000e+00 0.000000e+00 2.928108e+00
# W = 
#	 6.758072e-01 4.508635e-01 1.257533e-01
#	 4.508635e-01 3.007928e-01 8.389608e-02
#	 1.257533e-01 8.389608e-02 2.340000e-02
# H0W = 
#	 0.000000e+00 -4.033669e-02 -3.682192e-01
#	 4.033669e-02 0.000000e+00 -2.381509e-01
#	 3.682192e-01 2.381509e-01 0.000000e+00
# H0H0W = 
#	 0.000000e+00 3.608738e-03 1.078185e+00
#	 3.608738e-03 0.000000e+00 6.760253e-01
#	 1.078185e+00 6.760253e-01 0.000000e+00
# WH0W = 
#	 1.289822e-01 4.571357e-02 -3.442183e-01
#	 4.571357e-02 3.587175e-03 -2.371504e-01
#	 -3.442183e-01 -2.371504e-01 -1.325694e-01
#################################################
##            CALCULATION COMPLETED            ##
#################################################
# Psi[0]^2 = 0.658753 + I0.000000
# Psi[1]^2 = 0.299174 + I0.000000
# Psi[2]^2 = 0.042073 + I0.000000
# phi0 = 2.271904 
# phi1 = 2.284137 
# phi2 = 2.692879 
# Psi = 
#	6.201935e-01+i(-5.235576e-01)
#	4.136066e-01+i(-3.579159e-01)
#	8.898138e-02+i(-1.848122e-01)
#ProbSurv b 1-|Psi|^2 calls E tol dh dh(prev) dh(last)
0.536163691462	1	-1.26565e-13	9001	1.48627e+06	0.0001	0.0001	0.0001	5e-05
