# a = 0.100000
# b = 1.000000
# E = 470.000000
# tol = 0.000100
# s12 = 0.554977
# s13 = 0.152971
# psi0 = 0.822075 + I0.000000	0.548446 + I0.000000	0.152971 + I0.000000
# dh = 0.000100
# out = data/E4.7e2.0_tol1e-4.log
# model = sun
# scan_steps = 100.000000
# H0 = 
#	 0.000000e+00 0.000000e+00 0.000000e+00
#	 0.000000e+00 2.829144e+02 0.000000e+00
#	 0.000000e+00 0.000000e+00 9.259489e+03
# W = 
#	 6.758072e-01 4.508635e-01 1.257533e-01
#	 4.508635e-01 3.007928e-01 8.389608e-02
#	 1.257533e-01 8.389608e-02 2.340000e-02
# H0W = 
#	 0.000000e+00 -1.275558e+02 -1.164411e+03
#	 1.275558e+02 0.000000e+00 -7.530994e+02
#	 1.164411e+03 7.530994e+02 0.000000e+00
# H0H0W = 
#	 0.000000e+00 3.608738e+04 1.078185e+07
#	 3.608738e+04 0.000000e+00 6.760253e+06
#	 1.078185e+07 6.760253e+06 0.000000e+00
# WH0W = 
#	 4.078776e+02 1.445590e+02 -1.088514e+03
#	 1.445590e+02 1.134364e+01 -7.499355e+02
#	 -1.088514e+03 -7.499355e+02 -4.192212e+02
#################################################
##            CALCULATION COMPLETED            ##
#################################################
# Psi[0]^2 = 0.000034 + I0.000000
# Psi[1]^2 = 0.009204 + I0.000000
# Psi[2]^2 = 0.990762 + I0.000000
# phi0 = -2.705743 
# phi1 = 2.279964 
# phi2 = -1.507916 
# Psi = 
#	-2.467558e-03+i(-5.298367e-03)
#	7.280680e-02+i(-6.247425e-02)
#	-9.934031e-01+i(6.254841e-02)
#ProbSurv b 1-|Psi|^2 calls E tol dh dh(prev) dh(last)
0.0259753723733	1	-3.02647e-13	9001	470	0.0001	0.0001	0.0001	5e-05
