# a = 0.100000
# b = 1.000000
# E = 4700.000000
# tol = 0.000100
# s12 = 0.554977
# s13 = 0.152971
# psi0 = 0.822075 + I0.000000	0.548446 + I0.000000	0.152971 + I0.000000
# dh = 0.000100
# out = data/E4.7e3.0_tol1e-4.log
# model = sun
# scan_steps = 100.000000
# H0 = 
#	 0.000000e+00 0.000000e+00 0.000000e+00
#	 0.000000e+00 2.829144e+01 0.000000e+00
#	 0.000000e+00 0.000000e+00 9.259489e+02
# W = 
#	 6.758072e-01 4.508635e-01 1.257533e-01
#	 4.508635e-01 3.007928e-01 8.389608e-02
#	 1.257533e-01 8.389608e-02 2.340000e-02
# H0W = 
#	 0.000000e+00 -1.275558e+01 -1.164411e+02
#	 1.275558e+01 0.000000e+00 -7.530994e+01
#	 1.164411e+02 7.530994e+01 0.000000e+00
# H0H0W = 
#	 0.000000e+00 3.608738e+02 1.078185e+05
#	 3.608738e+02 0.000000e+00 6.760253e+04
#	 1.078185e+05 6.760253e+04 0.000000e+00
# WH0W = 
#	 4.078776e+01 1.445590e+01 -1.088514e+02
#	 1.445590e+01 1.134364e+00 -7.499355e+01
#	 -1.088514e+02 -7.499355e+01 -4.192212e+01
#################################################
##            CALCULATION COMPLETED            ##
#################################################
# Psi[0]^2 = 0.000001 + I0.000000
# Psi[1]^2 = 0.000041 + I0.000000
# Psi[2]^2 = 0.999958 + I0.000000
# phi0 = 1.089676 
# phi1 = 0.754251 
# phi2 = 0.764478 
# Psi = 
#	8.921262e-04+i(4.657222e-04)
#	4.364122e-03+i(4.644818e-03)
#	6.921463e-01+i(7.217284e-01)
#ProbSurv b 1-|Psi|^2 calls E tol dh dh(prev) dh(last)
0.023411928416	1	-8.74856e-14	9001	4700	0.0001	0.0001	0.0001	5e-05
