# a = 0.100000
# b = 1.000000
# E = 148627.050028
# tol = 0.000100
# s12 = 0.554977
# s13 = 0.152971
# psi0 = 0.822075 + I0.000000	0.548446 + I0.000000	0.152971 + I0.000000
# dh = 0.000100
# out = data/E4.7e4.5_tol1e-4.log
# model = sun
# scan_steps = 100.000000
# H0 = 
#	 0.000000e+00 0.000000e+00 0.000000e+00
#	 0.000000e+00 8.946540e-01 0.000000e+00
#	 0.000000e+00 0.000000e+00 2.928108e+01
# W = 
#	 6.758072e-01 4.508635e-01 1.257533e-01
#	 4.508635e-01 3.007928e-01 8.389608e-02
#	 1.257533e-01 8.389608e-02 2.340000e-02
# H0W = 
#	 0.000000e+00 -4.033669e-01 -3.682192e+00
#	 4.033669e-01 0.000000e+00 -2.381509e+00
#	 3.682192e+00 2.381509e+00 0.000000e+00
# H0H0W = 
#	 0.000000e+00 3.608738e-01 1.078185e+02
#	 3.608738e-01 0.000000e+00 6.760253e+01
#	 1.078185e+02 6.760253e+01 0.000000e+00
# WH0W = 
#	 1.289822e+00 4.571357e-01 -3.442183e+00
#	 4.571357e-01 3.587175e-02 -2.371504e+00
#	 -3.442183e+00 -2.371504e+00 -1.325694e+00
#################################################
##            CALCULATION COMPLETED            ##
#################################################
# Psi[0]^2 = 0.436748 + I0.000000
# Psi[1]^2 = 0.237252 + I0.000000
# Psi[2]^2 = 0.326000 + I0.000000
# phi0 = 2.839124 
# phi1 = 2.963748 
# phi2 = 2.587672 
# Psi = 
#	1.968580e-01+i(-6.308683e-01)
#	8.616941e-02+i(-4.794024e-01)
#	3.003421e-01+i(-4.855872e-01)
#ProbSurv b 1-|Psi|^2 calls E tol dh dh(prev) dh(last)
0.374149443779	1	-1.44551e-13	9001	148627	0.0001	0.0001	0.0001	5e-05
