# a = 0.100000
# b = 1.000000
# E = 47000.000000
# tol = 0.000100
# s12 = 0.554977
# s13 = 0.152971
# psi0 = 0.822075 + I0.000000	0.548446 + I0.000000	0.152971 + I0.000000
# dh = 0.000100
# out = data/E4.7e4.0_tol1e-4.log
# model = sun
# scan_steps = 100.000000
# H0 = 
#	 0.000000e+00 0.000000e+00 0.000000e+00
#	 0.000000e+00 2.829144e+00 0.000000e+00
#	 0.000000e+00 0.000000e+00 9.259489e+01
# W = 
#	 6.758072e-01 4.508635e-01 1.257533e-01
#	 4.508635e-01 3.007928e-01 8.389608e-02
#	 1.257533e-01 8.389608e-02 2.340000e-02
# H0W = 
#	 0.000000e+00 -1.275558e+00 -1.164411e+01
#	 1.275558e+00 0.000000e+00 -7.530994e+00
#	 1.164411e+01 7.530994e+00 0.000000e+00
# H0H0W = 
#	 0.000000e+00 3.608738e+00 1.078185e+03
#	 3.608738e+00 0.000000e+00 6.760253e+02
#	 1.078185e+03 6.760253e+02 0.000000e+00
# WH0W = 
#	 4.078776e+00 1.445590e+00 -1.088514e+01
#	 1.445590e+00 1.134364e-01 -7.499355e+00
#	 -1.088514e+01 -7.499355e+00 -4.192212e+00
#################################################
##            CALCULATION COMPLETED            ##
#################################################
# Psi[0]^2 = 0.150839 + I0.000000
# Psi[1]^2 = 0.126146 + I0.000000
# Psi[2]^2 = 0.723016 + I0.000000
# phi0 = -2.277874 
# phi1 = -1.876719 
# phi2 = -0.037053 
# Psi = 
#	-2.952706e-01+i(-2.522970e-01)
#	-3.386793e-01+i(-1.069676e-01)
#	-3.149899e-02+i(8.497197e-01)
#ProbSurv b 1-|Psi|^2 calls E tol dh dh(prev) dh(last)
0.156800058689	1	-9.99201e-14	9001	47000	0.0001	0.0001	0.0001	5e-05
