# a = 0.100000
# b = 1.000000
# E = 14862.705003
# tol = 0.000100
# s12 = 0.554977
# s13 = 0.152971
# psi0 = 0.822075 + I0.000000	0.548446 + I0.000000	0.152971 + I0.000000
# dh = 0.000100
# out = data/E4.7e3.5_tol1e-4.log
# model = sun
# scan_steps = 100.000000
# H0 = 
#	 0.000000e+00 0.000000e+00 0.000000e+00
#	 0.000000e+00 8.946540e+00 0.000000e+00
#	 0.000000e+00 0.000000e+00 2.928108e+02
# W = 
#	 6.758072e-01 4.508635e-01 1.257533e-01
#	 4.508635e-01 3.007928e-01 8.389608e-02
#	 1.257533e-01 8.389608e-02 2.340000e-02
# H0W = 
#	 0.000000e+00 -4.033669e+00 -3.682192e+01
#	 4.033669e+00 0.000000e+00 -2.381509e+01
#	 3.682192e+01 2.381509e+01 0.000000e+00
# H0H0W = 
#	 0.000000e+00 3.608738e+01 1.078185e+04
#	 3.608738e+01 0.000000e+00 6.760253e+03
#	 1.078185e+04 6.760253e+03 0.000000e+00
# WH0W = 
#	 1.289822e+01 4.571357e+00 -3.442183e+01
#	 4.571357e+00 3.587175e-01 -2.371504e+01
#	 -3.442183e+01 -2.371504e+01 -1.325694e+01
#################################################
##            CALCULATION COMPLETED            ##
#################################################
# Psi[0]^2 = 0.004086 + I0.000000
# Psi[1]^2 = 0.013763 + I0.000000
# Psi[2]^2 = 0.982150 + I0.000000
# phi0 = 0.870975 
# phi1 = 2.250890 
# phi2 = -1.614435 
# Psi = 
#	4.889894e-02+i(4.117211e-02)
#	9.121581e-02+i(-7.377688e-02)
#	-9.900915e-01+i(-4.323345e-02)
#ProbSurv b 1-|Psi|^2 calls E tol dh dh(prev) dh(last)
0.0298837530381	1	-9.39249e-14	9001	14862.7	0.0001	0.0001	0.0001	5e-05
