# a = 0.100000
# b = 1.000000
# E = 14.862705
# tol = 0.000100
# s12 = 0.554977
# s13 = 0.152971
# psi0 = 0.822075 + I0.000000	0.548446 + I0.000000	0.152971 + I0.000000
# dh = 0.000100
# out = data/E4.7e0.5_tol1e-4.log
# model = sun
# scan_steps = 100.000000
# H0 = 
#	 0.000000e+00 0.000000e+00 0.000000e+00
#	 0.000000e+00 8.946540e+03 0.000000e+00
#	 0.000000e+00 0.000000e+00 2.928108e+05
# W = 
#	 6.758072e-01 4.508635e-01 1.257533e-01
#	 4.508635e-01 3.007928e-01 8.389608e-02
#	 1.257533e-01 8.389608e-02 2.340000e-02
# H0W = 
#	 0.000000e+00 -4.033669e+03 -3.682192e+04
#	 4.033669e+03 0.000000e+00 -2.381509e+04
#	 3.682192e+04 2.381509e+04 0.000000e+00
# H0H0W = 
#	 0.000000e+00 3.608738e+07 1.078185e+10
#	 3.608738e+07 0.000000e+00 6.760253e+09
#	 1.078185e+10 6.760253e+09 0.000000e+00
# WH0W = 
#	 1.289822e+04 4.571357e+03 -3.442183e+04
#	 4.571357e+03 3.587175e+02 -2.371504e+04
#	 -3.442183e+04 -2.371504e+04 -1.325694e+04
#################################################
##            CALCULATION COMPLETED            ##
#################################################
# Psi[0]^2 = 0.040437 + I0.000000
# Psi[1]^2 = 0.932085 + I0.000000
# Psi[2]^2 = 0.027478 + I0.000000
# phi0 = -0.253284 
# phi1 = -1.983172 
# phi2 = -1.534896 
# Psi = 
#	-5.038971e-02+i(1.946730e-01)
#	-8.845135e-01+i(-3.869385e-01)
#	-1.656576e-01+i(5.949638e-03)
#ProbSurv b 1-|Psi|^2 calls E tol dh dh(prev) dh(last)
0.308334997674	1	-3.74056e-12	12063	14.8627	0.0001	0.0001	7.46175e-05	5.62248e-05
