# a = 0.100000
# b = 1.000000
# E = 0.470000
# tol = 0.000100
# s12 = 0.554977
# s13 = 0.152971
# psi0 = 0.822075 + I0.000000	0.548446 + I0.000000	0.152971 + I0.000000
# dh = 0.000100
# out = data/E4.7e-1.0_tol1e-4.log
# model = sun
# scan_steps = 100.000000
# H0 = 
#	 0.000000e+00 0.000000e+00 0.000000e+00
#	 0.000000e+00 2.829144e+05 0.000000e+00
#	 0.000000e+00 0.000000e+00 9.259489e+06
# W = 
#	 6.758072e-01 4.508635e-01 1.257533e-01
#	 4.508635e-01 3.007928e-01 8.389608e-02
#	 1.257533e-01 8.389608e-02 2.340000e-02
# H0W = 
#	 0.000000e+00 -1.275558e+05 -1.164411e+06
#	 1.275558e+05 0.000000e+00 -7.530994e+05
#	 1.164411e+06 7.530994e+05 0.000000e+00
# H0H0W = 
#	 0.000000e+00 3.608738e+10 1.078185e+13
#	 3.608738e+10 0.000000e+00 6.760253e+12
#	 1.078185e+13 6.760253e+12 0.000000e+00
# WH0W = 
#	 4.078776e+05 1.445590e+05 -1.088514e+06
#	 1.445590e+05 1.134364e+04 -7.499355e+05
#	 -1.088514e+06 -7.499355e+05 -4.192212e+05
#################################################
##            CALCULATION COMPLETED            ##
#################################################
# Psi[0]^2 = 0.641226 + I0.000000
# Psi[1]^2 = 0.335259 + I0.000000
# Psi[2]^2 = 0.023515 + I0.000000
# phi0 = -0.680721 
# phi1 = 0.529574 
# phi2 = -2.926049 
# Psi = 
#	-5.039649e-01+i(6.222905e-01)
#	2.924986e-01+i(4.997034e-01)
#	-3.279742e-02+i(-1.497976e-01)
#ProbSurv b 1-|Psi|^2 calls E tol dh dh(prev) dh(last)
0.534738910131	1	1.3002e-10	844080	0.47	0.0001	0.0001	1.06625e-06	6.59255e-07
