# a = 0.100000
# b = 1.000000
# E = 1486.270500
# tol = 0.000100
# s12 = 0.554977
# s13 = 0.152971
# psi0 = 0.822075 + I0.000000	0.548446 + I0.000000	0.152971 + I0.000000
# dh = 0.000100
# out = data/E4.7e2.5_tol1e-4.log
# model = sun
# scan_steps = 100.000000
# H0 = 
#	 0.000000e+00 0.000000e+00 0.000000e+00
#	 0.000000e+00 8.946540e+01 0.000000e+00
#	 0.000000e+00 0.000000e+00 2.928108e+03
# W = 
#	 6.758072e-01 4.508635e-01 1.257533e-01
#	 4.508635e-01 3.007928e-01 8.389608e-02
#	 1.257533e-01 8.389608e-02 2.340000e-02
# H0W = 
#	 0.000000e+00 -4.033669e+01 -3.682192e+02
#	 4.033669e+01 0.000000e+00 -2.381509e+02
#	 3.682192e+02 2.381509e+02 0.000000e+00
# H0H0W = 
#	 0.000000e+00 3.608738e+03 1.078185e+06
#	 3.608738e+03 0.000000e+00 6.760253e+05
#	 1.078185e+06 6.760253e+05 0.000000e+00
# WH0W = 
#	 1.289822e+02 4.571357e+01 -3.442183e+02
#	 4.571357e+01 3.587175e+00 -2.371504e+02
#	 -3.442183e+02 -2.371504e+02 -1.325694e+02
#################################################
##            CALCULATION COMPLETED            ##
#################################################
# Psi[0]^2 = 0.000003 + I0.000000
# Psi[1]^2 = 0.000470 + I0.000000
# Psi[2]^2 = 0.999526 + I0.000000
# phi0 = -0.885456 
# phi1 = 0.297220 
# phi2 = 1.257488 
# Psi = 
#	-1.436630e-03+i(1.174491e-03)
#	6.350505e-03+i(2.073341e-02)
#	9.510939e-01+i(3.081342e-01)
#ProbSurv b 1-|Psi|^2 calls E tol dh dh(prev) dh(last)
0.0235326774397	1	-3.88578e-14	9001	1486.27	0.0001	0.0001	0.0001	5e-05
