# a = 0.100000
# b = 1.000000
# E = 48.000000
# tol = 0.000100
# s12 = 0.554977
# s13 = 0.152971
# psi0 = 0.822075 + I0.000000	0.548446 + I0.000000	0.152971 + I0.000000
# dh = 0.000100
# out = data/E4.8e1.0_tol1e-4.log
# model = sun
# scan_steps = 100.000000
# H0 = 
#	 0.000000e+00 0.000000e+00 0.000000e+00
#	 0.000000e+00 2.770204e+03 0.000000e+00
#	 0.000000e+00 0.000000e+00 9.066583e+04
# W = 
#	 6.758072e-01 4.508635e-01 1.257533e-01
#	 4.508635e-01 3.007928e-01 8.389608e-02
#	 1.257533e-01 8.389608e-02 2.340000e-02
# H0W = 
#	 0.000000e+00 -1.248984e+03 -1.140153e+04
#	 1.248984e+03 0.000000e+00 -7.374098e+03
#	 1.140153e+04 7.374098e+03 0.000000e+00
# H0H0W = 
#	 0.000000e+00 3.459940e+06 1.033729e+09
#	 3.459940e+06 0.000000e+00 6.481510e+08
#	 1.033729e+09 6.481510e+08 0.000000e+00
# WH0W = 
#	 3.993801e+03 1.415473e+03 -1.065837e+04
#	 1.415473e+03 1.110732e+02 -7.343118e+03
#	 -1.065837e+04 -7.343118e+03 -4.104875e+03
#################################################
##            CALCULATION COMPLETED            ##
#################################################
# Psi[0]^2 = 0.003448 + I0.000000
# Psi[1]^2 = 0.955276 + I0.000000
# Psi[2]^2 = 0.041275 + I0.000000
# phi0 = -2.031121 
# phi1 = 2.425557 
# phi2 = -3.059489 
# Psi = 
#	-5.261085e-02+i(-2.608727e-02)
#	6.415531e-01+i(-7.373506e-01)
#	-1.666174e-02+i(-2.024786e-01)
#ProbSurv b 1-|Psi|^2 calls E tol dh dh(prev) dh(last)
0.290636574767	1	-3.80362e-13	9001	48	0.0001	0.0001	0.0001	5e-05
