# a = 0.100000
# b = 1.000000
# E = 480000.000000
# tol = 0.000100
# s12 = 0.554977
# s13 = 0.152971
# psi0 = 0.822075 + I0.000000	0.548446 + I0.000000	0.152971 + I0.000000
# dh = 0.000100
# out = data/E4.8e5.0_tol1e-4.log
# model = sun
# scan_steps = 100.000000
# H0 = 
#	 0.000000e+00 0.000000e+00 0.000000e+00
#	 0.000000e+00 2.770204e-01 0.000000e+00
#	 0.000000e+00 0.000000e+00 9.066583e+00
# W = 
#	 6.758072e-01 4.508635e-01 1.257533e-01
#	 4.508635e-01 3.007928e-01 8.389608e-02
#	 1.257533e-01 8.389608e-02 2.340000e-02
# H0W = 
#	 0.000000e+00 -1.248984e-01 -1.140153e+00
#	 1.248984e-01 0.000000e+00 -7.374098e-01
#	 1.140153e+00 7.374098e-01 0.000000e+00
# H0H0W = 
#	 0.000000e+00 3.459940e-02 1.033729e+01
#	 3.459940e-02 0.000000e+00 6.481510e+00
#	 1.033729e+01 6.481510e+00 0.000000e+00
# WH0W = 
#	 3.993801e-01 1.415473e-01 -1.065837e+00
#	 1.415473e-01 1.110732e-02 -7.343118e-01
#	 -1.065837e+00 -7.343118e-01 -4.104875e-01
#################################################
##            CALCULATION COMPLETED            ##
#################################################
# Psi[0]^2 = 0.605634 + I0.000000
# Psi[1]^2 = 0.287129 + I0.000000
# Psi[2]^2 = 0.107237 + I0.000000
# phi0 = 2.424801 
# phi1 = 2.462796 
# phi2 = -2.430739 
# Psi = 
#	5.112696e-01+i(-5.867175e-01)
#	3.364337e-01+i(-4.170632e-01)
#	-2.136679e-01+i(-2.481585e-01)
#ProbSurv b 1-|Psi|^2 calls E tol dh dh(prev) dh(last)
0.498167632784	1	-8.19345e-14	9001	480000	0.0001	0.0001	0.0001	5e-05
