# a = 0.100000
# b = 1.000000
# E = 4800000.000000
# tol = 0.000100
# s12 = 0.554977
# s13 = 0.152971
# psi0 = 0.822075 + I0.000000	0.548446 + I0.000000	0.152971 + I0.000000
# dh = 0.000100
# out = data/E4.8e6.0_tol1e-4.log
# model = sun
# scan_steps = 100.000000
# H0 = 
#	 0.000000e+00 0.000000e+00 0.000000e+00
#	 0.000000e+00 2.770204e-02 0.000000e+00
#	 0.000000e+00 0.000000e+00 9.066583e-01
# W = 
#	 6.758072e-01 4.508635e-01 1.257533e-01
#	 4.508635e-01 3.007928e-01 8.389608e-02
#	 1.257533e-01 8.389608e-02 2.340000e-02
# H0W = 
#	 0.000000e+00 -1.248984e-02 -1.140153e-01
#	 1.248984e-02 0.000000e+00 -7.374098e-02
#	 1.140153e-01 7.374098e-02 0.000000e+00
# H0H0W = 
#	 0.000000e+00 3.459940e-04 1.033729e-01
#	 3.459940e-04 0.000000e+00 6.481510e-02
#	 1.033729e-01 6.481510e-02 0.000000e+00
# WH0W = 
#	 3.993801e-02 1.415473e-02 -1.065837e-01
#	 1.415473e-02 1.110732e-03 -7.343118e-02
#	 -1.065837e-01 -7.343118e-02 -4.104875e-02
#################################################
##            CALCULATION COMPLETED            ##
#################################################
# Psi[0]^2 = 0.671087 + I0.000000
# Psi[1]^2 = 0.300557 + I0.000000
# Psi[2]^2 = 0.028356 + I0.000000
# phi0 = 2.221061 
# phi1 = 2.224852 
# phi2 = 2.347172 
# Psi = 
#	6.520198e-01+i(-4.959403e-01)
#	4.350890e-01+i(-3.335492e-01)
#	1.201406e-01+i(-1.179920e-01)
#ProbSurv b 1-|Psi|^2 calls E tol dh dh(prev) dh(last)
0.544594239739	1	-1.24789e-13	9001	4.8e+06	0.0001	0.0001	0.0001	5e-05
