# a = 0.100000
# b = 1.000000
# E = 1517.893277
# tol = 0.000100
# s12 = 0.554977
# s13 = 0.152971
# psi0 = 0.822075 + I0.000000	0.548446 + I0.000000	0.152971 + I0.000000
# dh = 0.000100
# out = data/E4.8e2.5_tol1e-4.log
# model = sun
# scan_steps = 100.000000
# H0 = 
#	 0.000000e+00 0.000000e+00 0.000000e+00
#	 0.000000e+00 8.760154e+01 0.000000e+00
#	 0.000000e+00 0.000000e+00 2.867105e+03
# W = 
#	 6.758072e-01 4.508635e-01 1.257533e-01
#	 4.508635e-01 3.007928e-01 8.389608e-02
#	 1.257533e-01 8.389608e-02 2.340000e-02
# H0W = 
#	 0.000000e+00 -3.949634e+01 -3.605479e+02
#	 3.949634e+01 0.000000e+00 -2.331895e+02
#	 3.605479e+02 2.331895e+02 0.000000e+00
# H0H0W = 
#	 0.000000e+00 3.459940e+03 1.033729e+06
#	 3.459940e+03 0.000000e+00 6.481510e+05
#	 1.033729e+06 6.481510e+05 0.000000e+00
# WH0W = 
#	 1.262951e+02 4.476120e+01 -3.370471e+02
#	 4.476120e+01 3.512442e+00 -2.322098e+02
#	 -3.370471e+02 -2.322098e+02 -1.298075e+02
#################################################
##            CALCULATION COMPLETED            ##
#################################################
# Psi[0]^2 = 0.000003 + I0.000000
# Psi[1]^2 = 0.000449 + I0.000000
# Psi[2]^2 = 0.999548 + I0.000000
# phi0 = -1.531126 
# phi1 = 0.618920 
# phi2 = 1.518751 
# Psi = 
#	-1.609024e-03+i(6.386454e-05)
#	1.229408e-02+i(1.726018e-02)
#	9.984204e-01+i(5.201033e-02)
#ProbSurv b 1-|Psi|^2 calls E tol dh dh(prev) dh(last)
0.0235262572343	1	-1.13687e-13	9001	1517.89	0.0001	0.0001	0.0001	5e-05
