# a = 0.100000
# b = 1.000000
# E = 151789.327688
# tol = 0.000100
# s12 = 0.554977
# s13 = 0.152971
# psi0 = 0.822075 + I0.000000	0.548446 + I0.000000	0.152971 + I0.000000
# dh = 0.000100
# out = data/E4.8e4.5_tol1e-4.log
# model = sun
# scan_steps = 100.000000
# H0 = 
#	 0.000000e+00 0.000000e+00 0.000000e+00
#	 0.000000e+00 8.760154e-01 0.000000e+00
#	 0.000000e+00 0.000000e+00 2.867105e+01
# W = 
#	 6.758072e-01 4.508635e-01 1.257533e-01
#	 4.508635e-01 3.007928e-01 8.389608e-02
#	 1.257533e-01 8.389608e-02 2.340000e-02
# H0W = 
#	 0.000000e+00 -3.949634e-01 -3.605479e+00
#	 3.949634e-01 0.000000e+00 -2.331895e+00
#	 3.605479e+00 2.331895e+00 0.000000e+00
# H0H0W = 
#	 0.000000e+00 3.459940e-01 1.033729e+02
#	 3.459940e-01 0.000000e+00 6.481510e+01
#	 1.033729e+02 6.481510e+01 0.000000e+00
# WH0W = 
#	 1.262951e+00 4.476120e-01 -3.370471e+00
#	 4.476120e-01 3.512442e-02 -2.322098e+00
#	 -3.370471e+00 -2.322098e+00 -1.298075e+00
#################################################
##            CALCULATION COMPLETED            ##
#################################################
# Psi[0]^2 = 0.440457 + I0.000000
# Psi[1]^2 = 0.238261 + I0.000000
# Psi[2]^2 = 0.321281 + I0.000000
# phi0 = 2.826156 
# phi1 = 2.948311 
# phi2 = 2.408426 
# Psi = 
#	2.058914e-01+i(-6.309246e-01)
#	9.375828e-02+i(-4.790310e-01)
#	3.793288e-01+i(-4.211783e-01)
#ProbSurv b 1-|Psi|^2 calls E tol dh dh(prev) dh(last)
0.376849406304	1	-1.34337e-13	9001	151789	0.0001	0.0001	0.0001	5e-05
