# a = 0.100000
# b = 1.000000
# E = 1.517893
# tol = 0.000100
# s12 = 0.554977
# s13 = 0.152971
# psi0 = 0.822075 + I0.000000	0.548446 + I0.000000	0.152971 + I0.000000
# dh = 0.000100
# out = data/E4.8e-0.5_tol1e-4.log
# model = sun
# scan_steps = 100.000000
# H0 = 
#	 0.000000e+00 0.000000e+00 0.000000e+00
#	 0.000000e+00 8.760154e+04 0.000000e+00
#	 0.000000e+00 0.000000e+00 2.867105e+06
# W = 
#	 6.758072e-01 4.508635e-01 1.257533e-01
#	 4.508635e-01 3.007928e-01 8.389608e-02
#	 1.257533e-01 8.389608e-02 2.340000e-02
# H0W = 
#	 0.000000e+00 -3.949634e+04 -3.605479e+05
#	 3.949634e+04 0.000000e+00 -2.331895e+05
#	 3.605479e+05 2.331895e+05 0.000000e+00
# H0H0W = 
#	 0.000000e+00 3.459940e+09 1.033729e+12
#	 3.459940e+09 0.000000e+00 6.481510e+11
#	 1.033729e+12 6.481510e+11 0.000000e+00
# WH0W = 
#	 1.262951e+05 4.476120e+04 -3.370471e+05
#	 4.476120e+04 3.512442e+03 -2.322098e+05
#	 -3.370471e+05 -2.322098e+05 -1.298075e+05
#################################################
##            CALCULATION COMPLETED            ##
#################################################
# Psi[0]^2 = 0.555014 + I0.000000
# Psi[1]^2 = 0.421212 + I0.000000
# Psi[2]^2 = 0.023774 + I0.000000
# phi0 = -0.190957 
# phi1 = 2.965136 
# phi2 = 0.003115 
# Psi = 
#	-1.413987e-01+i(7.314509e-01)
#	1.139286e-01+i(-6.389304e-01)
#	4.803757e-04+i(1.541885e-01)
#ProbSurv b 1-|Psi|^2 calls E tol dh dh(prev) dh(last)
0.502336188396	1	-1.33378e-11	200532	1.51789	0.0001	0.0001	4.48809e-06	4.3869e-06
