# a = 0.100000
# b = 1.000000
# E = 15.178933
# tol = 0.000100
# s12 = 0.554977
# s13 = 0.152971
# psi0 = 0.822075 + I0.000000	0.548446 + I0.000000	0.152971 + I0.000000
# dh = 0.000100
# out = data/E4.8e0.5_tol1e-4.log
# model = sun
# scan_steps = 100.000000
# H0 = 
#	 0.000000e+00 0.000000e+00 0.000000e+00
#	 0.000000e+00 8.760154e+03 0.000000e+00
#	 0.000000e+00 0.000000e+00 2.867105e+05
# W = 
#	 6.758072e-01 4.508635e-01 1.257533e-01
#	 4.508635e-01 3.007928e-01 8.389608e-02
#	 1.257533e-01 8.389608e-02 2.340000e-02
# H0W = 
#	 0.000000e+00 -3.949634e+03 -3.605479e+04
#	 3.949634e+03 0.000000e+00 -2.331895e+04
#	 3.605479e+04 2.331895e+04 0.000000e+00
# H0H0W = 
#	 0.000000e+00 3.459940e+07 1.033729e+10
#	 3.459940e+07 0.000000e+00 6.481510e+09
#	 1.033729e+10 6.481510e+09 0.000000e+00
# WH0W = 
#	 1.262951e+04 4.476120e+03 -3.370471e+04
#	 4.476120e+03 3.512442e+02 -2.322098e+04
#	 -3.370471e+04 -2.322098e+04 -1.298075e+04
#################################################
##            CALCULATION COMPLETED            ##
#################################################
# Psi[0]^2 = 0.038690 + I0.000000
# Psi[1]^2 = 0.933734 + I0.000000
# Psi[2]^2 = 0.027576 + I0.000000
# phi0 = -2.207595 
# phi1 = 1.822894 
# phi2 = -0.186052 
# Psi = 
#	-1.581450e-01+i(-1.169609e-01)
#	9.357559e-01+i(-2.410300e-01)
#	-3.071777e-02+i(1.631939e-01)
#ProbSurv b 1-|Psi|^2 calls E tol dh dh(prev) dh(last)
0.307652658239	1	-5.01377e-12	11739	15.1789	0.0001	0.0001	7.66799e-05	4.25016e-05
