# a = 0.100000
# b = 1.000000
# E = 15495.160535
# tol = 0.000100
# s12 = 0.554977
# s13 = 0.152971
# psi0 = 0.822075 + I0.000000	0.548446 + I0.000000	0.152971 + I0.000000
# dh = 0.000100
# out = data/E4.9e3.5_tol1e-4.log
# model = sun
# scan_steps = 100.000000
# H0 = 
#	 0.000000e+00 0.000000e+00 0.000000e+00
#	 0.000000e+00 8.581375e+00 0.000000e+00
#	 0.000000e+00 0.000000e+00 2.808593e+02
# W = 
#	 6.758072e-01 4.508635e-01 1.257533e-01
#	 4.508635e-01 3.007928e-01 8.389608e-02
#	 1.257533e-01 8.389608e-02 2.340000e-02
# H0W = 
#	 0.000000e+00 -3.869029e+00 -3.531898e+01
#	 3.869029e+00 0.000000e+00 -2.284305e+01
#	 3.531898e+01 2.284305e+01 0.000000e+00
# H0H0W = 
#	 0.000000e+00 3.320159e+01 9.919664e+03
#	 3.320159e+01 0.000000e+00 6.219658e+03
#	 9.919664e+03 6.219658e+03 0.000000e+00
# WH0W = 
#	 1.237176e+01 4.384771e+00 -3.301686e+01
#	 4.384771e+00 3.440759e-01 -2.274708e+01
#	 -3.301686e+01 -2.274708e+01 -1.271584e+01
#################################################
##            CALCULATION COMPLETED            ##
#################################################
# Psi[0]^2 = 0.005039 + I0.000000
# Psi[1]^2 = 0.015388 + I0.000000
# Psi[2]^2 = 0.979573 + I0.000000
# phi0 = 0.705446 
# phi1 = 2.022445 
# phi2 = -1.360524 
# Psi = 
#	4.602372e-02+i(5.404117e-02)
#	1.116098e-01+i(-5.414088e-02)
#	-9.679342e-01+i(2.065836e-01)
#ProbSurv b 1-|Psi|^2 calls E tol dh dh(prev) dh(last)
0.0309557563046	1	-1.26343e-13	9001	15495.2	0.0001	0.0001	0.0001	5e-05
