# a = 0.100000
# b = 1.000000
# E = 49000.000000
# tol = 0.000100
# s12 = 0.554977
# s13 = 0.152971
# psi0 = 0.822075 + I0.000000	0.548446 + I0.000000	0.152971 + I0.000000
# dh = 0.000100
# out = data/E4.9e4.0_tol1e-4.log
# model = sun
# scan_steps = 100.000000
# H0 = 
#	 0.000000e+00 0.000000e+00 0.000000e+00
#	 0.000000e+00 2.713669e+00 0.000000e+00
#	 0.000000e+00 0.000000e+00 8.881551e+01
# W = 
#	 6.758072e-01 4.508635e-01 1.257533e-01
#	 4.508635e-01 3.007928e-01 8.389608e-02
#	 1.257533e-01 8.389608e-02 2.340000e-02
# H0W = 
#	 0.000000e+00 -1.223494e+00 -1.116884e+01
#	 1.223494e+00 0.000000e+00 -7.223607e+00
#	 1.116884e+01 7.223607e+00 0.000000e+00
# H0H0W = 
#	 0.000000e+00 3.320159e+00 9.919664e+02
#	 3.320159e+00 0.000000e+00 6.219658e+02
#	 9.919664e+02 6.219658e+02 0.000000e+00
# WH0W = 
#	 3.912295e+00 1.386586e+00 -1.044085e+01
#	 1.386586e+00 1.088064e-01 -7.193259e+00
#	 -1.044085e+01 -7.193259e+00 -4.021102e+00
#################################################
##            CALCULATION COMPLETED            ##
#################################################
# Psi[0]^2 = 0.163392 + I0.000000
# Psi[1]^2 = 0.132600 + I0.000000
# Psi[2]^2 = 0.704009 + I0.000000
# phi0 = -2.345111 
# phi1 = -1.962327 
# phi2 = -1.538170 
# Psi = 
#	-2.889751e-01+i(-2.826396e-01)
#	-3.365863e-01+i(-1.389579e-01)
#	-8.386057e-01+i(2.736995e-02)
#ProbSurv b 1-|Psi|^2 calls E tol dh dh(prev) dh(last)
0.166780151302	1	-8.92619e-14	9001	49000	0.0001	0.0001	0.0001	5e-05
