# a = 0.100000
# b = 1.000000
# E = 1.549516
# tol = 0.000100
# s12 = 0.554977
# s13 = 0.152971
# psi0 = 0.822075 + I0.000000	0.548446 + I0.000000	0.152971 + I0.000000
# dh = 0.000100
# out = data/E4.9e-0.5_tol1e-4.log
# model = sun
# scan_steps = 100.000000
# H0 = 
#	 0.000000e+00 0.000000e+00 0.000000e+00
#	 0.000000e+00 8.581375e+04 0.000000e+00
#	 0.000000e+00 0.000000e+00 2.808593e+06
# W = 
#	 6.758072e-01 4.508635e-01 1.257533e-01
#	 4.508635e-01 3.007928e-01 8.389608e-02
#	 1.257533e-01 8.389608e-02 2.340000e-02
# H0W = 
#	 0.000000e+00 -3.869029e+04 -3.531898e+05
#	 3.869029e+04 0.000000e+00 -2.284305e+05
#	 3.531898e+05 2.284305e+05 0.000000e+00
# H0H0W = 
#	 0.000000e+00 3.320159e+09 9.919664e+11
#	 3.320159e+09 0.000000e+00 6.219658e+11
#	 9.919664e+11 6.219658e+11 0.000000e+00
# WH0W = 
#	 1.237176e+05 4.384771e+04 -3.301686e+05
#	 4.384771e+04 3.440759e+03 -2.274708e+05
#	 -3.301686e+05 -2.274708e+05 -1.271584e+05
#################################################
##            CALCULATION COMPLETED            ##
#################################################
# Psi[0]^2 = 0.552278 + I0.000000
# Psi[1]^2 = 0.423940 + I0.000000
# Psi[2]^2 = 0.023782 + I0.000000
# phi0 = -1.550928 
# phi1 = -2.474744 
# phi2 = -1.736043 
# Psi = 
#	-7.430075e-01+i(1.476389e-02)
#	-4.027177e-01+i(-5.116230e-01)
#	-1.521141e-01+i(-2.536766e-02)
#ProbSurv b 1-|Psi|^2 calls E tol dh dh(prev) dh(last)
0.501308031263	1	-9.08162e-13	207707	1.54952	0.0001	0.0001	4.33305e-06	4.05511e-06
