# a = 0.100000
# b = 1.000000
# E = 1549516.053483
# tol = 0.000100
# s12 = 0.554977
# s13 = 0.152971
# psi0 = 0.822075 + I0.000000	0.548446 + I0.000000	0.152971 + I0.000000
# dh = 0.000100
# out = data/E4.9e5.5_tol1e-4.log
# model = sun
# scan_steps = 100.000000
# H0 = 
#	 0.000000e+00 0.000000e+00 0.000000e+00
#	 0.000000e+00 8.581375e-02 0.000000e+00
#	 0.000000e+00 0.000000e+00 2.808593e+00
# W = 
#	 6.758072e-01 4.508635e-01 1.257533e-01
#	 4.508635e-01 3.007928e-01 8.389608e-02
#	 1.257533e-01 8.389608e-02 2.340000e-02
# H0W = 
#	 0.000000e+00 -3.869029e-02 -3.531898e-01
#	 3.869029e-02 0.000000e+00 -2.284305e-01
#	 3.531898e-01 2.284305e-01 0.000000e+00
# H0H0W = 
#	 0.000000e+00 3.320159e-03 9.919664e-01
#	 3.320159e-03 0.000000e+00 6.219658e-01
#	 9.919664e-01 6.219658e-01 0.000000e+00
# WH0W = 
#	 1.237176e-01 4.384771e-02 -3.301686e-01
#	 4.384771e-02 3.440759e-03 -2.274708e-01
#	 -3.301686e-01 -2.274708e-01 -1.271584e-01
#################################################
##            CALCULATION COMPLETED            ##
#################################################
# Psi[0]^2 = 0.659555 + I0.000000
# Psi[1]^2 = 0.299291 + I0.000000
# Psi[2]^2 = 0.041155 + I0.000000
# phi0 = 2.268888 
# phi1 = 2.280622 
# phi2 = 2.671915 
# Psi = 
#	6.221480e-01+i(-5.220023e-01)
#	4.149430e-01+i(-3.565295e-01)
#	9.181676e-02+i(-1.808984e-01)
#ProbSurv b 1-|Psi|^2 calls E tol dh dh(prev) dh(last)
0.536719267535	1	-6.9722e-14	9001	1.54952e+06	0.0001	0.0001	0.0001	5e-05
