# a = 0.100000
# b = 1.000000
# E = 4900000.000000
# tol = 0.000100
# s12 = 0.554977
# s13 = 0.152971
# psi0 = 0.822075 + I0.000000	0.548446 + I0.000000	0.152971 + I0.000000
# dh = 0.000100
# out = data/E4.9e6.0_tol1e-4.log
# model = sun
# scan_steps = 100.000000
# H0 = 
#	 0.000000e+00 0.000000e+00 0.000000e+00
#	 0.000000e+00 2.713669e-02 0.000000e+00
#	 0.000000e+00 0.000000e+00 8.881551e-01
# W = 
#	 6.758072e-01 4.508635e-01 1.257533e-01
#	 4.508635e-01 3.007928e-01 8.389608e-02
#	 1.257533e-01 8.389608e-02 2.340000e-02
# H0W = 
#	 0.000000e+00 -1.223494e-02 -1.116884e-01
#	 1.223494e-02 0.000000e+00 -7.223607e-02
#	 1.116884e-01 7.223607e-02 0.000000e+00
# H0H0W = 
#	 0.000000e+00 3.320159e-04 9.919664e-02
#	 3.320159e-04 0.000000e+00 6.219658e-02
#	 9.919664e-02 6.219658e-02 0.000000e+00
# WH0W = 
#	 3.912295e-02 1.386586e-02 -1.044085e-01
#	 1.386586e-02 1.088064e-03 -7.193259e-02
#	 -1.044085e-01 -7.193259e-02 -4.021102e-02
#################################################
##            CALCULATION COMPLETED            ##
#################################################
# Psi[0]^2 = 0.671188 + I0.000000
# Psi[1]^2 = 0.300565 + I0.000000
# Psi[2]^2 = 0.028248 + I0.000000
# phi0 = 2.220598 
# phi1 = 2.224311 
# phi2 = 2.344096 
# Psi = 
#	6.522986e-01+i(-4.956756e-01)
#	4.352743e-01+i(-3.333179e-01)
#	1.202727e-01+i(-1.173972e-01)
#ProbSurv b 1-|Psi|^2 calls E tol dh dh(prev) dh(last)
0.544662198374	1	-8.9484e-14	9001	4.9e+06	0.0001	0.0001	0.0001	5e-05
