# a = 0.100000
# b = 1.000000
# E = 490000.000000
# tol = 0.000100
# s12 = 0.554977
# s13 = 0.152971
# psi0 = 0.822075 + I0.000000	0.548446 + I0.000000	0.152971 + I0.000000
# dh = 0.000100
# out = data/E4.9e5.0_tol1e-4.log
# model = sun
# scan_steps = 100.000000
# H0 = 
#	 0.000000e+00 0.000000e+00 0.000000e+00
#	 0.000000e+00 2.713669e-01 0.000000e+00
#	 0.000000e+00 0.000000e+00 8.881551e+00
# W = 
#	 6.758072e-01 4.508635e-01 1.257533e-01
#	 4.508635e-01 3.007928e-01 8.389608e-02
#	 1.257533e-01 8.389608e-02 2.340000e-02
# H0W = 
#	 0.000000e+00 -1.223494e-01 -1.116884e+00
#	 1.223494e-01 0.000000e+00 -7.223607e-01
#	 1.116884e+00 7.223607e-01 0.000000e+00
# H0H0W = 
#	 0.000000e+00 3.320159e-02 9.919664e+00
#	 3.320159e-02 0.000000e+00 6.219658e+00
#	 9.919664e+00 6.219658e+00 0.000000e+00
# WH0W = 
#	 3.912295e-01 1.386586e-01 -1.044085e+00
#	 1.386586e-01 1.088064e-02 -7.193259e-01
#	 -1.044085e+00 -7.193259e-01 -4.021102e-01
#################################################
##            CALCULATION COMPLETED            ##
#################################################
# Psi[0]^2 = 0.607531 + I0.000000
# Psi[1]^2 = 0.287652 + I0.000000
# Psi[2]^2 = 0.104817 + I0.000000
# phi0 = 2.420335 
# phi1 = 2.457544 
# phi2 = -2.467978 
# Psi = 
#	5.146893e-01+i(-5.853428e-01)
#	3.389274e-01+i(-4.156684e-01)
#	-2.019627e-01+i(-2.530370e-01)
#ProbSurv b 1-|Psi|^2 calls E tol dh dh(prev) dh(last)
0.499550403311	1	-1.34559e-13	9001	490000	0.0001	0.0001	0.0001	5e-05
