# a = 0.100000
# b = 1.000000
# E = 0.490000
# tol = 0.000100
# s12 = 0.554977
# s13 = 0.152971
# psi0 = 0.822075 + I0.000000	0.548446 + I0.000000	0.152971 + I0.000000
# dh = 0.000100
# out = data/E4.9e-1.0_tol1e-4.log
# model = sun
# scan_steps = 100.000000
# H0 = 
#	 0.000000e+00 0.000000e+00 0.000000e+00
#	 0.000000e+00 2.713669e+05 0.000000e+00
#	 0.000000e+00 0.000000e+00 8.881551e+06
# W = 
#	 6.758072e-01 4.508635e-01 1.257533e-01
#	 4.508635e-01 3.007928e-01 8.389608e-02
#	 1.257533e-01 8.389608e-02 2.340000e-02
# H0W = 
#	 0.000000e+00 -1.223494e+05 -1.116884e+06
#	 1.223494e+05 0.000000e+00 -7.223607e+05
#	 1.116884e+06 7.223607e+05 0.000000e+00
# H0H0W = 
#	 0.000000e+00 3.320159e+10 9.919664e+12
#	 3.320159e+10 0.000000e+00 6.219658e+12
#	 9.919664e+12 6.219658e+12 0.000000e+00
# WH0W = 
#	 3.912295e+05 1.386586e+05 -1.044085e+06
#	 1.386586e+05 1.088064e+04 -7.193259e+05
#	 -1.044085e+06 -7.193259e+05 -4.021102e+05
#################################################
##            CALCULATION COMPLETED            ##
#################################################
# Psi[0]^2 = 0.639688 + I0.000000
# Psi[1]^2 = 0.336792 + I0.000000
# Psi[2]^2 = 0.023520 + I0.000000
# phi0 = -1.480102 
# phi1 = 0.939511 
# phi2 = -0.910797 
# Psi = 
#	-7.965181e-01+i(7.243845e-02)
#	4.684889e-01+i(3.425052e-01)
#	-1.211548e-01+i(9.402872e-02)
#ProbSurv b 1-|Psi|^2 calls E tol dh dh(prev) dh(last)
0.534160929313	1	-7.29838e-12	1122104	0.49	0.0001	0.0001	8.02065e-07	7.88364e-07
