# a = 0.100000
# b = 1.000000
# E = 4900.000000
# tol = 0.000100
# s12 = 0.554977
# s13 = 0.152971
# psi0 = 0.822075 + I0.000000	0.548446 + I0.000000	0.152971 + I0.000000
# dh = 0.000100
# out = data/E4.9e3.0_tol1e-4.log
# model = sun
# scan_steps = 100.000000
# H0 = 
#	 0.000000e+00 0.000000e+00 0.000000e+00
#	 0.000000e+00 2.713669e+01 0.000000e+00
#	 0.000000e+00 0.000000e+00 8.881551e+02
# W = 
#	 6.758072e-01 4.508635e-01 1.257533e-01
#	 4.508635e-01 3.007928e-01 8.389608e-02
#	 1.257533e-01 8.389608e-02 2.340000e-02
# H0W = 
#	 0.000000e+00 -1.223494e+01 -1.116884e+02
#	 1.223494e+01 0.000000e+00 -7.223607e+01
#	 1.116884e+02 7.223607e+01 0.000000e+00
# H0H0W = 
#	 0.000000e+00 3.320159e+02 9.919664e+04
#	 3.320159e+02 0.000000e+00 6.219658e+04
#	 9.919664e+04 6.219658e+04 0.000000e+00
# WH0W = 
#	 3.912295e+01 1.386586e+01 -1.044085e+02
#	 1.386586e+01 1.088064e+00 -7.193259e+01
#	 -1.044085e+02 -7.193259e+01 -4.021102e+01
#################################################
##            CALCULATION COMPLETED            ##
#################################################
# Psi[0]^2 = 0.000002 + I0.000000
# Psi[1]^2 = 0.000066 + I0.000000
# Psi[2]^2 = 0.999932 + I0.000000
# phi0 = 1.663475 
# phi1 = 1.549346 
# phi2 = 2.824722 
# Psi = 
#	1.505080e-03+i(-1.398890e-04)
#	8.104564e-03+i(1.738732e-04)
#	3.115836e-01+i(-9.501830e-01)
#ProbSurv b 1-|Psi|^2 calls E tol dh dh(prev) dh(last)
0.0234197192852	1	-8.21565e-14	9001	4900	0.0001	0.0001	0.0001	5e-05
