# a = 0.100000
# b = 1.000000
# E = 4.900000
# tol = 0.000100
# s12 = 0.554977
# s13 = 0.152971
# psi0 = 0.822075 + I0.000000	0.548446 + I0.000000	0.152971 + I0.000000
# dh = 0.000100
# out = data/E4.9e0.0_tol1e-4.log
# model = sun
# scan_steps = 100.000000
# H0 = 
#	 0.000000e+00 0.000000e+00 0.000000e+00
#	 0.000000e+00 2.713669e+04 0.000000e+00
#	 0.000000e+00 0.000000e+00 8.881551e+05
# W = 
#	 6.758072e-01 4.508635e-01 1.257533e-01
#	 4.508635e-01 3.007928e-01 8.389608e-02
#	 1.257533e-01 8.389608e-02 2.340000e-02
# H0W = 
#	 0.000000e+00 -1.223494e+04 -1.116884e+05
#	 1.223494e+04 0.000000e+00 -7.223607e+04
#	 1.116884e+05 7.223607e+04 0.000000e+00
# H0H0W = 
#	 0.000000e+00 3.320159e+08 9.919664e+10
#	 3.320159e+08 0.000000e+00 6.219658e+10
#	 9.919664e+10 6.219658e+10 0.000000e+00
# WH0W = 
#	 3.912295e+04 1.386586e+04 -1.044085e+05
#	 1.386586e+04 1.088064e+03 -7.193259e+04
#	 -1.044085e+05 -7.193259e+04 -4.021102e+04
#################################################
##            CALCULATION COMPLETED            ##
#################################################
# Psi[0]^2 = 0.276791 + I0.000000
# Psi[1]^2 = 0.698568 + I0.000000
# Psi[2]^2 = 0.024641 + I0.000000
# phi0 = -3.056028 
# phi1 = -0.606710 
# phi2 = 2.040787 
# Psi = 
#	-4.496144e-02+i(-5.241848e-01)
#	-4.765487e-01+i(6.866363e-01)
#	1.399531e-01+i(-7.108973e-02)
#ProbSurv b 1-|Psi|^2 calls E tol dh dh(prev) dh(last)
0.397758358774	1	-5.33507e-12	34202	4.9	0.0001	0.0001	2.63152e-05	2.38035e-05
