# a = 0.100000
# b = 1.000000
# E = 154951.605348
# tol = 0.000100
# s12 = 0.554977
# s13 = 0.152971
# psi0 = 0.822075 + I0.000000	0.548446 + I0.000000	0.152971 + I0.000000
# dh = 0.000100
# out = data/E4.9e4.5_tol1e-4.log
# model = sun
# scan_steps = 100.000000
# H0 = 
#	 0.000000e+00 0.000000e+00 0.000000e+00
#	 0.000000e+00 8.581375e-01 0.000000e+00
#	 0.000000e+00 0.000000e+00 2.808593e+01
# W = 
#	 6.758072e-01 4.508635e-01 1.257533e-01
#	 4.508635e-01 3.007928e-01 8.389608e-02
#	 1.257533e-01 8.389608e-02 2.340000e-02
# H0W = 
#	 0.000000e+00 -3.869029e-01 -3.531898e+00
#	 3.869029e-01 0.000000e+00 -2.284305e+00
#	 3.531898e+00 2.284305e+00 0.000000e+00
# H0H0W = 
#	 0.000000e+00 3.320159e-01 9.919664e+01
#	 3.320159e-01 0.000000e+00 6.219658e+01
#	 9.919664e+01 6.219658e+01 0.000000e+00
# WH0W = 
#	 1.237176e+00 4.384771e-01 -3.301686e+00
#	 4.384771e-01 3.440759e-02 -2.274708e+00
#	 -3.301686e+00 -2.274708e+00 -1.271584e+00
#################################################
##            CALCULATION COMPLETED            ##
#################################################
# Psi[0]^2 = 0.443917 + I0.000000
# Psi[1]^2 = 0.239177 + I0.000000
# Psi[2]^2 = 0.316906 + I0.000000
# phi0 = 2.813822 
# phi1 = 2.933611 
# phi2 = 2.237774 
# Psi = 
#	2.144949e-01+i(-6.308006e-01)
#	1.009832e-01+i(-4.785177e-01)
#	4.423023e-01+i(-3.482449e-01)
#ProbSurv b 1-|Psi|^2 calls E tol dh dh(prev) dh(last)
0.379360820712	1	-1.22569e-13	9001	154952	0.0001	0.0001	0.0001	5e-05
