# a = 0.100000
# b = 1.000000
# E = 154.951605
# tol = 0.000100
# s12 = 0.554977
# s13 = 0.152971
# psi0 = 0.822075 + I0.000000	0.548446 + I0.000000	0.152971 + I0.000000
# dh = 0.000100
# out = data/E4.9e1.5_tol1e-4.log
# model = sun
# scan_steps = 100.000000
# H0 = 
#	 0.000000e+00 0.000000e+00 0.000000e+00
#	 0.000000e+00 8.581375e+02 0.000000e+00
#	 0.000000e+00 0.000000e+00 2.808593e+04
# W = 
#	 6.758072e-01 4.508635e-01 1.257533e-01
#	 4.508635e-01 3.007928e-01 8.389608e-02
#	 1.257533e-01 8.389608e-02 2.340000e-02
# H0W = 
#	 0.000000e+00 -3.869029e+02 -3.531898e+03
#	 3.869029e+02 0.000000e+00 -2.284305e+03
#	 3.531898e+03 2.284305e+03 0.000000e+00
# H0H0W = 
#	 0.000000e+00 3.320159e+05 9.919664e+07
#	 3.320159e+05 0.000000e+00 6.219658e+07
#	 9.919664e+07 6.219658e+07 0.000000e+00
# WH0W = 
#	 1.237176e+03 4.384771e+02 -3.301686e+03
#	 4.384771e+02 3.440759e+01 -2.274708e+03
#	 -3.301686e+03 -2.274708e+03 -1.271584e+03
#################################################
##            CALCULATION COMPLETED            ##
#################################################
# Psi[0]^2 = 0.000311 + I0.000000
# Psi[1]^2 = 0.693036 + I0.000000
# Psi[2]^2 = 0.306653 + I0.000000
# phi0 = -0.796480 
# phi1 = 0.856441 
# phi2 = -1.381975 
# Psi = 
#	-1.260293e-02+i(1.232664e-02)
#	6.289578e-01+i(5.453879e-01)
#	-5.439204e-01+i(1.039418e-01)
#ProbSurv b 1-|Psi|^2 calls E tol dh dh(prev) dh(last)
0.215845915277	1	1.40066e-12	9001	154.952	0.0001	0.0001	0.0001	5e-05
