# a = 0.100000
# b = 1.000000
# E = 1581.138830
# tol = 0.000100
# s12 = 0.554977
# s13 = 0.152971
# psi0 = 0.822075 + I0.000000	0.548446 + I0.000000	0.152971 + I0.000000
# dh = 0.000100
# out = data/E5.0e2.5_tol1e-4.log
# model = sun
# scan_steps = 100.000000
# H0 = 
#	 0.000000e+00 0.000000e+00 0.000000e+00
#	 0.000000e+00 8.409748e+01 0.000000e+00
#	 0.000000e+00 0.000000e+00 2.752421e+03
# W = 
#	 6.758072e-01 4.508635e-01 1.257533e-01
#	 4.508635e-01 3.007928e-01 8.389608e-02
#	 1.257533e-01 8.389608e-02 2.340000e-02
# H0W = 
#	 0.000000e+00 -3.791649e+01 -3.461260e+02
#	 3.791649e+01 0.000000e+00 -2.238619e+02
#	 3.461260e+02 2.238619e+02 0.000000e+00
# H0H0W = 
#	 0.000000e+00 3.188681e+03 9.526845e+05
#	 3.188681e+03 0.000000e+00 5.973360e+05
#	 9.526845e+05 5.973360e+05 0.000000e+00
# WH0W = 
#	 1.212433e+02 4.297075e+01 -3.235652e+02
#	 4.297075e+01 3.371944e+00 -2.229214e+02
#	 -3.235652e+02 -2.229214e+02 -1.246152e+02
#################################################
##            CALCULATION COMPLETED            ##
#################################################
# Psi[0]^2 = 0.000003 + I0.000000
# Psi[1]^2 = 0.000409 + I0.000000
# Psi[2]^2 = 0.999588 + I0.000000
# phi0 = -2.924674 
# phi1 = 2.410936 
# phi2 = 1.326964 
# Psi = 
#	-3.755550e-04+i(-1.704076e-03)
#	1.349193e-02+i(-1.505627e-02)
#	9.702201e-01+i(2.413735e-01)
#ProbSurv b 1-|Psi|^2 calls E tol dh dh(prev) dh(last)
0.0235153634272	1	-9.28146e-14	9001	1581.14	0.0001	0.0001	0.0001	5e-05
