# a = 0.100000
# b = 1.000000
# E = 15811.388301
# tol = 0.000100
# s12 = 0.554977
# s13 = 0.152971
# psi0 = 0.822075 + I0.000000	0.548446 + I0.000000	0.152971 + I0.000000
# dh = 0.000100
# out = data/E5.0e3.5_tol1e-4.log
# model = sun
# scan_steps = 100.000000
# H0 = 
#	 0.000000e+00 0.000000e+00 0.000000e+00
#	 0.000000e+00 8.409748e+00 0.000000e+00
#	 0.000000e+00 0.000000e+00 2.752421e+02
# W = 
#	 6.758072e-01 4.508635e-01 1.257533e-01
#	 4.508635e-01 3.007928e-01 8.389608e-02
#	 1.257533e-01 8.389608e-02 2.340000e-02
# H0W = 
#	 0.000000e+00 -3.791649e+00 -3.461260e+01
#	 3.791649e+00 0.000000e+00 -2.238619e+01
#	 3.461260e+01 2.238619e+01 0.000000e+00
# H0H0W = 
#	 0.000000e+00 3.188681e+01 9.526845e+03
#	 3.188681e+01 0.000000e+00 5.973360e+03
#	 9.526845e+03 5.973360e+03 0.000000e+00
# WH0W = 
#	 1.212433e+01 4.297075e+00 -3.235652e+01
#	 4.297075e+00 3.371944e-01 -2.229214e+01
#	 -3.235652e+01 -2.229214e+01 -1.246152e+01
#################################################
##            CALCULATION COMPLETED            ##
#################################################
# Psi[0]^2 = 0.005821 + I0.000000
# Psi[1]^2 = 0.017108 + I0.000000
# Psi[2]^2 = 0.977071 + I0.000000
# phi0 = 0.623249 
# phi1 = 1.890409 
# phi2 = 2.105734 
# Psi = 
#	4.453233e-02+i(6.195159e-02)
#	1.241745e-01+i(-4.109670e-02)
#	8.503799e-01+i(-5.039093e-01)
#ProbSurv b 1-|Psi|^2 calls E tol dh dh(prev) dh(last)
0.0319434477211	1	-8.99281e-14	9001	15811.4	0.0001	0.0001	0.0001	5e-05
