# a = 0.100000
# b = 1.000000
# E = 1.581139
# tol = 0.000100
# s12 = 0.554977
# s13 = 0.152971
# psi0 = 0.822075 + I0.000000	0.548446 + I0.000000	0.152971 + I0.000000
# dh = 0.000100
# out = data/E5.0e-0.5_tol1e-4.log
# model = sun
# scan_steps = 100.000000
# H0 = 
#	 0.000000e+00 0.000000e+00 0.000000e+00
#	 0.000000e+00 8.409748e+04 0.000000e+00
#	 0.000000e+00 0.000000e+00 2.752421e+06
# W = 
#	 6.758072e-01 4.508635e-01 1.257533e-01
#	 4.508635e-01 3.007928e-01 8.389608e-02
#	 1.257533e-01 8.389608e-02 2.340000e-02
# H0W = 
#	 0.000000e+00 -3.791649e+04 -3.461260e+05
#	 3.791649e+04 0.000000e+00 -2.238619e+05
#	 3.461260e+05 2.238619e+05 0.000000e+00
# H0H0W = 
#	 0.000000e+00 3.188681e+09 9.526845e+11
#	 3.188681e+09 0.000000e+00 5.973360e+11
#	 9.526845e+11 5.973360e+11 0.000000e+00
# WH0W = 
#	 1.212433e+05 4.297075e+04 -3.235652e+05
#	 4.297075e+04 3.371944e+03 -2.229214e+05
#	 -3.235652e+05 -2.229214e+05 -1.246152e+05
#################################################
##            CALCULATION COMPLETED            ##
#################################################
# Psi[0]^2 = 0.549508 + I0.000000
# Psi[1]^2 = 0.426702 + I0.000000
# Psi[2]^2 = 0.023790 + I0.000000
# phi0 = -2.913411 
# phi1 = -0.100432 
# phi2 = -1.897480 
# Psi = 
#	-1.676844e-01+i(-7.220735e-01)
#	-6.549416e-02+i(6.499325e-01)
#	-1.460830e-01+i(-4.949639e-02)
#ProbSurv b 1-|Psi|^2 calls E tol dh dh(prev) dh(last)
0.500267071859	1	1.039e-11	212972	1.58114	0.0001	0.0001	4.22593e-06	3.63225e-06
