# a = 0.100000
# b = 1.000000
# E = 1612761.606686
# tol = 0.000100
# s12 = 0.554977
# s13 = 0.152971
# psi0 = 0.822075 + I0.000000	0.548446 + I0.000000	0.152971 + I0.000000
# dh = 0.000100
# out = data/E5.1e5.5_tol1e-4.log
# model = sun
# scan_steps = 100.000000
# H0 = 
#	 0.000000e+00 0.000000e+00 0.000000e+00
#	 0.000000e+00 8.244851e-02 0.000000e+00
#	 0.000000e+00 0.000000e+00 2.698452e+00
# W = 
#	 6.758072e-01 4.508635e-01 1.257533e-01
#	 4.508635e-01 3.007928e-01 8.389608e-02
#	 1.257533e-01 8.389608e-02 2.340000e-02
# H0W = 
#	 0.000000e+00 -3.717303e-02 -3.393392e-01
#	 3.717303e-02 0.000000e+00 -2.194724e-01
#	 3.393392e-01 2.194724e-01 0.000000e+00
# H0H0W = 
#	 0.000000e+00 3.064860e-03 9.156906e-01
#	 3.064860e-03 0.000000e+00 5.741407e-01
#	 9.156906e-01 5.741407e-01 0.000000e+00
# WH0W = 
#	 1.188660e-01 4.212819e-02 -3.172208e-01
#	 4.212819e-02 3.305828e-03 -2.185504e-01
#	 -3.172208e-01 -2.185504e-01 -1.221718e-01
#################################################
##            CALCULATION COMPLETED            ##
#################################################
# Psi[0]^2 = 0.660285 + I0.000000
# Psi[1]^2 = 0.299395 + I0.000000
# Psi[2]^2 = 0.040320 + I0.000000
# phi0 = 2.266110 
# phi1 = 2.277383 
# phi2 = 2.652653 
# Psi = 
#	6.239415e-01+i(-5.205596e-01)
#	4.161674e-01+i(-3.552453e-01)
#	9.431316e-02+i(-1.772715e-01)
#ProbSurv b 1-|Psi|^2 calls E tol dh dh(prev) dh(last)
0.537224775183	1	-5.70655e-14	9001	1.61276e+06	0.0001	0.0001	0.0001	5e-05
