# a = 0.100000
# b = 1.000000
# E = 16127.616067
# tol = 0.000100
# s12 = 0.554977
# s13 = 0.152971
# psi0 = 0.822075 + I0.000000	0.548446 + I0.000000	0.152971 + I0.000000
# dh = 0.000100
# out = data/E5.1e3.5_tol1e-4.log
# model = sun
# scan_steps = 100.000000
# H0 = 
#	 0.000000e+00 0.000000e+00 0.000000e+00
#	 0.000000e+00 8.244851e+00 0.000000e+00
#	 0.000000e+00 0.000000e+00 2.698452e+02
# W = 
#	 6.758072e-01 4.508635e-01 1.257533e-01
#	 4.508635e-01 3.007928e-01 8.389608e-02
#	 1.257533e-01 8.389608e-02 2.340000e-02
# H0W = 
#	 0.000000e+00 -3.717303e+00 -3.393392e+01
#	 3.717303e+00 0.000000e+00 -2.194724e+01
#	 3.393392e+01 2.194724e+01 0.000000e+00
# H0H0W = 
#	 0.000000e+00 3.064860e+01 9.156906e+03
#	 3.064860e+01 0.000000e+00 5.741407e+03
#	 9.156906e+03 5.741407e+03 0.000000e+00
# WH0W = 
#	 1.188660e+01 4.212819e+00 -3.172208e+01
#	 4.212819e+00 3.305828e-01 -2.185504e+01
#	 -3.172208e+01 -2.185504e+01 -1.221718e+01
#################################################
##            CALCULATION COMPLETED            ##
#################################################
# Psi[0]^2 = 0.006235 + I0.000000
# Psi[1]^2 = 0.017267 + I0.000000
# Psi[2]^2 = 0.976498 + I0.000000
# phi0 = 0.524395 
# phi1 = 1.779504 
# phi2 = -0.591405 
# Psi = 
#	3.953634e-02+i(6.835326e-02)
#	1.285508e-01+i(-2.722595e-02)
#	-5.509372e-01+i(8.203452e-01)
#ProbSurv b 1-|Psi|^2 calls E tol dh dh(prev) dh(last)
0.0322575674499	1	-8.83738e-14	9001	16127.6	0.0001	0.0001	0.0001	5e-05
