# a = 0.100000
# b = 1.000000
# E = 16.127616
# tol = 0.000100
# s12 = 0.554977
# s13 = 0.152971
# psi0 = 0.822075 + I0.000000	0.548446 + I0.000000	0.152971 + I0.000000
# dh = 0.000100
# out = data/E5.1e0.5_tol1e-4.log
# model = sun
# scan_steps = 100.000000
# H0 = 
#	 0.000000e+00 0.000000e+00 0.000000e+00
#	 0.000000e+00 8.244851e+03 0.000000e+00
#	 0.000000e+00 0.000000e+00 2.698452e+05
# W = 
#	 6.758072e-01 4.508635e-01 1.257533e-01
#	 4.508635e-01 3.007928e-01 8.389608e-02
#	 1.257533e-01 8.389608e-02 2.340000e-02
# H0W = 
#	 0.000000e+00 -3.717303e+03 -3.393392e+04
#	 3.717303e+03 0.000000e+00 -2.194724e+04
#	 3.393392e+04 2.194724e+04 0.000000e+00
# H0H0W = 
#	 0.000000e+00 3.064860e+07 9.156906e+09
#	 3.064860e+07 0.000000e+00 5.741407e+09
#	 9.156906e+09 5.741407e+09 0.000000e+00
# WH0W = 
#	 1.188660e+04 4.212819e+03 -3.172208e+04
#	 4.212819e+03 3.305828e+02 -2.185504e+04
#	 -3.172208e+04 -2.185504e+04 -1.221718e+04
#################################################
##            CALCULATION COMPLETED            ##
#################################################
# Psi[0]^2 = 0.034092 + I0.000000
# Psi[1]^2 = 0.938045 + I0.000000
# Psi[2]^2 = 0.027863 + I0.000000
# phi0 = -0.838650 
# phi1 = 1.496784 
# phi2 = 1.337088 
# Psi = 
#	-1.373245e-01+i(1.234260e-01)
#	9.658759e-01+i(7.161799e-02)
#	1.623833e-01+i(3.865668e-02)
#ProbSurv b 1-|Psi|^2 calls E tol dh dh(prev) dh(last)
0.305848879415	1	-5.76383e-12	11268	16.1276	0.0001	0.0001	7.98762e-05	7.73892e-05
