# a = 0.100000
# b = 1.000000
# E = 161.276161
# tol = 0.000100
# s12 = 0.554977
# s13 = 0.152971
# psi0 = 0.822075 + I0.000000	0.548446 + I0.000000	0.152971 + I0.000000
# dh = 0.000100
# out = data/E5.1e1.5_tol1e-4.log
# model = sun
# scan_steps = 100.000000
# H0 = 
#	 0.000000e+00 0.000000e+00 0.000000e+00
#	 0.000000e+00 8.244851e+02 0.000000e+00
#	 0.000000e+00 0.000000e+00 2.698452e+04
# W = 
#	 6.758072e-01 4.508635e-01 1.257533e-01
#	 4.508635e-01 3.007928e-01 8.389608e-02
#	 1.257533e-01 8.389608e-02 2.340000e-02
# H0W = 
#	 0.000000e+00 -3.717303e+02 -3.393392e+03
#	 3.717303e+02 0.000000e+00 -2.194724e+03
#	 3.393392e+03 2.194724e+03 0.000000e+00
# H0H0W = 
#	 0.000000e+00 3.064860e+05 9.156906e+07
#	 3.064860e+05 0.000000e+00 5.741407e+07
#	 9.156906e+07 5.741407e+07 0.000000e+00
# WH0W = 
#	 1.188660e+03 4.212819e+02 -3.172208e+03
#	 4.212819e+02 3.305828e+01 -2.185504e+03
#	 -3.172208e+03 -2.185504e+03 -1.221718e+03
#################################################
##            CALCULATION COMPLETED            ##
#################################################
# Psi[0]^2 = 0.000278 + I0.000000
# Psi[1]^2 = 0.646798 + I0.000000
# Psi[2]^2 = 0.352924 + I0.000000
# phi0 = -0.746140 
# phi1 = -2.697746 
# phi2 = -1.641898 
# Psi = 
#	-1.132611e-02+i(1.225222e-02)
#	-3.453532e-01+i(-7.263119e-01)
#	-5.925728e-01+i(-4.220416e-02)
#ProbSurv b 1-|Psi|^2 calls E tol dh dh(prev) dh(last)
0.202998693737	1	1.22058e-12	9001	161.276	0.0001	0.0001	0.0001	5e-05
