# a = 0.100000
# b = 1.000000
# E = 0.510000
# tol = 0.000100
# s12 = 0.554977
# s13 = 0.152971
# psi0 = 0.822075 + I0.000000	0.548446 + I0.000000	0.152971 + I0.000000
# dh = 0.000100
# out = data/E5.1e-1.0_tol1e-4.log
# model = sun
# scan_steps = 100.000000
# H0 = 
#	 0.000000e+00 0.000000e+00 0.000000e+00
#	 0.000000e+00 2.607251e+05 0.000000e+00
#	 0.000000e+00 0.000000e+00 8.533255e+06
# W = 
#	 6.758072e-01 4.508635e-01 1.257533e-01
#	 4.508635e-01 3.007928e-01 8.389608e-02
#	 1.257533e-01 8.389608e-02 2.340000e-02
# H0W = 
#	 0.000000e+00 -1.175514e+05 -1.073085e+06
#	 1.175514e+05 0.000000e+00 -6.940328e+05
#	 1.073085e+06 6.940328e+05 0.000000e+00
# H0H0W = 
#	 0.000000e+00 3.064860e+10 9.156906e+12
#	 3.064860e+10 0.000000e+00 5.741407e+12
#	 9.156906e+12 5.741407e+12 0.000000e+00
# WH0W = 
#	 3.758872e+05 1.332210e+05 -1.003140e+06
#	 1.332210e+05 1.045394e+04 -6.911170e+05
#	 -1.003140e+06 -6.911170e+05 -3.863411e+05
#################################################
##            CALCULATION COMPLETED            ##
#################################################
# Psi[0]^2 = 0.638150 + I0.000000
# Psi[1]^2 = 0.338325 + I0.000000
# Psi[2]^2 = 0.023525 + I0.000000
# phi0 = -2.280742 
# phi1 = -0.343747 
# phi2 = 0.700274 
# Psi = 
#	-6.058400e-01+i(-5.206801e-01)
#	-1.960287e-01+i(5.476295e-01)
#	9.884091e-02+i(1.172829e-01)
#ProbSurv b 1-|Psi|^2 calls E tol dh dh(prev) dh(last)
0.533582562037	1	-1.12663e-11	1187009	0.51	0.0001	0.0001	7.58209e-07	5.55684e-07
