# a = 0.100000
# b = 1.000000
# E = 161276.160669
# tol = 0.000100
# s12 = 0.554977
# s13 = 0.152971
# psi0 = 0.822075 + I0.000000	0.548446 + I0.000000	0.152971 + I0.000000
# dh = 0.000100
# out = data/E5.1e4.5_tol1e-4.log
# model = sun
# scan_steps = 100.000000
# H0 = 
#	 0.000000e+00 0.000000e+00 0.000000e+00
#	 0.000000e+00 8.244851e-01 0.000000e+00
#	 0.000000e+00 0.000000e+00 2.698452e+01
# W = 
#	 6.758072e-01 4.508635e-01 1.257533e-01
#	 4.508635e-01 3.007928e-01 8.389608e-02
#	 1.257533e-01 8.389608e-02 2.340000e-02
# H0W = 
#	 0.000000e+00 -3.717303e-01 -3.393392e+00
#	 3.717303e-01 0.000000e+00 -2.194724e+00
#	 3.393392e+00 2.194724e+00 0.000000e+00
# H0H0W = 
#	 0.000000e+00 3.064860e-01 9.156906e+01
#	 3.064860e-01 0.000000e+00 5.741407e+01
#	 9.156906e+01 5.741407e+01 0.000000e+00
# WH0W = 
#	 1.188660e+00 4.212819e-01 -3.172208e+00
#	 4.212819e-01 3.305828e-02 -2.185504e+00
#	 -3.172208e+00 -2.185504e+00 -1.221718e+00
#################################################
##            CALCULATION COMPLETED            ##
#################################################
# Psi[0]^2 = 0.450247 + I0.000000
# Psi[1]^2 = 0.240801 + I0.000000
# Psi[2]^2 = 0.308952 + I0.000000
# phi0 = 2.790955 
# phi1 = 2.906280 
# phi2 = 1.920173 
# Psi = 
#	2.304879e-01+i(-6.301762e-01)
#	1.144086e-01+i(-4.771917e-01)
#	5.222545e-01+i(-1.902689e-01)
#ProbSurv b 1-|Psi|^2 calls E tol dh dh(prev) dh(last)
0.383940722301	1	-1.25233e-13	9001	161276	0.0001	0.0001	0.0001	5e-05
