# a = 0.100000
# b = 1.000000
# E = 1644384.383288
# tol = 0.000100
# s12 = 0.554977
# s13 = 0.152971
# psi0 = 0.822075 + I0.000000	0.548446 + I0.000000	0.152971 + I0.000000
# dh = 0.000100
# out = data/E5.2e5.5_tol1e-4.log
# model = sun
# scan_steps = 100.000000
# H0 = 
#	 0.000000e+00 0.000000e+00 0.000000e+00
#	 0.000000e+00 8.086296e-02 0.000000e+00
#	 0.000000e+00 0.000000e+00 2.646559e+00
# W = 
#	 6.758072e-01 4.508635e-01 1.257533e-01
#	 4.508635e-01 3.007928e-01 8.389608e-02
#	 1.257533e-01 8.389608e-02 2.340000e-02
# H0W = 
#	 0.000000e+00 -3.645816e-02 -3.328135e-01
#	 3.645816e-02 0.000000e+00 -2.152518e-01
#	 3.328135e-01 2.152518e-01 0.000000e+00
# H0H0W = 
#	 0.000000e+00 2.948115e-03 8.808104e-01
#	 2.948115e-03 0.000000e+00 5.522707e-01
#	 8.808104e-01 5.522707e-01 0.000000e+00
# WH0W = 
#	 1.165801e-01 4.131803e-02 -3.111204e-01
#	 4.131803e-02 3.242254e-03 -2.143475e-01
#	 -3.111204e-01 -2.143475e-01 -1.198223e-01
#################################################
##            CALCULATION COMPLETED            ##
#################################################
# Psi[0]^2 = 0.660627 + I0.000000
# Psi[1]^2 = 0.299442 + I0.000000
# Psi[2]^2 = 0.039931 + I0.000000
# phi0 = 2.264801 
# phi1 = 2.275858 
# phi2 = 2.643597 
# Psi = 
#	6.247839e-01+i(-5.198769e-01)
#	4.167419e-01+i(-3.546381e-01)
#	9.545082e-02+i(-1.755570e-01)
#ProbSurv b 1-|Psi|^2 calls E tol dh dh(prev) dh(last)
 0.53746079336	1	-1.06581e-13	9001	1.64438e+06	0.0001	0.0001	0.0001	5e-05
