# a = 0.100000
# b = 1.000000
# E = 16.443844
# tol = 0.000100
# s12 = 0.554977
# s13 = 0.152971
# psi0 = 0.822075 + I0.000000	0.548446 + I0.000000	0.152971 + I0.000000
# dh = 0.000100
# out = data/E5.2e0.5_tol1e-4.log
# model = sun
# scan_steps = 100.000000
# H0 = 
#	 0.000000e+00 0.000000e+00 0.000000e+00
#	 0.000000e+00 8.086296e+03 0.000000e+00
#	 0.000000e+00 0.000000e+00 2.646559e+05
# W = 
#	 6.758072e-01 4.508635e-01 1.257533e-01
#	 4.508635e-01 3.007928e-01 8.389608e-02
#	 1.257533e-01 8.389608e-02 2.340000e-02
# H0W = 
#	 0.000000e+00 -3.645816e+03 -3.328135e+04
#	 3.645816e+03 0.000000e+00 -2.152518e+04
#	 3.328135e+04 2.152518e+04 0.000000e+00
# H0H0W = 
#	 0.000000e+00 2.948115e+07 8.808104e+09
#	 2.948115e+07 0.000000e+00 5.522707e+09
#	 8.808104e+09 5.522707e+09 0.000000e+00
# WH0W = 
#	 1.165801e+04 4.131803e+03 -3.111204e+04
#	 4.131803e+03 3.242254e+02 -2.143475e+04
#	 -3.111204e+04 -2.143475e+04 -1.198223e+04
#################################################
##            CALCULATION COMPLETED            ##
#################################################
# Psi[0]^2 = 0.032788 + I0.000000
# Psi[1]^2 = 0.939262 + I0.000000
# Psi[2]^2 = 0.027950 + I0.000000
# phi0 = -2.174491 
# phi1 = -1.683981 
# phi2 = -0.609921 
# Psi = 
#	-1.490680e-01+i(-1.027935e-01)
#	-9.629542e-01+i(-1.094595e-01)
#	-9.576288e-02+i(1.370387e-01)
#ProbSurv b 1-|Psi|^2 calls E tol dh dh(prev) dh(last)
 0.30533552464	1	-9.36984e-12	9001	16.4438	0.0001	0.0001	0.0001	5e-05
