# a = 0.100000
# b = 1.000000
# E = 164.438438
# tol = 0.000100
# s12 = 0.554977
# s13 = 0.152971
# psi0 = 0.822075 + I0.000000	0.548446 + I0.000000	0.152971 + I0.000000
# dh = 0.000100
# out = data/E5.2e1.5_tol1e-4.log
# model = sun
# scan_steps = 100.000000
# H0 = 
#	 0.000000e+00 0.000000e+00 0.000000e+00
#	 0.000000e+00 8.086296e+02 0.000000e+00
#	 0.000000e+00 0.000000e+00 2.646559e+04
# W = 
#	 6.758072e-01 4.508635e-01 1.257533e-01
#	 4.508635e-01 3.007928e-01 8.389608e-02
#	 1.257533e-01 8.389608e-02 2.340000e-02
# H0W = 
#	 0.000000e+00 -3.645816e+02 -3.328135e+03
#	 3.645816e+02 0.000000e+00 -2.152518e+03
#	 3.328135e+03 2.152518e+03 0.000000e+00
# H0H0W = 
#	 0.000000e+00 2.948115e+05 8.808104e+07
#	 2.948115e+05 0.000000e+00 5.522707e+07
#	 8.808104e+07 5.522707e+07 0.000000e+00
# WH0W = 
#	 1.165801e+03 4.131803e+02 -3.111204e+03
#	 4.131803e+02 3.242254e+01 -2.143475e+03
#	 -3.111204e+03 -2.143475e+03 -1.198223e+03
#################################################
##            CALCULATION COMPLETED            ##
#################################################
# Psi[0]^2 = 0.000302 + I0.000000
# Psi[1]^2 = 0.621866 + I0.000000
# Psi[2]^2 = 0.377832 + I0.000000
# phi0 = 2.639170 
# phi1 = 2.363257 
# phi2 = -1.280180 
# Psi = 
#	8.374948e-03+i(-1.524235e-02)
#	5.536616e-01+i(-5.615375e-01)
#	-5.889053e-01+i(1.761321e-01)
#ProbSurv b 1-|Psi|^2 calls E tol dh dh(prev) dh(last)
0.196098366283	1	1.1533e-12	9001	164.438	0.0001	0.0001	0.0001	5e-05
