# a = 0.100000
# b = 1.000000
# E = 520000.000000
# tol = 0.000100
# s12 = 0.554977
# s13 = 0.152971
# psi0 = 0.822075 + I0.000000	0.548446 + I0.000000	0.152971 + I0.000000
# dh = 0.000100
# out = data/E5.2e5.0_tol1e-4.log
# model = sun
# scan_steps = 100.000000
# H0 = 
#	 0.000000e+00 0.000000e+00 0.000000e+00
#	 0.000000e+00 2.557111e-01 0.000000e+00
#	 0.000000e+00 0.000000e+00 8.369154e+00
# W = 
#	 6.758072e-01 4.508635e-01 1.257533e-01
#	 4.508635e-01 3.007928e-01 8.389608e-02
#	 1.257533e-01 8.389608e-02 2.340000e-02
# H0W = 
#	 0.000000e+00 -1.152908e-01 -1.052449e+00
#	 1.152908e-01 0.000000e+00 -6.806860e-01
#	 1.052449e+00 6.806860e-01 0.000000e+00
# H0H0W = 
#	 0.000000e+00 2.948115e-02 8.808104e+00
#	 2.948115e-02 0.000000e+00 5.522707e+00
#	 8.808104e+00 5.522707e+00 0.000000e+00
# WH0W = 
#	 3.686586e-01 1.306591e-01 -9.838491e-01
#	 1.306591e-01 1.025291e-02 -6.778263e-01
#	 -9.838491e-01 -6.778263e-01 -3.789115e-01
#################################################
##            CALCULATION COMPLETED            ##
#################################################
# Psi[0]^2 = 0.612710 + I0.000000
# Psi[1]^2 = 0.289055 + I0.000000
# Psi[2]^2 = 0.098235 + I0.000000
# phi0 = 2.407895 
# phi1 = 2.442934 
# phi2 = -2.570367 
# Psi = 
#	5.241505e-01+i(-5.813569e-01)
#	3.458041e-01+i(-4.116728e-01)
#	-1.694575e-01+i(-2.636656e-01)
#ProbSurv b 1-|Psi|^2 calls E tol dh dh(prev) dh(last)
0.503317944744	1	-1.46105e-13	9001	520000	0.0001	0.0001	0.0001	5e-05
