# a = 0.100000
# b = 1.000000
# E = 5200.000000
# tol = 0.000100
# s12 = 0.554977
# s13 = 0.152971
# psi0 = 0.822075 + I0.000000	0.548446 + I0.000000	0.152971 + I0.000000
# dh = 0.000100
# out = data/E5.2e3.0_tol1e-4.log
# model = sun
# scan_steps = 100.000000
# H0 = 
#	 0.000000e+00 0.000000e+00 0.000000e+00
#	 0.000000e+00 2.557111e+01 0.000000e+00
#	 0.000000e+00 0.000000e+00 8.369154e+02
# W = 
#	 6.758072e-01 4.508635e-01 1.257533e-01
#	 4.508635e-01 3.007928e-01 8.389608e-02
#	 1.257533e-01 8.389608e-02 2.340000e-02
# H0W = 
#	 0.000000e+00 -1.152908e+01 -1.052449e+02
#	 1.152908e+01 0.000000e+00 -6.806860e+01
#	 1.052449e+02 6.806860e+01 0.000000e+00
# H0H0W = 
#	 0.000000e+00 2.948115e+02 8.808104e+04
#	 2.948115e+02 0.000000e+00 5.522707e+04
#	 8.808104e+04 5.522707e+04 0.000000e+00
# WH0W = 
#	 3.686586e+01 1.306591e+01 -9.838491e+01
#	 1.306591e+01 1.025291e+00 -6.778263e+01
#	 -9.838491e+01 -6.778263e+01 -3.789115e+01
#################################################
##            CALCULATION COMPLETED            ##
#################################################
# Psi[0]^2 = 0.000000 + I0.000000
# Psi[1]^2 = 0.000021 + I0.000000
# Psi[2]^2 = 0.999979 + I0.000000
# phi0 = 0.037505 
# phi1 = -1.189942 
# phi2 = -3.086655 
# Psi = 
#	1.415143e-05+i(3.771415e-04)
#	-4.242680e-03+i(1.698787e-03)
#	-5.490993e-02+i(-9.984808e-01)
#ProbSurv b 1-|Psi|^2 calls E tol dh dh(prev) dh(last)
0.0234058866105	1	-4.28546e-14	9001	5200	0.0001	0.0001	0.0001	5e-05
