# a = 0.100000
# b = 1.000000
# E = 164438.438329
# tol = 0.000100
# s12 = 0.554977
# s13 = 0.152971
# psi0 = 0.822075 + I0.000000	0.548446 + I0.000000	0.152971 + I0.000000
# dh = 0.000100
# out = data/E5.2e4.5_tol1e-4.log
# model = sun
# scan_steps = 100.000000
# H0 = 
#	 0.000000e+00 0.000000e+00 0.000000e+00
#	 0.000000e+00 8.086296e-01 0.000000e+00
#	 0.000000e+00 0.000000e+00 2.646559e+01
# W = 
#	 6.758072e-01 4.508635e-01 1.257533e-01
#	 4.508635e-01 3.007928e-01 8.389608e-02
#	 1.257533e-01 8.389608e-02 2.340000e-02
# H0W = 
#	 0.000000e+00 -3.645816e-01 -3.328135e+00
#	 3.645816e-01 0.000000e+00 -2.152518e+00
#	 3.328135e+00 2.152518e+00 0.000000e+00
# H0H0W = 
#	 0.000000e+00 2.948115e-01 8.808104e+01
#	 2.948115e-01 0.000000e+00 5.522707e+01
#	 8.808104e+01 5.522707e+01 0.000000e+00
# WH0W = 
#	 1.165801e+00 4.131803e-01 -3.111204e+00
#	 4.131803e-01 3.242254e-02 -2.143475e+00
#	 -3.111204e+00 -2.143475e+00 -1.198223e+00
#################################################
##            CALCULATION COMPLETED            ##
#################################################
# Psi[0]^2 = 0.453184 + I0.000000
# Psi[1]^2 = 0.241542 + I0.000000
# Psi[2]^2 = 0.305273 + I0.000000
# phi0 = 2.780359 
# phi1 = 2.893572 
# phi2 = 1.772275 
# Psi = 
#	2.379244e-01+i(-6.297430e-01)
#	1.206489e-01+i(-4.764308e-01)
#	5.413390e-01+i(-1.105686e-01)
#ProbSurv b 1-|Psi|^2 calls E tol dh dh(prev) dh(last)
0.386062770045	1	-9.79217e-14	9001	164438	0.0001	0.0001	0.0001	5e-05
