# a = 0.100000
# b = 1.000000
# E = 520.000000
# tol = 0.000100
# s12 = 0.554977
# s13 = 0.152971
# psi0 = 0.822075 + I0.000000	0.548446 + I0.000000	0.152971 + I0.000000
# dh = 0.000100
# out = data/E5.2e2.0_tol1e-4.log
# model = sun
# scan_steps = 100.000000
# H0 = 
#	 0.000000e+00 0.000000e+00 0.000000e+00
#	 0.000000e+00 2.557111e+02 0.000000e+00
#	 0.000000e+00 0.000000e+00 8.369154e+03
# W = 
#	 6.758072e-01 4.508635e-01 1.257533e-01
#	 4.508635e-01 3.007928e-01 8.389608e-02
#	 1.257533e-01 8.389608e-02 2.340000e-02
# H0W = 
#	 0.000000e+00 -1.152908e+02 -1.052449e+03
#	 1.152908e+02 0.000000e+00 -6.806860e+02
#	 1.052449e+03 6.806860e+02 0.000000e+00
# H0H0W = 
#	 0.000000e+00 2.948115e+04 8.808104e+06
#	 2.948115e+04 0.000000e+00 5.522707e+06
#	 8.808104e+06 5.522707e+06 0.000000e+00
# WH0W = 
#	 3.686586e+02 1.306591e+02 -9.838491e+02
#	 1.306591e+02 1.025291e+01 -6.778263e+02
#	 -9.838491e+02 -6.778263e+02 -3.789115e+02
#################################################
##            CALCULATION COMPLETED            ##
#################################################
# Psi[0]^2 = 0.000025 + I0.000000
# Psi[1]^2 = 0.006761 + I0.000000
# Psi[2]^2 = 0.993214 + I0.000000
# phi0 = 2.964401 
# phi1 = -1.080337 
# phi2 = -0.141619 
# Psi = 
#	8.887367e-04+i(-4.963070e-03)
#	-7.253037e-02+i(3.872964e-02)
#	-1.406663e-01+i(9.866240e-01)
#ProbSurv b 1-|Psi|^2 calls E tol dh dh(prev) dh(last)
0.0252919380376	1	-2.11386e-13	9001	520	0.0001	0.0001	0.0001	5e-05
