# a = 0.100000
# b = 1.000000
# E = 0.520000
# tol = 0.000100
# s12 = 0.554977
# s13 = 0.152971
# psi0 = 0.822075 + I0.000000	0.548446 + I0.000000	0.152971 + I0.000000
# dh = 0.000100
# out = data/E5.2e-1.0_tol1e-4.log
# model = sun
# scan_steps = 100.000000
# H0 = 
#	 0.000000e+00 0.000000e+00 0.000000e+00
#	 0.000000e+00 2.557111e+05 0.000000e+00
#	 0.000000e+00 0.000000e+00 8.369154e+06
# W = 
#	 6.758072e-01 4.508635e-01 1.257533e-01
#	 4.508635e-01 3.007928e-01 8.389608e-02
#	 1.257533e-01 8.389608e-02 2.340000e-02
# H0W = 
#	 0.000000e+00 -1.152908e+05 -1.052449e+06
#	 1.152908e+05 0.000000e+00 -6.806860e+05
#	 1.052449e+06 6.806860e+05 0.000000e+00
# H0H0W = 
#	 0.000000e+00 2.948115e+10 8.808104e+12
#	 2.948115e+10 0.000000e+00 5.522707e+12
#	 8.808104e+12 5.522707e+12 0.000000e+00
# WH0W = 
#	 3.686586e+05 1.306591e+05 -9.838491e+05
#	 1.306591e+05 1.025291e+04 -6.778263e+05
#	 -9.838491e+05 -6.778263e+05 -3.789115e+05
#################################################
##            CALCULATION COMPLETED            ##
#################################################
# Psi[0]^2 = 0.637379 + I0.000000
# Psi[1]^2 = 0.339093 + I0.000000
# Psi[2]^2 = 0.023527 + I0.000000
# phi0 = -2.681535 
# phi1 = -1.166540 
# phi2 = 2.304917 
# Psi = 
#	-3.544720e-01+i(-7.153523e-01)
#	-5.353796e-01+i(2.290460e-01)
#	1.138769e-01+i(-1.027586e-01)
#ProbSurv b 1-|Psi|^2 calls E tol dh dh(prev) dh(last)
0.533292940119	1	-1.25591e-11	1149953	0.52	0.0001	0.0001	7.82642e-07	6.38973e-07
