# a = 0.100000
# b = 1.000000
# E = 1644.384383
# tol = 0.000100
# s12 = 0.554977
# s13 = 0.152971
# psi0 = 0.822075 + I0.000000	0.548446 + I0.000000	0.152971 + I0.000000
# dh = 0.000100
# out = data/E5.2e2.5_tol1e-4.log
# model = sun
# scan_steps = 100.000000
# H0 = 
#	 0.000000e+00 0.000000e+00 0.000000e+00
#	 0.000000e+00 8.086296e+01 0.000000e+00
#	 0.000000e+00 0.000000e+00 2.646559e+03
# W = 
#	 6.758072e-01 4.508635e-01 1.257533e-01
#	 4.508635e-01 3.007928e-01 8.389608e-02
#	 1.257533e-01 8.389608e-02 2.340000e-02
# H0W = 
#	 0.000000e+00 -3.645816e+01 -3.328135e+02
#	 3.645816e+01 0.000000e+00 -2.152518e+02
#	 3.328135e+02 2.152518e+02 0.000000e+00
# H0H0W = 
#	 0.000000e+00 2.948115e+03 8.808104e+05
#	 2.948115e+03 0.000000e+00 5.522707e+05
#	 8.808104e+05 5.522707e+05 0.000000e+00
# WH0W = 
#	 1.165801e+02 4.131803e+01 -3.111204e+02
#	 4.131803e+01 3.242254e+00 -2.143475e+02
#	 -3.111204e+02 -2.143475e+02 -1.198223e+02
#################################################
##            CALCULATION COMPLETED            ##
#################################################
# Psi[0]^2 = 0.000002 + I0.000000
# Psi[1]^2 = 0.000373 + I0.000000
# Psi[2]^2 = 0.999625 + I0.000000
# phi0 = 2.385534 
# phi1 = -0.651765 
# phi2 = 1.536340 
# Psi = 
#	1.037098e-03+i(-1.099812e-03)
#	-1.171275e-02+i(1.535106e-02)
#	9.992190e-01+i(3.444302e-02)
#ProbSurv b 1-|Psi|^2 calls E tol dh dh(prev) dh(last)
0.0235049149701	1	-4.08562e-14	9001	1644.38	0.0001	0.0001	0.0001	5e-05
