# a = 0.100000
# b = 1.000000
# E = 5300.000000
# tol = 0.000100
# s12 = 0.554977
# s13 = 0.152971
# psi0 = 0.822075 + I0.000000	0.548446 + I0.000000	0.152971 + I0.000000
# dh = 0.000100
# out = data/E5.3e3.0_tol1e-4.log
# model = sun
# scan_steps = 100.000000
# H0 = 
#	 0.000000e+00 0.000000e+00 0.000000e+00
#	 0.000000e+00 2.508864e+01 0.000000e+00
#	 0.000000e+00 0.000000e+00 8.211245e+02
# W = 
#	 6.758072e-01 4.508635e-01 1.257533e-01
#	 4.508635e-01 3.007928e-01 8.389608e-02
#	 1.257533e-01 8.389608e-02 2.340000e-02
# H0W = 
#	 0.000000e+00 -1.131155e+01 -1.032591e+02
#	 1.131155e+01 0.000000e+00 -6.678429e+01
#	 1.032591e+02 6.678429e+01 0.000000e+00
# H0H0W = 
#	 0.000000e+00 2.837915e+02 8.478858e+04
#	 2.837915e+02 0.000000e+00 5.316269e+04
#	 8.478858e+04 5.316269e+04 0.000000e+00
# WH0W = 
#	 3.617028e+01 1.281938e+01 -9.652859e+01
#	 1.281938e+01 1.005946e+00 -6.650371e+01
#	 -9.652859e+01 -6.650371e+01 -3.717622e+01
#################################################
##            CALCULATION COMPLETED            ##
#################################################
# Psi[0]^2 = 0.000003 + I0.000000
# Psi[1]^2 = 0.000077 + I0.000000
# Psi[2]^2 = 0.999920 + I0.000000
# phi0 = 0.349050 
# phi1 = -0.176799 
# phi2 = -0.030133 
# Psi = 
#	5.884094e-04+i(1.616720e-03)
#	-1.542061e-03+i(8.631034e-03)
#	-3.012711e-02+i(9.995061e-01)
#ProbSurv b 1-|Psi|^2 calls E tol dh dh(prev) dh(last)
0.0234232550665	1	-6.81677e-14	9001	5300	0.0001	0.0001	0.0001	5e-05
