# a = 0.100000
# b = 1.000000
# E = 1676007.159889
# tol = 0.000100
# s12 = 0.554977
# s13 = 0.152971
# psi0 = 0.822075 + I0.000000	0.548446 + I0.000000	0.152971 + I0.000000
# dh = 0.000100
# out = data/E5.3e5.5_tol1e-4.log
# model = sun
# scan_steps = 100.000000
# H0 = 
#	 0.000000e+00 0.000000e+00 0.000000e+00
#	 0.000000e+00 7.933724e-02 0.000000e+00
#	 0.000000e+00 0.000000e+00 2.596624e+00
# W = 
#	 6.758072e-01 4.508635e-01 1.257533e-01
#	 4.508635e-01 3.007928e-01 8.389608e-02
#	 1.257533e-01 8.389608e-02 2.340000e-02
# H0W = 
#	 0.000000e+00 -3.577027e-02 -3.265340e-01
#	 3.577027e-02 0.000000e+00 -2.111905e-01
#	 3.265340e-01 2.111905e-01 0.000000e+00
# H0H0W = 
#	 0.000000e+00 2.837915e-03 8.478858e-01
#	 2.837915e-03 0.000000e+00 5.316269e-01
#	 8.478858e-01 5.316269e-01 0.000000e+00
# WH0W = 
#	 1.143805e-01 4.053845e-02 -3.052502e-01
#	 4.053845e-02 3.181079e-03 -2.103032e-01
#	 -3.052502e-01 -2.103032e-01 -1.175615e-01
#################################################
##            CALCULATION COMPLETED            ##
#################################################
# Psi[0]^2 = 0.660954 + I0.000000
# Psi[1]^2 = 0.299487 + I0.000000
# Psi[2]^2 = 0.039559 + I0.000000
# phi0 = 2.263541 
# phi1 = 2.274390 
# phi2 = 2.634894 
# Psi = 
#	6.255929e-01+i(-5.192181e-01)
#	4.172933e-01+i(-3.540525e-01)
#	9.652238e-02+i(-1.739041e-01)
#ProbSurv b 1-|Psi|^2 calls E tol dh dh(prev) dh(last)
0.537686605281	1	-1.08802e-13	9001	1.67601e+06	0.0001	0.0001	0.0001	5e-05
