# a = 0.100000
# b = 1.000000
# E = 16.760072
# tol = 0.000100
# s12 = 0.554977
# s13 = 0.152971
# psi0 = 0.822075 + I0.000000	0.548446 + I0.000000	0.152971 + I0.000000
# dh = 0.000100
# out = data/E5.3e0.5_tol1e-4.log
# model = sun
# scan_steps = 100.000000
# H0 = 
#	 0.000000e+00 0.000000e+00 0.000000e+00
#	 0.000000e+00 7.933724e+03 0.000000e+00
#	 0.000000e+00 0.000000e+00 2.596624e+05
# W = 
#	 6.758072e-01 4.508635e-01 1.257533e-01
#	 4.508635e-01 3.007928e-01 8.389608e-02
#	 1.257533e-01 8.389608e-02 2.340000e-02
# H0W = 
#	 0.000000e+00 -3.577027e+03 -3.265340e+04
#	 3.577027e+03 0.000000e+00 -2.111905e+04
#	 3.265340e+04 2.111905e+04 0.000000e+00
# H0H0W = 
#	 0.000000e+00 2.837915e+07 8.478858e+09
#	 2.837915e+07 0.000000e+00 5.316269e+09
#	 8.478858e+09 5.316269e+09 0.000000e+00
# WH0W = 
#	 1.143805e+04 4.053845e+03 -3.052502e+04
#	 4.053845e+03 3.181079e+02 -2.103032e+04
#	 -3.052502e+04 -2.103032e+04 -1.175615e+04
#################################################
##            CALCULATION COMPLETED            ##
#################################################
# Psi[0]^2 = 0.031449 + I0.000000
# Psi[1]^2 = 0.940427 + I0.000000
# Psi[2]^2 = 0.028124 + I0.000000
# phi0 = 2.917194 
# phi1 = 0.375436 
# phi2 = -2.238185 
# Psi = 
#	3.946138e-02+i(-1.728921e-01)
#	3.555883e-01+i(9.022106e-01)
#	-1.317201e-01+i(-1.037972e-01)
#ProbSurv b 1-|Psi|^2 calls E tol dh dh(prev) dh(last)
0.304785179041	1	-7.73226e-12	9001	16.7601	0.0001	0.0001	0.0001	5e-05
