# a = 0.100000
# b = 1.000000
# E = 5.300000
# tol = 0.000100
# s12 = 0.554977
# s13 = 0.152971
# psi0 = 0.822075 + I0.000000	0.548446 + I0.000000	0.152971 + I0.000000
# dh = 0.000100
# out = data/E5.3e0.0_tol1e-4.log
# model = sun
# scan_steps = 100.000000
# H0 = 
#	 0.000000e+00 0.000000e+00 0.000000e+00
#	 0.000000e+00 2.508864e+04 0.000000e+00
#	 0.000000e+00 0.000000e+00 8.211245e+05
# W = 
#	 6.758072e-01 4.508635e-01 1.257533e-01
#	 4.508635e-01 3.007928e-01 8.389608e-02
#	 1.257533e-01 8.389608e-02 2.340000e-02
# H0W = 
#	 0.000000e+00 -1.131155e+04 -1.032591e+05
#	 1.131155e+04 0.000000e+00 -6.678429e+04
#	 1.032591e+05 6.678429e+04 0.000000e+00
# H0H0W = 
#	 0.000000e+00 2.837915e+08 8.478858e+10
#	 2.837915e+08 0.000000e+00 5.316269e+10
#	 8.478858e+10 5.316269e+10 0.000000e+00
# WH0W = 
#	 3.617028e+04 1.281938e+04 -9.652859e+04
#	 1.281938e+04 1.005946e+03 -6.650371e+04
#	 -9.652859e+04 -6.650371e+04 -3.717622e+04
#################################################
##            CALCULATION COMPLETED            ##
#################################################
# Psi[0]^2 = 0.251799 + I0.000000
# Psi[1]^2 = 0.723455 + I0.000000
# Psi[2]^2 = 0.024746 + I0.000000
# phi0 = -2.495077 
# phi1 = 2.786755 
# phi2 = -0.558381 
# Psi = 
#	-3.022862e-01+i(-4.005275e-01)
#	2.955176e-01+i(-7.975738e-01)
#	-8.334453e-02+i(1.334161e-01)
#ProbSurv b 1-|Psi|^2 calls E tol dh dh(prev) dh(last)
0.388356742431	1	-6.18483e-12	33585	5.3	0.0001	0.0001	2.67992e-05	1.54323e-05
