# a = 0.100000
# b = 1.000000
# E = 1.676007
# tol = 0.000100
# s12 = 0.554977
# s13 = 0.152971
# psi0 = 0.822075 + I0.000000	0.548446 + I0.000000	0.152971 + I0.000000
# dh = 0.000100
# out = data/E5.3e-0.5_tol1e-4.log
# model = sun
# scan_steps = 100.000000
# H0 = 
#	 0.000000e+00 0.000000e+00 0.000000e+00
#	 0.000000e+00 7.933724e+04 0.000000e+00
#	 0.000000e+00 0.000000e+00 2.596624e+06
# W = 
#	 6.758072e-01 4.508635e-01 1.257533e-01
#	 4.508635e-01 3.007928e-01 8.389608e-02
#	 1.257533e-01 8.389608e-02 2.340000e-02
# H0W = 
#	 0.000000e+00 -3.577027e+04 -3.265340e+05
#	 3.577027e+04 0.000000e+00 -2.111905e+05
#	 3.265340e+05 2.111905e+05 0.000000e+00
# H0H0W = 
#	 0.000000e+00 2.837915e+09 8.478858e+11
#	 2.837915e+09 0.000000e+00 5.316269e+11
#	 8.478858e+11 5.316269e+11 0.000000e+00
# WH0W = 
#	 1.143805e+05 4.053845e+04 -3.052502e+05
#	 4.053845e+04 3.181079e+03 -2.103032e+05
#	 -3.052502e+05 -2.103032e+05 -1.175615e+05
#################################################
##            CALCULATION COMPLETED            ##
#################################################
# Psi[0]^2 = 0.541222 + I0.000000
# Psi[1]^2 = 0.434964 + I0.000000
# Psi[2]^2 = 0.023814 + I0.000000
# phi0 = -0.732616 
# phi1 = -1.372685 
# phi2 = 2.279156 
# Psi = 
#	-4.920337e-01+i(5.469231e-01)
#	-6.466179e-01+i(1.298049e-01)
#	1.171933e-01+i(-1.003972e-01)
#ProbSurv b 1-|Psi|^2 calls E tol dh dh(prev) dh(last)
0.497153073995	1	3.02441e-11	219840	1.67601	0.0001	0.0001	4.09391e-06	3.37175e-06
