# a = 0.100000
# b = 1.000000
# E = 1676.007160
# tol = 0.000100
# s12 = 0.554977
# s13 = 0.152971
# psi0 = 0.822075 + I0.000000	0.548446 + I0.000000	0.152971 + I0.000000
# dh = 0.000100
# out = data/E5.3e2.5_tol1e-4.log
# model = sun
# scan_steps = 100.000000
# H0 = 
#	 0.000000e+00 0.000000e+00 0.000000e+00
#	 0.000000e+00 7.933724e+01 0.000000e+00
#	 0.000000e+00 0.000000e+00 2.596624e+03
# W = 
#	 6.758072e-01 4.508635e-01 1.257533e-01
#	 4.508635e-01 3.007928e-01 8.389608e-02
#	 1.257533e-01 8.389608e-02 2.340000e-02
# H0W = 
#	 0.000000e+00 -3.577027e+01 -3.265340e+02
#	 3.577027e+01 0.000000e+00 -2.111905e+02
#	 3.265340e+02 2.111905e+02 0.000000e+00
# H0H0W = 
#	 0.000000e+00 2.837915e+03 8.478858e+05
#	 2.837915e+03 0.000000e+00 5.316269e+05
#	 8.478858e+05 5.316269e+05 0.000000e+00
# WH0W = 
#	 1.143805e+02 4.053845e+01 -3.052502e+02
#	 4.053845e+01 3.181079e+00 -2.103032e+02
#	 -3.052502e+02 -2.103032e+02 -1.175615e+02
#################################################
##            CALCULATION COMPLETED            ##
#################################################
# Psi[0]^2 = 0.000003 + I0.000000
# Psi[1]^2 = 0.000356 + I0.000000
# Psi[2]^2 = 0.999641 + I0.000000
# phi0 = 1.877307 
# phi1 = 1.444710 
# phi2 = -2.381040 
# Psi = 
#	1.656480e-03+i(-5.242497e-04)
#	1.871014e-02+i(2.371674e-03)
#	-6.891980e-01+i(-7.243255e-01)
#ProbSurv b 1-|Psi|^2 calls E tol dh dh(prev) dh(last)
0.0235006364373	1	-1.19904e-14	9001	1676.01	0.0001	0.0001	0.0001	5e-05
