# a = 0.100000
# b = 1.000000
# E = 53.000000
# tol = 0.000100
# s12 = 0.554977
# s13 = 0.152971
# psi0 = 0.822075 + I0.000000	0.548446 + I0.000000	0.152971 + I0.000000
# dh = 0.000100
# out = data/E5.3e1.0_tol1e-4.log
# model = sun
# scan_steps = 100.000000
# H0 = 
#	 0.000000e+00 0.000000e+00 0.000000e+00
#	 0.000000e+00 2.508864e+03 0.000000e+00
#	 0.000000e+00 0.000000e+00 8.211245e+04
# W = 
#	 6.758072e-01 4.508635e-01 1.257533e-01
#	 4.508635e-01 3.007928e-01 8.389608e-02
#	 1.257533e-01 8.389608e-02 2.340000e-02
# H0W = 
#	 0.000000e+00 -1.131155e+03 -1.032591e+04
#	 1.131155e+03 0.000000e+00 -6.678429e+03
#	 1.032591e+04 6.678429e+03 0.000000e+00
# H0H0W = 
#	 0.000000e+00 2.837915e+06 8.478858e+08
#	 2.837915e+06 0.000000e+00 5.316269e+08
#	 8.478858e+08 5.316269e+08 0.000000e+00
# WH0W = 
#	 3.617028e+03 1.281938e+03 -9.652859e+03
#	 1.281938e+03 1.005946e+02 -6.650371e+03
#	 -9.652859e+03 -6.650371e+03 -3.717622e+03
#################################################
##            CALCULATION COMPLETED            ##
#################################################
# Psi[0]^2 = 0.002795 + I0.000000
# Psi[1]^2 = 0.951619 + I0.000000
# Psi[2]^2 = 0.045586 + I0.000000
# phi0 = 0.374947 
# phi1 = 2.605066 
# phi2 = 3.052541 
# Psi = 
#	1.936048e-02+i(4.919248e-02)
#	4.986358e-01+i(-8.384398e-01)
#	1.898819e-02+i(-2.126633e-01)
#ProbSurv b 1-|Psi|^2 calls E tol dh dh(prev) dh(last)
0.289195573497	1	-8.69527e-13	9001	53	0.0001	0.0001	0.0001	5e-05
