# a = 0.100000
# b = 1.000000
# E = 530000.000000
# tol = 0.000100
# s12 = 0.554977
# s13 = 0.152971
# psi0 = 0.822075 + I0.000000	0.548446 + I0.000000	0.152971 + I0.000000
# dh = 0.000100
# out = data/E5.3e5.0_tol1e-4.log
# model = sun
# scan_steps = 100.000000
# H0 = 
#	 0.000000e+00 0.000000e+00 0.000000e+00
#	 0.000000e+00 2.508864e-01 0.000000e+00
#	 0.000000e+00 0.000000e+00 8.211245e+00
# W = 
#	 6.758072e-01 4.508635e-01 1.257533e-01
#	 4.508635e-01 3.007928e-01 8.389608e-02
#	 1.257533e-01 8.389608e-02 2.340000e-02
# H0W = 
#	 0.000000e+00 -1.131155e-01 -1.032591e+00
#	 1.131155e-01 0.000000e+00 -6.678429e-01
#	 1.032591e+00 6.678429e-01 0.000000e+00
# H0H0W = 
#	 0.000000e+00 2.837915e-02 8.478858e+00
#	 2.837915e-02 0.000000e+00 5.316269e+00
#	 8.478858e+00 5.316269e+00 0.000000e+00
# WH0W = 
#	 3.617028e-01 1.281938e-01 -9.652859e-01
#	 1.281938e-01 1.005946e-02 -6.650371e-01
#	 -9.652859e-01 -6.650371e-01 -3.717622e-01
#################################################
##            CALCULATION COMPLETED            ##
#################################################
# Psi[0]^2 = 0.614282 + I0.000000
# Psi[1]^2 = 0.289474 + I0.000000
# Psi[2]^2 = 0.096245 + I0.000000
# phi0 = 2.404042 
# phi1 = 2.438413 
# phi2 = -2.601705 
# Psi = 
#	5.270618e-01+i(-5.800755e-01)
#	3.479135e-01+i(-4.104021e-01)
#	-1.594721e-01+i(-2.661074e-01)
#ProbSurv b 1-|Psi|^2 calls E tol dh dh(prev) dh(last)
0.504459791257	1	-1.18794e-13	9001	530000	0.0001	0.0001	0.0001	5e-05
