# a = 0.100000
# b = 1.000000
# E = 53000.000000
# tol = 0.000100
# s12 = 0.554977
# s13 = 0.152971
# psi0 = 0.822075 + I0.000000	0.548446 + I0.000000	0.152971 + I0.000000
# dh = 0.000100
# out = data/E5.3e4.0_tol1e-4.log
# model = sun
# scan_steps = 100.000000
# H0 = 
#	 0.000000e+00 0.000000e+00 0.000000e+00
#	 0.000000e+00 2.508864e+00 0.000000e+00
#	 0.000000e+00 0.000000e+00 8.211245e+01
# W = 
#	 6.758072e-01 4.508635e-01 1.257533e-01
#	 4.508635e-01 3.007928e-01 8.389608e-02
#	 1.257533e-01 8.389608e-02 2.340000e-02
# H0W = 
#	 0.000000e+00 -1.131155e+00 -1.032591e+01
#	 1.131155e+00 0.000000e+00 -6.678429e+00
#	 1.032591e+01 6.678429e+00 0.000000e+00
# H0H0W = 
#	 0.000000e+00 2.837915e+00 8.478858e+02
#	 2.837915e+00 0.000000e+00 5.316269e+02
#	 8.478858e+02 5.316269e+02 0.000000e+00
# WH0W = 
#	 3.617028e+00 1.281938e+00 -9.652859e+00
#	 1.281938e+00 1.005946e-01 -6.650371e+00
#	 -9.652859e+00 -6.650371e+00 -3.717622e+00
#################################################
##            CALCULATION COMPLETED            ##
#################################################
# Psi[0]^2 = 0.180289 + I0.000000
# Psi[1]^2 = 0.139678 + I0.000000
# Psi[2]^2 = 0.680032 + I0.000000
# phi0 = -2.470768 
# phi1 = -2.113821 
# phi2 = 2.117948 
# Psi = 
#	-2.639482e-01+i(-3.325969e-01)
#	-3.199737e-01+i(-1.931197e-01)
#	7.042513e-01+i(-4.290248e-01)
#ProbSurv b 1-|Psi|^2 calls E tol dh dh(prev) dh(last)
0.179767845063	1	-9.92539e-14	9001	53000	0.0001	0.0001	0.0001	5e-05
