# a = 0.100000
# b = 1.000000
# E = 167600.715989
# tol = 0.000100
# s12 = 0.554977
# s13 = 0.152971
# psi0 = 0.822075 + I0.000000	0.548446 + I0.000000	0.152971 + I0.000000
# dh = 0.000100
# out = data/E5.3e4.5_tol1e-4.log
# model = sun
# scan_steps = 100.000000
# H0 = 
#	 0.000000e+00 0.000000e+00 0.000000e+00
#	 0.000000e+00 7.933724e-01 0.000000e+00
#	 0.000000e+00 0.000000e+00 2.596624e+01
# W = 
#	 6.758072e-01 4.508635e-01 1.257533e-01
#	 4.508635e-01 3.007928e-01 8.389608e-02
#	 1.257533e-01 8.389608e-02 2.340000e-02
# H0W = 
#	 0.000000e+00 -3.577027e-01 -3.265340e+00
#	 3.577027e-01 0.000000e+00 -2.111905e+00
#	 3.265340e+00 2.111905e+00 0.000000e+00
# H0H0W = 
#	 0.000000e+00 2.837915e-01 8.478858e+01
#	 2.837915e-01 0.000000e+00 5.316269e+01
#	 8.478858e+01 5.316269e+01 0.000000e+00
# WH0W = 
#	 1.143805e+00 4.053845e-01 -3.052502e+00
#	 4.053845e-01 3.181079e-02 -2.103032e+00
#	 -3.052502e+00 -2.103032e+00 -1.175615e+00
#################################################
##            CALCULATION COMPLETED            ##
#################################################
# Psi[0]^2 = 0.456009 + I0.000000
# Psi[1]^2 = 0.242254 + I0.000000
# Psi[2]^2 = 0.301738 + I0.000000
# phi0 = 2.770276 
# phi1 = 2.881447 
# phi2 = 1.631068 
# Psi = 
#	2.450218e-01+i(-6.292637e-01)
#	1.266023e-01+i(-4.756315e-01)
#	5.483094e-01+i(-3.308752e-02)
#ProbSurv b 1-|Psi|^2 calls E tol dh dh(prev) dh(last)
0.388102619557	1	-1.22347e-13	9001	167601	0.0001	0.0001	0.0001	5e-05
