# a = 0.100000
# b = 1.000000
# E = 1707.629936
# tol = 0.000100
# s12 = 0.554977
# s13 = 0.152971
# psi0 = 0.822075 + I0.000000	0.548446 + I0.000000	0.152971 + I0.000000
# dh = 0.000100
# out = data/E5.4e2.5_tol1e-4.log
# model = sun
# scan_steps = 100.000000
# H0 = 
#	 0.000000e+00 0.000000e+00 0.000000e+00
#	 0.000000e+00 7.786803e+01 0.000000e+00
#	 0.000000e+00 0.000000e+00 2.548538e+03
# W = 
#	 6.758072e-01 4.508635e-01 1.257533e-01
#	 4.508635e-01 3.007928e-01 8.389608e-02
#	 1.257533e-01 8.389608e-02 2.340000e-02
# H0W = 
#	 0.000000e+00 -3.510786e+01 -3.204870e+02
#	 3.510786e+01 0.000000e+00 -2.072795e+02
#	 3.204870e+02 2.072795e+02 0.000000e+00
# H0H0W = 
#	 0.000000e+00 2.733780e+03 8.167734e+05
#	 2.733780e+03 0.000000e+00 5.121193e+05
#	 8.167734e+05 5.121193e+05 0.000000e+00
# WH0W = 
#	 1.122623e+02 3.978773e+01 -2.995974e+02
#	 3.978773e+01 3.122170e+00 -2.064087e+02
#	 -2.995974e+02 -2.064087e+02 -1.153845e+02
#################################################
##            CALCULATION COMPLETED            ##
#################################################
# Psi[0]^2 = 0.000002 + I0.000000
# Psi[1]^2 = 0.000342 + I0.000000
# Psi[2]^2 = 0.999656 + I0.000000
# phi0 = 1.501342 
# phi1 = -2.436836 
# phi2 = 1.376182 
# Psi = 
#	1.542063e-03+i(1.072755e-04)
#	-1.198001e-02+i(-1.408663e-02)
#	9.809534e-01+i(1.933549e-01)
#ProbSurv b 1-|Psi|^2 calls E tol dh dh(prev) dh(last)
0.0234964144102	1	-1.82077e-14	9001	1707.63	0.0001	0.0001	0.0001	5e-05
