# a = 0.100000
# b = 1.000000
# E = 170.762994
# tol = 0.000100
# s12 = 0.554977
# s13 = 0.152971
# psi0 = 0.822075 + I0.000000	0.548446 + I0.000000	0.152971 + I0.000000
# dh = 0.000100
# out = data/E5.4e1.5_tol1e-4.log
# model = sun
# scan_steps = 100.000000
# H0 = 
#	 0.000000e+00 0.000000e+00 0.000000e+00
#	 0.000000e+00 7.786803e+02 0.000000e+00
#	 0.000000e+00 0.000000e+00 2.548538e+04
# W = 
#	 6.758072e-01 4.508635e-01 1.257533e-01
#	 4.508635e-01 3.007928e-01 8.389608e-02
#	 1.257533e-01 8.389608e-02 2.340000e-02
# H0W = 
#	 0.000000e+00 -3.510786e+02 -3.204870e+03
#	 3.510786e+02 0.000000e+00 -2.072795e+03
#	 3.204870e+03 2.072795e+03 0.000000e+00
# H0H0W = 
#	 0.000000e+00 2.733780e+05 8.167734e+07
#	 2.733780e+05 0.000000e+00 5.121193e+07
#	 8.167734e+07 5.121193e+07 0.000000e+00
# WH0W = 
#	 1.122623e+03 3.978773e+02 -2.995974e+03
#	 3.978773e+02 3.122170e+01 -2.064087e+03
#	 -2.995974e+03 -2.064087e+03 -1.153845e+03
#################################################
##            CALCULATION COMPLETED            ##
#################################################
# Psi[0]^2 = 0.000238 + I0.000000
# Psi[1]^2 = 0.569299 + I0.000000
# Psi[2]^2 = 0.430463 + I0.000000
# phi0 = -2.961217 
# phi1 = 0.864399 
# phi2 = 1.440617 
# Psi = 
#	-2.767983e-03+i(-1.517883e-02)
#	5.739668e-01+i(4.897562e-01)
#	6.505453e-01+i(8.516908e-02)
#ProbSurv b 1-|Psi|^2 calls E tol dh dh(prev) dh(last)
 0.18147474634	1	9.90985e-13	9001	170.763	0.0001	0.0001	0.0001	5e-05
