# a = 0.100000
# b = 1.000000
# E = 54.000000
# tol = 0.000100
# s12 = 0.554977
# s13 = 0.152971
# psi0 = 0.822075 + I0.000000	0.548446 + I0.000000	0.152971 + I0.000000
# dh = 0.000100
# out = data/E5.4e1.0_tol1e-4.log
# model = sun
# scan_steps = 100.000000
# H0 = 
#	 0.000000e+00 0.000000e+00 0.000000e+00
#	 0.000000e+00 2.462403e+03 0.000000e+00
#	 0.000000e+00 0.000000e+00 8.059185e+04
# W = 
#	 6.758072e-01 4.508635e-01 1.257533e-01
#	 4.508635e-01 3.007928e-01 8.389608e-02
#	 1.257533e-01 8.389608e-02 2.340000e-02
# H0W = 
#	 0.000000e+00 -1.110208e+03 -1.013469e+04
#	 1.110208e+03 0.000000e+00 -6.554754e+03
#	 1.013469e+04 6.554754e+03 0.000000e+00
# H0H0W = 
#	 0.000000e+00 2.733780e+06 8.167734e+08
#	 2.733780e+06 0.000000e+00 5.121193e+08
#	 8.167734e+08 5.121193e+08 0.000000e+00
# WH0W = 
#	 3.550046e+03 1.258199e+03 -9.474102e+03
#	 1.258199e+03 9.873170e+01 -6.527216e+03
#	 -9.474102e+03 -6.527216e+03 -3.648777e+03
#################################################
##            CALCULATION COMPLETED            ##
#################################################
# Psi[0]^2 = 0.002686 + I0.000000
# Psi[1]^2 = 0.953877 + I0.000000
# Psi[2]^2 = 0.043436 + I0.000000
# phi0 = 1.330869 
# phi1 = -2.666455 
# phi2 = -1.824733 
# Psi = 
#	5.034623e-02+i(1.231671e-02)
#	-4.467864e-01+i(-8.684811e-01)
#	-2.017297e-01+i(-5.235687e-02)
#ProbSurv b 1-|Psi|^2 calls E tol dh dh(prev) dh(last)
0.289751385179	1	-1.1886e-12	9001	54	0.0001	0.0001	0.0001	5e-05
