# a = 0.100000
# b = 1.000000
# E = 170762.993649
# tol = 0.000100
# s12 = 0.554977
# s13 = 0.152971
# psi0 = 0.822075 + I0.000000	0.548446 + I0.000000	0.152971 + I0.000000
# dh = 0.000100
# out = data/E5.4e4.5_tol1e-4.log
# model = sun
# scan_steps = 100.000000
# H0 = 
#	 0.000000e+00 0.000000e+00 0.000000e+00
#	 0.000000e+00 7.786803e-01 0.000000e+00
#	 0.000000e+00 0.000000e+00 2.548538e+01
# W = 
#	 6.758072e-01 4.508635e-01 1.257533e-01
#	 4.508635e-01 3.007928e-01 8.389608e-02
#	 1.257533e-01 8.389608e-02 2.340000e-02
# H0W = 
#	 0.000000e+00 -3.510786e-01 -3.204870e+00
#	 3.510786e-01 0.000000e+00 -2.072795e+00
#	 3.204870e+00 2.072795e+00 0.000000e+00
# H0H0W = 
#	 0.000000e+00 2.733780e-01 8.167734e+01
#	 2.733780e-01 0.000000e+00 5.121193e+01
#	 8.167734e+01 5.121193e+01 0.000000e+00
# WH0W = 
#	 1.122623e+00 3.978773e-01 -2.995974e+00
#	 3.978773e-01 3.122170e-02 -2.064087e+00
#	 -2.995974e+00 -2.064087e+00 -1.153845e+00
#################################################
##            CALCULATION COMPLETED            ##
#################################################
# Psi[0]^2 = 0.458743 + I0.000000
# Psi[1]^2 = 0.242944 + I0.000000
# Psi[2]^2 = 0.298313 + I0.000000
# phi0 = 2.760671 
# phi1 = 2.869866 
# phi2 = 1.496154 
# Psi = 
#	2.518062e-01+i(-6.287578e-01)
#	1.322902e-01+i(-4.748092e-01)
#	5.446594e-01+i(4.073028e-02)
#ProbSurv b 1-|Psi|^2 calls E tol dh dh(prev) dh(last)
0.390078062488	1	-1.17684e-13	9001	170763	0.0001	0.0001	0.0001	5e-05
