# a = 0.100000
# b = 1.000000
# E = 5.400000
# tol = 0.000100
# s12 = 0.554977
# s13 = 0.152971
# psi0 = 0.822075 + I0.000000	0.548446 + I0.000000	0.152971 + I0.000000
# dh = 0.000100
# out = data/E5.4e0.0_tol1e-4.log
# model = sun
# scan_steps = 100.000000
# H0 = 
#	 0.000000e+00 0.000000e+00 0.000000e+00
#	 0.000000e+00 2.462403e+04 0.000000e+00
#	 0.000000e+00 0.000000e+00 8.059185e+05
# W = 
#	 6.758072e-01 4.508635e-01 1.257533e-01
#	 4.508635e-01 3.007928e-01 8.389608e-02
#	 1.257533e-01 8.389608e-02 2.340000e-02
# H0W = 
#	 0.000000e+00 -1.110208e+04 -1.013469e+05
#	 1.110208e+04 0.000000e+00 -6.554754e+04
#	 1.013469e+05 6.554754e+04 0.000000e+00
# H0H0W = 
#	 0.000000e+00 2.733780e+08 8.167734e+10
#	 2.733780e+08 0.000000e+00 5.121193e+10
#	 8.167734e+10 5.121193e+10 0.000000e+00
# WH0W = 
#	 3.550046e+04 1.258199e+04 -9.474102e+04
#	 1.258199e+04 9.873170e+02 -6.527216e+04
#	 -9.474102e+04 -6.527216e+04 -3.648777e+04
#################################################
##            CALCULATION COMPLETED            ##
#################################################
# Psi[0]^2 = 0.245875 + I0.000000
# Psi[1]^2 = 0.729353 + I0.000000
# Psi[2]^2 = 0.024773 + I0.000000
# phi0 = -0.756916 
# phi1 = -2.418951 
# phi2 = -1.175797 
# Psi = 
#	-3.404967e-01+i(3.604671e-01)
#	-5.648226e-01+i(-6.405688e-01)
#	-1.452731e-01+i(6.056599e-02)
#ProbSurv b 1-|Psi|^2 calls E tol dh dh(prev) dh(last)
0.386127577398	1	-9.99001e-12	33373	5.4	0.0001	0.0001	2.69691e-05	2.03707e-05
