# a = 0.100000
# b = 1.000000
# E = 54000.000000
# tol = 0.000100
# s12 = 0.554977
# s13 = 0.152971
# psi0 = 0.822075 + I0.000000	0.548446 + I0.000000	0.152971 + I0.000000
# dh = 0.000100
# out = data/E5.4e4.0_tol1e-4.log
# model = sun
# scan_steps = 100.000000
# H0 = 
#	 0.000000e+00 0.000000e+00 0.000000e+00
#	 0.000000e+00 2.462403e+00 0.000000e+00
#	 0.000000e+00 0.000000e+00 8.059185e+01
# W = 
#	 6.758072e-01 4.508635e-01 1.257533e-01
#	 4.508635e-01 3.007928e-01 8.389608e-02
#	 1.257533e-01 8.389608e-02 2.340000e-02
# H0W = 
#	 0.000000e+00 -1.110208e+00 -1.013469e+01
#	 1.110208e+00 0.000000e+00 -6.554754e+00
#	 1.013469e+01 6.554754e+00 0.000000e+00
# H0H0W = 
#	 0.000000e+00 2.733780e+00 8.167734e+02
#	 2.733780e+00 0.000000e+00 5.121193e+02
#	 8.167734e+02 5.121193e+02 0.000000e+00
# WH0W = 
#	 3.550046e+00 1.258199e+00 -9.474102e+00
#	 1.258199e+00 9.873170e-02 -6.527216e+00
#	 -9.474102e+00 -6.527216e+00 -3.648777e+00
#################################################
##            CALCULATION COMPLETED            ##
#################################################
# Psi[0]^2 = 0.184079 + I0.000000
# Psi[1]^2 = 0.141478 + I0.000000
# Psi[2]^2 = 0.674444 + I0.000000
# phi0 = -2.495432 
# phi1 = -2.144948 
# phi2 = 1.530085 
# Psi = 
#	-2.583383e-01+i(-3.425493e-01)
#	-3.158231e-01+i(-2.042875e-01)
#	8.205647e-01+i(3.342460e-02)
#ProbSurv b 1-|Psi|^2 calls E tol dh dh(prev) dh(last)
0.182739150531	1	-1.16795e-13	9001	54000	0.0001	0.0001	0.0001	5e-05
