# a = 0.100000
# b = 1.000000
# E = 17076.299365
# tol = 0.000100
# s12 = 0.554977
# s13 = 0.152971
# psi0 = 0.822075 + I0.000000	0.548446 + I0.000000	0.152971 + I0.000000
# dh = 0.000100
# out = data/E5.4e3.5_tol1e-4.log
# model = sun
# scan_steps = 100.000000
# H0 = 
#	 0.000000e+00 0.000000e+00 0.000000e+00
#	 0.000000e+00 7.786803e+00 0.000000e+00
#	 0.000000e+00 0.000000e+00 2.548538e+02
# W = 
#	 6.758072e-01 4.508635e-01 1.257533e-01
#	 4.508635e-01 3.007928e-01 8.389608e-02
#	 1.257533e-01 8.389608e-02 2.340000e-02
# H0W = 
#	 0.000000e+00 -3.510786e+00 -3.204870e+01
#	 3.510786e+00 0.000000e+00 -2.072795e+01
#	 3.204870e+01 2.072795e+01 0.000000e+00
# H0H0W = 
#	 0.000000e+00 2.733780e+01 8.167734e+03
#	 2.733780e+01 0.000000e+00 5.121193e+03
#	 8.167734e+03 5.121193e+03 0.000000e+00
# WH0W = 
#	 1.122623e+01 3.978773e+00 -2.995974e+01
#	 3.978773e+00 3.122170e-01 -2.064087e+01
#	 -2.995974e+01 -2.064087e+01 -1.153845e+01
#################################################
##            CALCULATION COMPLETED            ##
#################################################
# Psi[0]^2 = 0.008211 + I0.000000
# Psi[1]^2 = 0.020732 + I0.000000
# Psi[2]^2 = 0.971057 + I0.000000
# phi0 = 0.299744 
# phi1 = 1.479399 
# phi2 = -1.746380 
# Psi = 
#	2.675574e-02+i(8.657246e-02)
#	1.433851e-01+i(1.314163e-02)
#	-9.702714e-01+i(-1.721361e-01)
#ProbSurv b 1-|Psi|^2 calls E tol dh dh(prev) dh(last)
0.0345075967416	1	-8.4821e-14	9001	17076.3	0.0001	0.0001	0.0001	5e-05
