# a = 0.100000
# b = 1.000000
# E = 0.550000
# tol = 0.000100
# s12 = 0.554977
# s13 = 0.152971
# psi0 = 0.822075 + I0.000000	0.548446 + I0.000000	0.152971 + I0.000000
# dh = 0.000100
# out = data/E5.5e-1.0_tol1e-4.log
# model = sun
# scan_steps = 100.000000
# H0 = 
#	 0.000000e+00 0.000000e+00 0.000000e+00
#	 0.000000e+00 2.417632e+05 0.000000e+00
#	 0.000000e+00 0.000000e+00 7.912655e+06
# W = 
#	 6.758072e-01 4.508635e-01 1.257533e-01
#	 4.508635e-01 3.007928e-01 8.389608e-02
#	 1.257533e-01 8.389608e-02 2.340000e-02
# H0W = 
#	 0.000000e+00 -1.090022e+05 -9.950423e+05
#	 1.090022e+05 0.000000e+00 -6.435577e+05
#	 9.950423e+05 6.435577e+05 0.000000e+00
# H0H0W = 
#	 0.000000e+00 2.635273e+10 7.873426e+12
#	 2.635273e+10 0.000000e+00 4.936661e+12
#	 7.873426e+12 4.936661e+12 0.000000e+00
# WH0W = 
#	 3.485499e+05 1.235322e+05 -9.301846e+05
#	 1.235322e+05 9.693658e+03 -6.408540e+05
#	 -9.301846e+05 -6.408540e+05 -3.582436e+05
#################################################
##            CALCULATION COMPLETED            ##
#################################################
# Psi[0]^2 = 0.635057 + I0.000000
# Psi[1]^2 = 0.341409 + I0.000000
# Psi[2]^2 = 0.023535 + I0.000000
# phi0 = 2.397386 
# phi1 = 0.746283 
# phi2 = -2.140842 
# Psi = 
#	5.398137e-01+i(-5.862233e-01)
#	3.966911e-01+i(4.290045e-01)
#	-1.291523e-01+i(-8.279089e-02)
#ProbSurv b 1-|Psi|^2 calls E tol dh dh(prev) dh(last)
0.532419851405	1	5.64703e-11	851990	0.55	0.0001	0.0001	1.05635e-06	1.01612e-06
