# a = 0.100000
# b = 1.000000
# E = 1739252.713093
# tol = 0.000100
# s12 = 0.554977
# s13 = 0.152971
# psi0 = 0.822075 + I0.000000	0.548446 + I0.000000	0.152971 + I0.000000
# dh = 0.000100
# out = data/E5.5e5.5_tol1e-4.log
# model = sun
# scan_steps = 100.000000
# H0 = 
#	 0.000000e+00 0.000000e+00 0.000000e+00
#	 0.000000e+00 7.645225e-02 0.000000e+00
#	 0.000000e+00 0.000000e+00 2.502201e+00
# W = 
#	 6.758072e-01 4.508635e-01 1.257533e-01
#	 4.508635e-01 3.007928e-01 8.389608e-02
#	 1.257533e-01 8.389608e-02 2.340000e-02
# H0W = 
#	 0.000000e+00 -3.446953e-02 -3.146600e-01
#	 3.446953e-02 0.000000e+00 -2.035108e-01
#	 3.146600e-01 2.035108e-01 0.000000e+00
# H0H0W = 
#	 0.000000e+00 2.635273e-03 7.873426e-01
#	 2.635273e-03 0.000000e+00 4.936661e-01
#	 7.873426e-01 4.936661e-01 0.000000e+00
# WH0W = 
#	 1.102212e-01 3.906432e-02 -2.941502e-01
#	 3.906432e-02 3.065404e-03 -2.026558e-01
#	 -2.941502e-01 -2.026558e-01 -1.132866e-01
#################################################
##            CALCULATION COMPLETED            ##
#################################################
# Psi[0]^2 = 0.661568 + I0.000000
# Psi[1]^2 = 0.299570 + I0.000000
# Psi[2]^2 = 0.038862 + I0.000000
# phi0 = 2.261160 
# phi1 = 2.271615 
# phi2 = 2.618469 
# Psi = 
#	6.271185e-01+i(-5.179675e-01)
#	4.183320e-01+i(-3.529419e-01)
#	9.848677e-02+i(-1.707713e-01)
#ProbSurv b 1-|Psi|^2 calls E tol dh dh(prev) dh(last)
0.538110117071	1	-1.14575e-13	9001	1.73925e+06	0.0001	0.0001	0.0001	5e-05
