# a = 0.100000
# b = 1.000000
# E = 550.000000
# tol = 0.000100
# s12 = 0.554977
# s13 = 0.152971
# psi0 = 0.822075 + I0.000000	0.548446 + I0.000000	0.152971 + I0.000000
# dh = 0.000100
# out = data/E5.5e2.0_tol1e-4.log
# model = sun
# scan_steps = 100.000000
# H0 = 
#	 0.000000e+00 0.000000e+00 0.000000e+00
#	 0.000000e+00 2.417632e+02 0.000000e+00
#	 0.000000e+00 0.000000e+00 7.912655e+03
# W = 
#	 6.758072e-01 4.508635e-01 1.257533e-01
#	 4.508635e-01 3.007928e-01 8.389608e-02
#	 1.257533e-01 8.389608e-02 2.340000e-02
# H0W = 
#	 0.000000e+00 -1.090022e+02 -9.950423e+02
#	 1.090022e+02 0.000000e+00 -6.435577e+02
#	 9.950423e+02 6.435577e+02 0.000000e+00
# H0H0W = 
#	 0.000000e+00 2.635273e+04 7.873426e+06
#	 2.635273e+04 0.000000e+00 4.936661e+06
#	 7.873426e+06 4.936661e+06 0.000000e+00
# WH0W = 
#	 3.485499e+02 1.235322e+02 -9.301846e+02
#	 1.235322e+02 9.693658e+00 -6.408540e+02
#	 -9.301846e+02 -6.408540e+02 -3.582436e+02
#################################################
##            CALCULATION COMPLETED            ##
#################################################
# Psi[0]^2 = 0.000027 + I0.000000
# Psi[1]^2 = 0.005725 + I0.000000
# Psi[2]^2 = 0.994248 + I0.000000
# phi0 = -0.723121 
# phi1 = -0.775819 
# phi2 = 0.773781 
# Psi = 
#	-3.429245e-03+i(3.885371e-03)
#	-5.298725e-02+i(5.401220e-02)
#	6.968318e-01+i(7.132136e-01)
#ProbSurv b 1-|Psi|^2 calls E tol dh dh(prev) dh(last)
0.0250055855172	1	-1.92291e-13	9001	550	0.0001	0.0001	0.0001	5e-05
