# a = 0.100000
# b = 1.000000
# E = 550000.000000
# tol = 0.000100
# s12 = 0.554977
# s13 = 0.152971
# psi0 = 0.822075 + I0.000000	0.548446 + I0.000000	0.152971 + I0.000000
# dh = 0.000100
# out = data/E5.5e5.0_tol1e-4.log
# model = sun
# scan_steps = 100.000000
# H0 = 
#	 0.000000e+00 0.000000e+00 0.000000e+00
#	 0.000000e+00 2.417632e-01 0.000000e+00
#	 0.000000e+00 0.000000e+00 7.912655e+00
# W = 
#	 6.758072e-01 4.508635e-01 1.257533e-01
#	 4.508635e-01 3.007928e-01 8.389608e-02
#	 1.257533e-01 8.389608e-02 2.340000e-02
# H0W = 
#	 0.000000e+00 -1.090022e-01 -9.950423e-01
#	 1.090022e-01 0.000000e+00 -6.435577e-01
#	 9.950423e-01 6.435577e-01 0.000000e+00
# H0H0W = 
#	 0.000000e+00 2.635273e-02 7.873426e+00
#	 2.635273e-02 0.000000e+00 4.936661e+00
#	 7.873426e+00 4.936661e+00 0.000000e+00
# WH0W = 
#	 3.485499e-01 1.235322e-01 -9.301846e-01
#	 1.235322e-01 9.693658e-03 -6.408540e-01
#	 -9.301846e-01 -6.408540e-01 -3.582436e-01
#################################################
##            CALCULATION COMPLETED            ##
#################################################
# Psi[0]^2 = 0.617222 + I0.000000
# Psi[1]^2 = 0.290247 + I0.000000
# Psi[2]^2 = 0.092530 + I0.000000
# phi0 = 2.396731 
# phi1 = 2.429841 
# phi2 = -2.660683 
# Psi = 
#	5.325586e-01+i(-5.775844e-01)
#	3.518877e-01+i(-4.079487e-01)
#	-1.407130e-01+i(-2.696855e-01)
#ProbSurv b 1-|Psi|^2 calls E tol dh dh(prev) dh(last)
0.506592858346	1	-1.18572e-13	9001	550000	0.0001	0.0001	0.0001	5e-05
