# a = 0.100000
# b = 1.000000
# E = 5500.000000
# tol = 0.000100
# s12 = 0.554977
# s13 = 0.152971
# psi0 = 0.822075 + I0.000000	0.548446 + I0.000000	0.152971 + I0.000000
# dh = 0.000100
# out = data/E5.5e3.0_tol1e-4.log
# model = sun
# scan_steps = 100.000000
# H0 = 
#	 0.000000e+00 0.000000e+00 0.000000e+00
#	 0.000000e+00 2.417632e+01 0.000000e+00
#	 0.000000e+00 0.000000e+00 7.912655e+02
# W = 
#	 6.758072e-01 4.508635e-01 1.257533e-01
#	 4.508635e-01 3.007928e-01 8.389608e-02
#	 1.257533e-01 8.389608e-02 2.340000e-02
# H0W = 
#	 0.000000e+00 -1.090022e+01 -9.950423e+01
#	 1.090022e+01 0.000000e+00 -6.435577e+01
#	 9.950423e+01 6.435577e+01 0.000000e+00
# H0H0W = 
#	 0.000000e+00 2.635273e+02 7.873426e+04
#	 2.635273e+02 0.000000e+00 4.936661e+04
#	 7.873426e+04 4.936661e+04 0.000000e+00
# WH0W = 
#	 3.485499e+01 1.235322e+01 -9.301846e+01
#	 1.235322e+01 9.693658e-01 -6.408540e+01
#	 -9.301846e+01 -6.408540e+01 -3.582436e+01
#################################################
##            CALCULATION COMPLETED            ##
#################################################
# Psi[0]^2 = 0.000000 + I0.000000
# Psi[1]^2 = 0.000001 + I0.000000
# Psi[2]^2 = 0.999998 + I0.000000
# phi0 = 0.568879 
# phi1 = 2.980773 
# phi2 = 0.913760 
# Psi = 
#	3.252247e-04+i(5.086496e-04)
#	1.806656e-04+i(-1.113700e-03)
#	7.918049e-01+i(6.107727e-01)
#ProbSurv b 1-|Psi|^2 calls E tol dh dh(prev) dh(last)
0.0234005909113	1	-8.43769e-14	9001	5500	0.0001	0.0001	0.0001	5e-05
