# a = 0.100000
# b = 1.000000
# E = 17392.527131
# tol = 0.000100
# s12 = 0.554977
# s13 = 0.152971
# psi0 = 0.822075 + I0.000000	0.548446 + I0.000000	0.152971 + I0.000000
# dh = 0.000100
# out = data/E5.5e3.5_tol1e-4.log
# model = sun
# scan_steps = 100.000000
# H0 = 
#	 0.000000e+00 0.000000e+00 0.000000e+00
#	 0.000000e+00 7.645225e+00 0.000000e+00
#	 0.000000e+00 0.000000e+00 2.502201e+02
# W = 
#	 6.758072e-01 4.508635e-01 1.257533e-01
#	 4.508635e-01 3.007928e-01 8.389608e-02
#	 1.257533e-01 8.389608e-02 2.340000e-02
# H0W = 
#	 0.000000e+00 -3.446953e+00 -3.146600e+01
#	 3.446953e+00 0.000000e+00 -2.035108e+01
#	 3.146600e+01 2.035108e+01 0.000000e+00
# H0H0W = 
#	 0.000000e+00 2.635273e+01 7.873426e+03
#	 2.635273e+01 0.000000e+00 4.936661e+03
#	 7.873426e+03 4.936661e+03 0.000000e+00
# WH0W = 
#	 1.102212e+01 3.906432e+00 -2.941502e+01
#	 3.906432e+00 3.065404e-01 -2.026558e+01
#	 -2.941502e+01 -2.026558e+01 -1.132866e+01
#################################################
##            CALCULATION COMPLETED            ##
#################################################
# Psi[0]^2 = 0.009020 + I0.000000
# Psi[1]^2 = 0.022279 + I0.000000
# Psi[2]^2 = 0.968701 + I0.000000
# phi0 = 0.261540 
# phi1 = 1.403299 
# phi2 = 2.253777 
# Psi = 
#	2.455665e-02+i(9.174191e-02)
#	1.471739e-01+i(2.488435e-02)
#	7.634595e-01+i(-6.211527e-01)
#ProbSurv b 1-|Psi|^2 calls E tol dh dh(prev) dh(last)
0.0354645971096	1	-8.30447e-14	9001	17392.5	0.0001	0.0001	0.0001	5e-05
