# a = 0.100000
# b = 1.000000
# E = 1.739253
# tol = 0.000100
# s12 = 0.554977
# s13 = 0.152971
# psi0 = 0.822075 + I0.000000	0.548446 + I0.000000	0.152971 + I0.000000
# dh = 0.000100
# out = data/E5.5e-0.5_tol1e-4.log
# model = sun
# scan_steps = 100.000000
# H0 = 
#	 0.000000e+00 0.000000e+00 0.000000e+00
#	 0.000000e+00 7.645225e+04 0.000000e+00
#	 0.000000e+00 0.000000e+00 2.502201e+06
# W = 
#	 6.758072e-01 4.508635e-01 1.257533e-01
#	 4.508635e-01 3.007928e-01 8.389608e-02
#	 1.257533e-01 8.389608e-02 2.340000e-02
# H0W = 
#	 0.000000e+00 -3.446953e+04 -3.146600e+05
#	 3.446953e+04 0.000000e+00 -2.035108e+05
#	 3.146600e+05 2.035108e+05 0.000000e+00
# H0H0W = 
#	 0.000000e+00 2.635273e+09 7.873426e+11
#	 2.635273e+09 0.000000e+00 4.936661e+11
#	 7.873426e+11 4.936661e+11 0.000000e+00
# WH0W = 
#	 1.102212e+05 3.906432e+04 -2.941502e+05
#	 3.906432e+04 3.065404e+03 -2.026558e+05
#	 -2.941502e+05 -2.026558e+05 -1.132866e+05
#################################################
##            CALCULATION COMPLETED            ##
#################################################
# Psi[0]^2 = 0.535644 + I0.000000
# Psi[1]^2 = 0.440527 + I0.000000
# Psi[2]^2 = 0.023830 + I0.000000
# phi0 = 2.803486 
# phi1 = -0.170123 
# phi2 = 1.955234 
# Psi = 
#	2.427649e-01+i(-6.904409e-01)
#	-1.123703e-01+i(6.541405e-01)
#	1.431011e-01+i(-5.789408e-02)
#ProbSurv b 1-|Psi|^2 calls E tol dh dh(prev) dh(last)
0.495056657768	1	2.87903e-11	218645	1.73925	0.0001	0.0001	4.11628e-06	3.94772e-06
