# a = 0.100000
# b = 1.000000
# E = 5500000.000000
# tol = 0.000100
# s12 = 0.554977
# s13 = 0.152971
# psi0 = 0.822075 + I0.000000	0.548446 + I0.000000	0.152971 + I0.000000
# dh = 0.000100
# out = data/E5.5e6.0_tol1e-4.log
# model = sun
# scan_steps = 100.000000
# H0 = 
#	 0.000000e+00 0.000000e+00 0.000000e+00
#	 0.000000e+00 2.417632e-02 0.000000e+00
#	 0.000000e+00 0.000000e+00 7.912655e-01
# W = 
#	 6.758072e-01 4.508635e-01 1.257533e-01
#	 4.508635e-01 3.007928e-01 8.389608e-02
#	 1.257533e-01 8.389608e-02 2.340000e-02
# H0W = 
#	 0.000000e+00 -1.090022e-02 -9.950423e-02
#	 1.090022e-02 0.000000e+00 -6.435577e-02
#	 9.950423e-02 6.435577e-02 0.000000e+00
# H0H0W = 
#	 0.000000e+00 2.635273e-04 7.873426e-02
#	 2.635273e-04 0.000000e+00 4.936661e-02
#	 7.873426e-02 4.936661e-02 0.000000e+00
# WH0W = 
#	 3.485499e-02 1.235322e-02 -9.301846e-02
#	 1.235322e-02 9.693658e-04 -6.408540e-02
#	 -9.301846e-02 -6.408540e-02 -3.582436e-02
#################################################
##            CALCULATION COMPLETED            ##
#################################################
# Psi[0]^2 = 0.671714 + I0.000000
# Psi[1]^2 = 0.300600 + I0.000000
# Psi[2]^2 = 0.027686 + I0.000000
# phi0 = 2.218174 
# phi1 = 2.221482 
# phi2 = 2.328018 
# Psi = 
#	6.537544e-01+i(-4.942867e-01)
#	4.362412e-01+i(-3.321048e-01)
#	1.209239e-01+i(-1.142946e-01)
#ProbSurv b 1-|Psi|^2 calls E tol dh dh(prev) dh(last)
0.545015437227	1	-9.54792e-14	9001	5.5e+06	0.0001	0.0001	0.0001	5e-05
