# a = 0.100000
# b = 1.000000
# E = 17.392527
# tol = 0.000100
# s12 = 0.554977
# s13 = 0.152971
# psi0 = 0.822075 + I0.000000	0.548446 + I0.000000	0.152971 + I0.000000
# dh = 0.000100
# out = data/E5.5e0.5_tol1e-4.log
# model = sun
# scan_steps = 100.000000
# H0 = 
#	 0.000000e+00 0.000000e+00 0.000000e+00
#	 0.000000e+00 7.645225e+03 0.000000e+00
#	 0.000000e+00 0.000000e+00 2.502201e+05
# W = 
#	 6.758072e-01 4.508635e-01 1.257533e-01
#	 4.508635e-01 3.007928e-01 8.389608e-02
#	 1.257533e-01 8.389608e-02 2.340000e-02
# H0W = 
#	 0.000000e+00 -3.446953e+03 -3.146600e+04
#	 3.446953e+03 0.000000e+00 -2.035108e+04
#	 3.146600e+04 2.035108e+04 0.000000e+00
# H0H0W = 
#	 0.000000e+00 2.635273e+07 7.873426e+09
#	 2.635273e+07 0.000000e+00 4.936661e+09
#	 7.873426e+09 4.936661e+09 0.000000e+00
# WH0W = 
#	 1.102212e+04 3.906432e+03 -2.941502e+04
#	 3.906432e+03 3.065404e+02 -2.026558e+04
#	 -2.941502e+04 -2.026558e+04 -1.132866e+04
#################################################
##            CALCULATION COMPLETED            ##
#################################################
# Psi[0]^2 = 0.029150 + I0.000000
# Psi[1]^2 = 0.942576 + I0.000000
# Psi[2]^2 = 0.028274 + I0.000000
# phi0 = 0.954500 
# phi1 = 0.204636 
# phi2 = 0.964461 
# Psi = 
#	1.393225e-01+i(9.868677e-02)
#	1.972900e-01+i(9.506065e-01)
#	1.381750e-01+i(9.582139e-02)
#ProbSurv b 1-|Psi|^2 calls E tol dh dh(prev) dh(last)
0.303881392356	1	-5.44631e-12	9001	17.3925	0.0001	0.0001	0.0001	5e-05
