# a = 0.100000
# b = 1.000000
# E = 173.925271
# tol = 0.000100
# s12 = 0.554977
# s13 = 0.152971
# psi0 = 0.822075 + I0.000000	0.548446 + I0.000000	0.152971 + I0.000000
# dh = 0.000100
# out = data/E5.5e1.5_tol1e-4.log
# model = sun
# scan_steps = 100.000000
# H0 = 
#	 0.000000e+00 0.000000e+00 0.000000e+00
#	 0.000000e+00 7.645225e+02 0.000000e+00
#	 0.000000e+00 0.000000e+00 2.502201e+04
# W = 
#	 6.758072e-01 4.508635e-01 1.257533e-01
#	 4.508635e-01 3.007928e-01 8.389608e-02
#	 1.257533e-01 8.389608e-02 2.340000e-02
# H0W = 
#	 0.000000e+00 -3.446953e+02 -3.146600e+03
#	 3.446953e+02 0.000000e+00 -2.035108e+03
#	 3.146600e+03 2.035108e+03 0.000000e+00
# H0H0W = 
#	 0.000000e+00 2.635273e+05 7.873426e+07
#	 2.635273e+05 0.000000e+00 4.936661e+07
#	 7.873426e+07 4.936661e+07 0.000000e+00
# WH0W = 
#	 1.102212e+03 3.906432e+02 -2.941502e+03
#	 3.906432e+02 3.065404e+01 -2.026558e+03
#	 -2.941502e+03 -2.026558e+03 -1.132866e+03
#################################################
##            CALCULATION COMPLETED            ##
#################################################
# Psi[0]^2 = 0.000272 + I0.000000
# Psi[1]^2 = 0.541904 + I0.000000
# Psi[2]^2 = 0.457824 + I0.000000
# phi0 = 0.679358 
# phi1 = 0.529116 
# phi2 = 1.922170 
# Psi = 
#	1.036057e-02+i(1.282885e-02)
#	3.715825e-01+i(6.354767e-01)
#	6.352854e-01+i(-2.328868e-01)
#ProbSurv b 1-|Psi|^2 calls E tol dh dh(prev) dh(last)
0.173897739696	1	9.36917e-13	9001	173.925	0.0001	0.0001	0.0001	5e-05
