# a = 0.100000
# b = 1.000000
# E = 0.560000
# tol = 0.000100
# s12 = 0.554977
# s13 = 0.152971
# psi0 = 0.822075 + I0.000000	0.548446 + I0.000000	0.152971 + I0.000000
# dh = 0.000100
# out = data/E5.6e-1.0_tol1e-4.log
# model = sun
# scan_steps = 100.000000
# H0 = 
#	 0.000000e+00 0.000000e+00 0.000000e+00
#	 0.000000e+00 2.374460e+05 0.000000e+00
#	 0.000000e+00 0.000000e+00 7.771357e+06
# W = 
#	 6.758072e-01 4.508635e-01 1.257533e-01
#	 4.508635e-01 3.007928e-01 8.389608e-02
#	 1.257533e-01 8.389608e-02 2.340000e-02
# H0W = 
#	 0.000000e+00 -1.070558e+05 -9.772737e+05
#	 1.070558e+05 0.000000e+00 -6.320656e+05
#	 9.772737e+05 6.320656e+05 0.000000e+00
# H0H0W = 
#	 0.000000e+00 2.541997e+10 7.594743e+12
#	 2.541997e+10 0.000000e+00 4.761926e+12
#	 7.594743e+12 4.761926e+12 0.000000e+00
# WH0W = 
#	 3.423258e+05 1.213263e+05 -9.135742e+05
#	 1.213263e+05 9.520557e+03 -6.294101e+05
#	 -9.135742e+05 -6.294101e+05 -3.518464e+05
#################################################
##            CALCULATION COMPLETED            ##
#################################################
# Psi[0]^2 = 0.634277 + I0.000000
# Psi[1]^2 = 0.342186 + I0.000000
# Psi[2]^2 = 0.023537 + I0.000000
# phi0 = 1.995343 
# phi1 = -1.325229 
# phi2 = 1.868959 
# Psi = 
#	7.257140e-01+i(-3.280496e-01)
#	-5.674170e-01+i(1.422093e-01)
#	1.466489e-01+i(-4.506879e-02)
#ProbSurv b 1-|Psi|^2 calls E tol dh dh(prev) dh(last)
0.532126918466	1	1.09425e-10	719962	0.56	0.0001	0.0001	1.25007e-06	7.27864e-07
