# a = 0.100000
# b = 1.000000
# E = 17708.754897
# tol = 0.000100
# s12 = 0.554977
# s13 = 0.152971
# psi0 = 0.822075 + I0.000000	0.548446 + I0.000000	0.152971 + I0.000000
# dh = 0.000100
# out = data/E5.6e3.5_tol1e-4.log
# model = sun
# scan_steps = 100.000000
# H0 = 
#	 0.000000e+00 0.000000e+00 0.000000e+00
#	 0.000000e+00 7.508703e+00 0.000000e+00
#	 0.000000e+00 0.000000e+00 2.457519e+02
# W = 
#	 6.758072e-01 4.508635e-01 1.257533e-01
#	 4.508635e-01 3.007928e-01 8.389608e-02
#	 1.257533e-01 8.389608e-02 2.340000e-02
# H0W = 
#	 0.000000e+00 -3.385401e+00 -3.090411e+01
#	 3.385401e+00 0.000000e+00 -1.998767e+01
#	 3.090411e+01 1.998767e+01 0.000000e+00
# H0H0W = 
#	 0.000000e+00 2.541997e+01 7.594743e+03
#	 2.541997e+01 0.000000e+00 4.761926e+03
#	 7.594743e+03 4.761926e+03 0.000000e+00
# WH0W = 
#	 1.082529e+01 3.836674e+00 -2.888975e+01
#	 3.836674e+00 3.010664e-01 -1.990370e+01
#	 -2.888975e+01 -1.990370e+01 -1.112636e+01
#################################################
##            CALCULATION COMPLETED            ##
#################################################
# Psi[0]^2 = 0.010313 + I0.000000
# Psi[1]^2 = 0.024009 + I0.000000
# Psi[2]^2 = 0.965678 + I0.000000
# phi0 = 0.178986 
# phi1 = 1.301231 
# phi2 = 0.059995 
# Psi = 
#	1.807928e-02+i(9.992862e-02)
#	1.493525e-01+i(4.126464e-02)
#	5.892149e-02+i(9.809214e-01)
#ProbSurv b 1-|Psi|^2 calls E tol dh dh(prev) dh(last)
0.0367879124261	1	-1.40332e-13	9001	17708.8	0.0001	0.0001	0.0001	5e-05
