# a = 0.100000
# b = 1.000000
# E = 177087.548969
# tol = 0.000100
# s12 = 0.554977
# s13 = 0.152971
# psi0 = 0.822075 + I0.000000	0.548446 + I0.000000	0.152971 + I0.000000
# dh = 0.000100
# out = data/E5.6e4.5_tol1e-4.log
# model = sun
# scan_steps = 100.000000
# H0 = 
#	 0.000000e+00 0.000000e+00 0.000000e+00
#	 0.000000e+00 7.508703e-01 0.000000e+00
#	 0.000000e+00 0.000000e+00 2.457519e+01
# W = 
#	 6.758072e-01 4.508635e-01 1.257533e-01
#	 4.508635e-01 3.007928e-01 8.389608e-02
#	 1.257533e-01 8.389608e-02 2.340000e-02
# H0W = 
#	 0.000000e+00 -3.385401e-01 -3.090411e+00
#	 3.385401e-01 0.000000e+00 -1.998767e+00
#	 3.090411e+00 1.998767e+00 0.000000e+00
# H0H0W = 
#	 0.000000e+00 2.541997e-01 7.594743e+01
#	 2.541997e-01 0.000000e+00 4.761926e+01
#	 7.594743e+01 4.761926e+01 0.000000e+00
# WH0W = 
#	 1.082529e+00 3.836674e-01 -2.888975e+00
#	 3.836674e-01 3.010664e-02 -1.990370e+00
#	 -2.888975e+00 -1.990370e+00 -1.112636e+00
#################################################
##            CALCULATION COMPLETED            ##
#################################################
# Psi[0]^2 = 0.464012 + I0.000000
# Psi[1]^2 = 0.244295 + I0.000000
# Psi[2]^2 = 0.291693 + I0.000000
# phi0 = 2.742757 
# phi1 = 2.848183 
# phi2 = 1.243750 
# Psi = 
#	2.645349e-01+i(-6.277207e-01)
#	1.429494e-01+i(-4.731393e-01)
#	5.114588e-01+i(1.735011e-01)
#ProbSurv b 1-|Psi|^2 calls E tol dh dh(prev) dh(last)
0.393890499317	1	-1.23013e-13	9001	177088	0.0001	0.0001	0.0001	5e-05
