# a = 0.100000
# b = 1.000000
# E = 17.708755
# tol = 0.000100
# s12 = 0.554977
# s13 = 0.152971
# psi0 = 0.822075 + I0.000000	0.548446 + I0.000000	0.152971 + I0.000000
# dh = 0.000100
# out = data/E5.6e0.5_tol1e-4.log
# model = sun
# scan_steps = 100.000000
# H0 = 
#	 0.000000e+00 0.000000e+00 0.000000e+00
#	 0.000000e+00 7.508703e+03 0.000000e+00
#	 0.000000e+00 0.000000e+00 2.457519e+05
# W = 
#	 6.758072e-01 4.508635e-01 1.257533e-01
#	 4.508635e-01 3.007928e-01 8.389608e-02
#	 1.257533e-01 8.389608e-02 2.340000e-02
# H0W = 
#	 0.000000e+00 -3.385401e+03 -3.090411e+04
#	 3.385401e+03 0.000000e+00 -1.998767e+04
#	 3.090411e+04 1.998767e+04 0.000000e+00
# H0H0W = 
#	 0.000000e+00 2.541997e+07 7.594743e+09
#	 2.541997e+07 0.000000e+00 4.761926e+09
#	 7.594743e+09 4.761926e+09 0.000000e+00
# WH0W = 
#	 1.082529e+04 3.836674e+03 -2.888975e+04
#	 3.836674e+03 3.010664e+02 -1.990370e+04
#	 -2.888975e+04 -1.990370e+04 -1.112636e+04
#################################################
##            CALCULATION COMPLETED            ##
#################################################
# Psi[0]^2 = 0.028012 + I0.000000
# Psi[1]^2 = 0.943611 + I0.000000
# Psi[2]^2 = 0.028376 + I0.000000
# phi0 = 0.175767 
# phi1 = -2.553207 
# phi2 = 0.856062 
# Psi = 
#	2.926676e-02+i(1.647904e-01)
#	-5.391436e-01+i(-8.080442e-01)
#	1.272268e-01+i(1.104067e-01)
#ProbSurv b 1-|Psi|^2 calls E tol dh dh(prev) dh(last)
0.303426479044	1	-4.10383e-12	9001	17.7088	0.0001	0.0001	0.0001	5e-05
