# a = 0.100000
# b = 1.000000
# E = 560000.000000
# tol = 0.000100
# s12 = 0.554977
# s13 = 0.152971
# psi0 = 0.822075 + I0.000000	0.548446 + I0.000000	0.152971 + I0.000000
# dh = 0.000100
# out = data/E5.6e5.0_tol1e-4.log
# model = sun
# scan_steps = 100.000000
# H0 = 
#	 0.000000e+00 0.000000e+00 0.000000e+00
#	 0.000000e+00 2.374460e-01 0.000000e+00
#	 0.000000e+00 0.000000e+00 7.771357e+00
# W = 
#	 6.758072e-01 4.508635e-01 1.257533e-01
#	 4.508635e-01 3.007928e-01 8.389608e-02
#	 1.257533e-01 8.389608e-02 2.340000e-02
# H0W = 
#	 0.000000e+00 -1.070558e-01 -9.772737e-01
#	 1.070558e-01 0.000000e+00 -6.320656e-01
#	 9.772737e-01 6.320656e-01 0.000000e+00
# H0H0W = 
#	 0.000000e+00 2.541997e-02 7.594743e+00
#	 2.541997e-02 0.000000e+00 4.761926e+00
#	 7.594743e+00 4.761926e+00 0.000000e+00
# WH0W = 
#	 3.423258e-01 1.213263e-01 -9.135742e-01
#	 1.213263e-01 9.520557e-03 -6.294101e-01
#	 -9.135742e-01 -6.294101e-01 -3.518464e-01
#################################################
##            CALCULATION COMPLETED            ##
#################################################
# Psi[0]^2 = 0.618599 + I0.000000
# Psi[1]^2 = 0.290605 + I0.000000
# Psi[2]^2 = 0.090796 + I0.000000
# phi0 = 2.393261 
# phi1 = 2.425775 
# phi2 = -2.688466 
# Psi = 
#	5.351554e-01+i(-5.763746e-01)
#	3.537612e-01+i(-4.067649e-01)
#	-1.319134e-01+i(-2.709157e-01)
#ProbSurv b 1-|Psi|^2 calls E tol dh dh(prev) dh(last)
0.507590024989	1	-1.26787e-13	9001	560000	0.0001	0.0001	0.0001	5e-05
