# a = 0.100000
# b = 1.000000
# E = 5600.000000
# tol = 0.000100
# s12 = 0.554977
# s13 = 0.152971
# psi0 = 0.822075 + I0.000000	0.548446 + I0.000000	0.152971 + I0.000000
# dh = 0.000100
# out = data/E5.6e3.0_tol1e-4.log
# model = sun
# scan_steps = 100.000000
# H0 = 
#	 0.000000e+00 0.000000e+00 0.000000e+00
#	 0.000000e+00 2.374460e+01 0.000000e+00
#	 0.000000e+00 0.000000e+00 7.771357e+02
# W = 
#	 6.758072e-01 4.508635e-01 1.257533e-01
#	 4.508635e-01 3.007928e-01 8.389608e-02
#	 1.257533e-01 8.389608e-02 2.340000e-02
# H0W = 
#	 0.000000e+00 -1.070558e+01 -9.772737e+01
#	 1.070558e+01 0.000000e+00 -6.320656e+01
#	 9.772737e+01 6.320656e+01 0.000000e+00
# H0H0W = 
#	 0.000000e+00 2.541997e+02 7.594743e+04
#	 2.541997e+02 0.000000e+00 4.761926e+04
#	 7.594743e+04 4.761926e+04 0.000000e+00
# WH0W = 
#	 3.423258e+01 1.213263e+01 -9.135742e+01
#	 1.213263e+01 9.520557e-01 -6.294101e+01
#	 -9.135742e+01 -6.294101e+01 -3.518464e+01
#################################################
##            CALCULATION COMPLETED            ##
#################################################
# Psi[0]^2 = 0.000003 + I0.000000
# Psi[1]^2 = 0.000078 + I0.000000
# Psi[2]^2 = 0.999919 + I0.000000
# phi0 = -0.396461 
# phi1 = -1.250566 
# phi2 = -1.240444 
# Psi = 
#	-6.260491e-04+i(1.495480e-03)
#	-8.388846e-03+i(2.782117e-03)
#	-9.458900e-01+i(3.243630e-01)
#ProbSurv b 1-|Psi|^2 calls E tol dh dh(prev) dh(last)
0.023423382745	1	-9.88098e-14	9001	5600	0.0001	0.0001	0.0001	5e-05
