# a = 0.100000
# b = 1.000000
# E = 177.087549
# tol = 0.000100
# s12 = 0.554977
# s13 = 0.152971
# psi0 = 0.822075 + I0.000000	0.548446 + I0.000000	0.152971 + I0.000000
# dh = 0.000100
# out = data/E5.6e1.5_tol1e-4.log
# model = sun
# scan_steps = 100.000000
# H0 = 
#	 0.000000e+00 0.000000e+00 0.000000e+00
#	 0.000000e+00 7.508703e+02 0.000000e+00
#	 0.000000e+00 0.000000e+00 2.457519e+04
# W = 
#	 6.758072e-01 4.508635e-01 1.257533e-01
#	 4.508635e-01 3.007928e-01 8.389608e-02
#	 1.257533e-01 8.389608e-02 2.340000e-02
# H0W = 
#	 0.000000e+00 -3.385401e+02 -3.090411e+03
#	 3.385401e+02 0.000000e+00 -1.998767e+03
#	 3.090411e+03 1.998767e+03 0.000000e+00
# H0H0W = 
#	 0.000000e+00 2.541997e+05 7.594743e+07
#	 2.541997e+05 0.000000e+00 4.761926e+07
#	 7.594743e+07 4.761926e+07 0.000000e+00
# WH0W = 
#	 1.082529e+03 3.836674e+02 -2.888975e+03
#	 3.836674e+02 3.010664e+01 -1.990370e+03
#	 -2.888975e+03 -1.990370e+03 -1.112636e+03
#################################################
##            CALCULATION COMPLETED            ##
#################################################
# Psi[0]^2 = 0.000224 + I0.000000
# Psi[1]^2 = 0.514206 + I0.000000
# Psi[2]^2 = 0.485570 + I0.000000
# phi0 = -1.861881 
# phi1 = 0.434566 
# phi2 = -1.416707 
# Psi = 
#	-1.433075e-02+i(-4.293413e-03)
#	3.019032e-01+i(6.504312e-01)
#	-6.885723e-01+i(1.069494e-01)
#ProbSurv b 1-|Psi|^2 calls E tol dh dh(prev) dh(last)
0.166183125519	1	8.54317e-13	9001	177.088	0.0001	0.0001	0.0001	5e-05
