# a = 0.100000
# b = 1.000000
# E = 5.600000
# tol = 0.000100
# s12 = 0.554977
# s13 = 0.152971
# psi0 = 0.822075 + I0.000000	0.548446 + I0.000000	0.152971 + I0.000000
# dh = 0.000100
# out = data/E5.6e0.0_tol1e-4.log
# model = sun
# scan_steps = 100.000000
# H0 = 
#	 0.000000e+00 0.000000e+00 0.000000e+00
#	 0.000000e+00 2.374460e+04 0.000000e+00
#	 0.000000e+00 0.000000e+00 7.771357e+05
# W = 
#	 6.758072e-01 4.508635e-01 1.257533e-01
#	 4.508635e-01 3.007928e-01 8.389608e-02
#	 1.257533e-01 8.389608e-02 2.340000e-02
# H0W = 
#	 0.000000e+00 -1.070558e+04 -9.772737e+04
#	 1.070558e+04 0.000000e+00 -6.320656e+04
#	 9.772737e+04 6.320656e+04 0.000000e+00
# H0H0W = 
#	 0.000000e+00 2.541997e+08 7.594743e+10
#	 2.541997e+08 0.000000e+00 4.761926e+10
#	 7.594743e+10 4.761926e+10 0.000000e+00
# WH0W = 
#	 3.423258e+04 1.213263e+04 -9.135742e+04
#	 1.213263e+04 9.520557e+02 -6.294101e+04
#	 -9.135742e+04 -6.294101e+04 -3.518464e+04
#################################################
##            CALCULATION COMPLETED            ##
#################################################
# Psi[0]^2 = 0.234457 + I0.000000
# Psi[1]^2 = 0.740717 + I0.000000
# Psi[2]^2 = 0.024826 + I0.000000
# phi0 = 2.757181 
# phi1 = 0.517086 
# phi2 = -0.098979 
# Psi = 
#	1.815844e-01+i(-4.488697e-01)
#	4.254612e-01+i(7.481312e-01)
#	-1.556977e-02+i(1.567904e-01)
#ProbSurv b 1-|Psi|^2 calls E tol dh dh(prev) dh(last)
0.381831064094	1	-1.15736e-11	32835	5.6	0.0001	0.0001	2.74111e-05	1.98019e-05
