# a = 0.100000
# b = 1.000000
# E = 56.000000
# tol = 0.000100
# s12 = 0.554977
# s13 = 0.152971
# psi0 = 0.822075 + I0.000000	0.548446 + I0.000000	0.152971 + I0.000000
# dh = 0.000100
# out = data/E5.6e1.0_tol1e-4.log
# model = sun
# scan_steps = 100.000000
# H0 = 
#	 0.000000e+00 0.000000e+00 0.000000e+00
#	 0.000000e+00 2.374460e+03 0.000000e+00
#	 0.000000e+00 0.000000e+00 7.771357e+04
# W = 
#	 6.758072e-01 4.508635e-01 1.257533e-01
#	 4.508635e-01 3.007928e-01 8.389608e-02
#	 1.257533e-01 8.389608e-02 2.340000e-02
# H0W = 
#	 0.000000e+00 -1.070558e+03 -9.772737e+03
#	 1.070558e+03 0.000000e+00 -6.320656e+03
#	 9.772737e+03 6.320656e+03 0.000000e+00
# H0H0W = 
#	 0.000000e+00 2.541997e+06 7.594743e+08
#	 2.541997e+06 0.000000e+00 4.761926e+08
#	 7.594743e+08 4.761926e+08 0.000000e+00
# WH0W = 
#	 3.423258e+03 1.213263e+03 -9.135742e+03
#	 1.213263e+03 9.520557e+01 -6.294101e+03
#	 -9.135742e+03 -6.294101e+03 -3.518464e+03
#################################################
##            CALCULATION COMPLETED            ##
#################################################
# Psi[0]^2 = 0.002543 + I0.000000
# Psi[1]^2 = 0.950951 + I0.000000
# Psi[2]^2 = 0.046506 + I0.000000
# phi0 = -2.622989 
# phi1 = -2.877103 
# phi2 = 3.068643 
# Psi = 
#	-2.499491e-02+i(-4.379626e-02)
#	-2.549251e-01+i(-9.412570e-01)
#	1.571775e-02+i(-2.150781e-01)
#ProbSurv b 1-|Psi|^2 calls E tol dh dh(prev) dh(last)
0.288846074145	1	-1.15996e-12	9001	56	0.0001	0.0001	0.0001	5e-05
