# a = 0.100000
# b = 1.000000
# E = 1.770875
# tol = 0.000100
# s12 = 0.554977
# s13 = 0.152971
# psi0 = 0.822075 + I0.000000	0.548446 + I0.000000	0.152971 + I0.000000
# dh = 0.000100
# out = data/E5.6e-0.5_tol1e-4.log
# model = sun
# scan_steps = 100.000000
# H0 = 
#	 0.000000e+00 0.000000e+00 0.000000e+00
#	 0.000000e+00 7.508703e+04 0.000000e+00
#	 0.000000e+00 0.000000e+00 2.457519e+06
# W = 
#	 6.758072e-01 4.508635e-01 1.257533e-01
#	 4.508635e-01 3.007928e-01 8.389608e-02
#	 1.257533e-01 8.389608e-02 2.340000e-02
# H0W = 
#	 0.000000e+00 -3.385401e+04 -3.090411e+05
#	 3.385401e+04 0.000000e+00 -1.998767e+05
#	 3.090411e+05 1.998767e+05 0.000000e+00
# H0H0W = 
#	 0.000000e+00 2.541997e+09 7.594743e+11
#	 2.541997e+09 0.000000e+00 4.761926e+11
#	 7.594743e+11 4.761926e+11 0.000000e+00
# WH0W = 
#	 1.082529e+05 3.836674e+04 -2.888975e+05
#	 3.836674e+04 3.010664e+03 -1.990370e+05
#	 -2.888975e+05 -1.990370e+05 -1.112636e+05
#################################################
##            CALCULATION COMPLETED            ##
#################################################
# Psi[0]^2 = 0.532857 + I0.000000
# Psi[1]^2 = 0.443305 + I0.000000
# Psi[2]^2 = 0.023838 + I0.000000
# phi0 = 1.426378 
# phi1 = -2.273016 
# phi2 = 0.399689 
# Psi = 
#	7.223715e-01+i(1.050554e-01)
#	-5.082875e-01+i(-4.300570e-01)
#	6.007977e-02+i(1.422252e-01)
#ProbSurv b 1-|Psi|^2 calls E tol dh dh(prev) dh(last)
0.494009542508	1	3.05672e-11	216993	1.77088	0.0001	0.0001	4.14764e-06	2.27632e-06
