# a = 0.100000
# b = 1.000000
# E = 1770875.489694
# tol = 0.000100
# s12 = 0.554977
# s13 = 0.152971
# psi0 = 0.822075 + I0.000000	0.548446 + I0.000000	0.152971 + I0.000000
# dh = 0.000100
# out = data/E5.6e5.5_tol1e-4.log
# model = sun
# scan_steps = 100.000000
# H0 = 
#	 0.000000e+00 0.000000e+00 0.000000e+00
#	 0.000000e+00 7.508703e-02 0.000000e+00
#	 0.000000e+00 0.000000e+00 2.457519e+00
# W = 
#	 6.758072e-01 4.508635e-01 1.257533e-01
#	 4.508635e-01 3.007928e-01 8.389608e-02
#	 1.257533e-01 8.389608e-02 2.340000e-02
# H0W = 
#	 0.000000e+00 -3.385401e-02 -3.090411e-01
#	 3.385401e-02 0.000000e+00 -1.998767e-01
#	 3.090411e-01 1.998767e-01 0.000000e+00
# H0H0W = 
#	 0.000000e+00 2.541997e-03 7.594743e-01
#	 2.541997e-03 0.000000e+00 4.761926e-01
#	 7.594743e-01 4.761926e-01 0.000000e+00
# WH0W = 
#	 1.082529e-01 3.836674e-02 -2.888975e-01
#	 3.836674e-02 3.010664e-03 -1.990370e-01
#	 -2.888975e-01 -1.990370e-01 -1.112636e-01
#################################################
##            CALCULATION COMPLETED            ##
#################################################
# Psi[0]^2 = 0.661856 + I0.000000
# Psi[1]^2 = 0.299608 + I0.000000
# Psi[2]^2 = 0.038536 + I0.000000
# phi0 = 2.260034 
# phi1 = 2.270302 
# phi2 = 2.610710 
# Psi = 
#	6.278384e-01+i(-5.173735e-01)
#	4.188217e-01+i(-3.524147e-01)
#	9.938830e-02+i(-1.692860e-01)
#ProbSurv b 1-|Psi|^2 calls E tol dh dh(prev) dh(last)
0.538308945987	1	-7.21645e-14	9001	1.77088e+06	0.0001	0.0001	0.0001	5e-05
