# a = 0.100000
# b = 1.000000
# E = 1802498.266296
# tol = 0.000100
# s12 = 0.554977
# s13 = 0.152971
# psi0 = 0.822075 + I0.000000	0.548446 + I0.000000	0.152971 + I0.000000
# dh = 0.000100
# out = data/E5.7e5.5_tol1e-4.log
# model = sun
# scan_steps = 100.000000
# H0 = 
#	 0.000000e+00 0.000000e+00 0.000000e+00
#	 0.000000e+00 7.376972e-02 0.000000e+00
#	 0.000000e+00 0.000000e+00 2.414405e+00
# W = 
#	 6.758072e-01 4.508635e-01 1.257533e-01
#	 4.508635e-01 3.007928e-01 8.389608e-02
#	 1.257533e-01 8.389608e-02 2.340000e-02
# H0W = 
#	 0.000000e+00 -3.326008e-02 -3.036193e-01
#	 3.326008e-02 0.000000e+00 -1.963701e-01
#	 3.036193e-01 1.963701e-01 0.000000e+00
# H0H0W = 
#	 0.000000e+00 2.453586e-03 7.330598e-01
#	 2.453586e-03 0.000000e+00 4.596306e-01
#	 7.330598e-01 4.596306e-01 0.000000e+00
# WH0W = 
#	 1.063538e-01 3.769364e-02 -2.838291e-01
#	 3.769364e-02 2.957846e-03 -1.955451e-01
#	 -2.838291e-01 -1.955451e-01 -1.093116e-01
#################################################
##            CALCULATION COMPLETED            ##
#################################################
# Psi[0]^2 = 0.662134 + I0.000000
# Psi[1]^2 = 0.299644 + I0.000000
# Psi[2]^2 = 0.038222 + I0.000000
# phi0 = 2.258947 
# phi1 = 2.269035 
# phi2 = 2.603233 
# Psi = 
#	6.285319e-01+i(-5.167990e-01)
#	4.192932e-01+i(-3.519052e-01)
#	1.002412e-01+i(-1.678513e-01)
#ProbSurv b 1-|Psi|^2 calls E tol dh dh(prev) dh(last)
0.538499836316	1	-1.03917e-13	9001	1.8025e+06	0.0001	0.0001	0.0001	5e-05
