# a = 0.100000
# b = 1.000000
# E = 570.000000
# tol = 0.000100
# s12 = 0.554977
# s13 = 0.152971
# psi0 = 0.822075 + I0.000000	0.548446 + I0.000000	0.152971 + I0.000000
# dh = 0.000100
# out = data/E5.7e2.0_tol1e-4.log
# model = sun
# scan_steps = 100.000000
# H0 = 
#	 0.000000e+00 0.000000e+00 0.000000e+00
#	 0.000000e+00 2.332803e+02 0.000000e+00
#	 0.000000e+00 0.000000e+00 7.635018e+03
# W = 
#	 6.758072e-01 4.508635e-01 1.257533e-01
#	 4.508635e-01 3.007928e-01 8.389608e-02
#	 1.257533e-01 8.389608e-02 2.340000e-02
# H0W = 
#	 0.000000e+00 -1.051776e+02 -9.601285e+02
#	 1.051776e+02 0.000000e+00 -6.209767e+02
#	 9.601285e+02 6.209767e+02 0.000000e+00
# H0H0W = 
#	 0.000000e+00 2.453586e+04 7.330598e+06
#	 2.453586e+04 0.000000e+00 4.596306e+06
#	 7.330598e+06 4.596306e+06 0.000000e+00
# WH0W = 
#	 3.363201e+02 1.191978e+02 -8.975465e+02
#	 1.191978e+02 9.353529e+00 -6.183679e+02
#	 -8.975465e+02 -6.183679e+02 -3.456736e+02
#################################################
##            CALCULATION COMPLETED            ##
#################################################
# Psi[0]^2 = 0.000022 + I0.000000
# Psi[1]^2 = 0.005165 + I0.000000
# Psi[2]^2 = 0.994813 + I0.000000
# phi0 = -2.923683 
# phi1 = -0.859357 
# phi2 = -3.078640 
# Psi = 
#	-1.011571e-03+i(-4.568436e-03)
#	-5.443434e-02+i(4.692430e-02)
#	-6.274726e-02+i(-9.954275e-01)
#ProbSurv b 1-|Psi|^2 calls E tol dh dh(prev) dh(last)
0.0248470141635	1	-2.14939e-13	9001	570	0.0001	0.0001	0.0001	5e-05
