# a = 0.100000
# b = 1.000000
# E = 18024.982663
# tol = 0.000100
# s12 = 0.554977
# s13 = 0.152971
# psi0 = 0.822075 + I0.000000	0.548446 + I0.000000	0.152971 + I0.000000
# dh = 0.000100
# out = data/E5.7e3.5_tol1e-4.log
# model = sun
# scan_steps = 100.000000
# H0 = 
#	 0.000000e+00 0.000000e+00 0.000000e+00
#	 0.000000e+00 7.376972e+00 0.000000e+00
#	 0.000000e+00 0.000000e+00 2.414405e+02
# W = 
#	 6.758072e-01 4.508635e-01 1.257533e-01
#	 4.508635e-01 3.007928e-01 8.389608e-02
#	 1.257533e-01 8.389608e-02 2.340000e-02
# H0W = 
#	 0.000000e+00 -3.326008e+00 -3.036193e+01
#	 3.326008e+00 0.000000e+00 -1.963701e+01
#	 3.036193e+01 1.963701e+01 0.000000e+00
# H0H0W = 
#	 0.000000e+00 2.453586e+01 7.330598e+03
#	 2.453586e+01 0.000000e+00 4.596306e+03
#	 7.330598e+03 4.596306e+03 0.000000e+00
# WH0W = 
#	 1.063538e+01 3.769364e+00 -2.838291e+01
#	 3.769364e+00 2.957846e-01 -1.955451e+01
#	 -2.838291e+01 -1.955451e+01 -1.093116e+01
#################################################
##            CALCULATION COMPLETED            ##
#################################################
# Psi[0]^2 = 0.010730 + I0.000000
# Psi[1]^2 = 0.024653 + I0.000000
# Psi[2]^2 = 0.964617 + I0.000000
# phi0 = 0.097251 
# phi1 = 1.207695 
# phi2 = -2.049128 
# Psi = 
#	1.005810e-02+i(1.030982e-01)
#	1.467751e-01+i(5.576691e-02)
#	-8.719168e-01+i(-4.520817e-01)
#ProbSurv b 1-|Psi|^2 calls E tol dh dh(prev) dh(last)
0.0372391200336	1	-6.66134e-14	9001	18025	0.0001	0.0001	0.0001	5e-05
