# a = 0.100000
# b = 1.000000
# E = 0.570000
# tol = 0.000100
# s12 = 0.554977
# s13 = 0.152971
# psi0 = 0.822075 + I0.000000	0.548446 + I0.000000	0.152971 + I0.000000
# dh = 0.000100
# out = data/E5.7e-1.0_tol1e-4.log
# model = sun
# scan_steps = 100.000000
# H0 = 
#	 0.000000e+00 0.000000e+00 0.000000e+00
#	 0.000000e+00 2.332803e+05 0.000000e+00
#	 0.000000e+00 0.000000e+00 7.635018e+06
# W = 
#	 6.758072e-01 4.508635e-01 1.257533e-01
#	 4.508635e-01 3.007928e-01 8.389608e-02
#	 1.257533e-01 8.389608e-02 2.340000e-02
# H0W = 
#	 0.000000e+00 -1.051776e+05 -9.601285e+05
#	 1.051776e+05 0.000000e+00 -6.209767e+05
#	 9.601285e+05 6.209767e+05 0.000000e+00
# H0H0W = 
#	 0.000000e+00 2.453586e+10 7.330598e+12
#	 2.453586e+10 0.000000e+00 4.596306e+12
#	 7.330598e+12 4.596306e+12 0.000000e+00
# WH0W = 
#	 3.363201e+05 1.191978e+05 -8.975465e+05
#	 1.191978e+05 9.353529e+03 -6.183679e+05
#	 -8.975465e+05 -6.183679e+05 -3.456736e+05
#################################################
##            CALCULATION COMPLETED            ##
#################################################
# Psi[0]^2 = 0.633505 + I0.000000
# Psi[1]^2 = 0.342955 + I0.000000
# Psi[2]^2 = 0.023540 + I0.000000
# phi0 = 1.592983 
# phi1 = 0.989318 
# phi2 = 0.556886 
# Psi = 
#	7.957345e-01+i(-1.765731e-02)
#	4.893775e-01+i(3.216596e-01)
#	8.109255e-02+i(1.302442e-01)
#ProbSurv b 1-|Psi|^2 calls E tol dh dh(prev) dh(last)
0.531836684727	1	3.45122e-11	595049	0.57	0.0001	0.0001	1.51248e-06	1.14686e-06
