# a = 0.100000
# b = 1.000000
# E = 1802.498266
# tol = 0.000100
# s12 = 0.554977
# s13 = 0.152971
# psi0 = 0.822075 + I0.000000	0.548446 + I0.000000	0.152971 + I0.000000
# dh = 0.000100
# out = data/E5.7e2.5_tol1e-4.log
# model = sun
# scan_steps = 100.000000
# H0 = 
#	 0.000000e+00 0.000000e+00 0.000000e+00
#	 0.000000e+00 7.376972e+01 0.000000e+00
#	 0.000000e+00 0.000000e+00 2.414405e+03
# W = 
#	 6.758072e-01 4.508635e-01 1.257533e-01
#	 4.508635e-01 3.007928e-01 8.389608e-02
#	 1.257533e-01 8.389608e-02 2.340000e-02
# H0W = 
#	 0.000000e+00 -3.326008e+01 -3.036193e+02
#	 3.326008e+01 0.000000e+00 -1.963701e+02
#	 3.036193e+02 1.963701e+02 0.000000e+00
# H0H0W = 
#	 0.000000e+00 2.453586e+03 7.330598e+05
#	 2.453586e+03 0.000000e+00 4.596306e+05
#	 7.330598e+05 4.596306e+05 0.000000e+00
# WH0W = 
#	 1.063538e+02 3.769364e+01 -2.838291e+02
#	 3.769364e+01 2.957846e+00 -1.955451e+02
#	 -2.838291e+02 -1.955451e+02 -1.093116e+02
#################################################
##            CALCULATION COMPLETED            ##
#################################################
# Psi[0]^2 = 0.000003 + I0.000000
# Psi[1]^2 = 0.000305 + I0.000000
# Psi[2]^2 = 0.999692 + I0.000000
# phi0 = 0.081763 
# phi1 = 0.204321 
# phi2 = 1.386575 
# Psi = 
#	1.396522e-04+i(1.704206e-03)
#	3.541400e-03+i(1.709070e-02)
#	9.829280e-01+i(1.831531e-01)
#ProbSurv b 1-|Psi|^2 calls E tol dh dh(prev) dh(last)
0.0234864106262	1	-1.37668e-14	9001	1802.5	0.0001	0.0001	0.0001	5e-05
