# a = 0.100000
# b = 1.000000
# E = 180249.826630
# tol = 0.000100
# s12 = 0.554977
# s13 = 0.152971
# psi0 = 0.822075 + I0.000000	0.548446 + I0.000000	0.152971 + I0.000000
# dh = 0.000100
# out = data/E5.7e4.5_tol1e-4.log
# model = sun
# scan_steps = 100.000000
# H0 = 
#	 0.000000e+00 0.000000e+00 0.000000e+00
#	 0.000000e+00 7.376972e-01 0.000000e+00
#	 0.000000e+00 0.000000e+00 2.414405e+01
# W = 
#	 6.758072e-01 4.508635e-01 1.257533e-01
#	 4.508635e-01 3.007928e-01 8.389608e-02
#	 1.257533e-01 8.389608e-02 2.340000e-02
# H0W = 
#	 0.000000e+00 -3.326008e-01 -3.036193e+00
#	 3.326008e-01 0.000000e+00 -1.963701e+00
#	 3.036193e+00 1.963701e+00 0.000000e+00
# H0H0W = 
#	 0.000000e+00 2.453586e-01 7.330598e+01
#	 2.453586e-01 0.000000e+00 4.596306e+01
#	 7.330598e+01 4.596306e+01 0.000000e+00
# WH0W = 
#	 1.063538e+00 3.769364e-01 -2.838291e+00
#	 3.769364e-01 2.957846e-02 -1.955451e+00
#	 -2.838291e+00 -1.955451e+00 -1.093116e+00
#################################################
##            CALCULATION COMPLETED            ##
#################################################
# Psi[0]^2 = 0.466574 + I0.000000
# Psi[1]^2 = 0.244965 + I0.000000
# Psi[2]^2 = 0.288461 + I0.000000
# phi0 = 2.734384 
# phi1 = 2.838010 
# phi2 = 1.125591 
# Psi = 
#	2.705253e-01+i(-6.272080e-01)
#	1.479579e-01+i(-4.723070e-01)
#	4.847315e-01+i(2.312923e-01)
#ProbSurv b 1-|Psi|^2 calls E tol dh dh(prev) dh(last)
0.395747784831	1	-1.02585e-13	9001	180250	0.0001	0.0001	0.0001	5e-05
