# a = 0.100000
# b = 1.000000
# E = 18.024983
# tol = 0.000100
# s12 = 0.554977
# s13 = 0.152971
# psi0 = 0.822075 + I0.000000	0.548446 + I0.000000	0.152971 + I0.000000
# dh = 0.000100
# out = data/E5.7e0.5_tol1e-4.log
# model = sun
# scan_steps = 100.000000
# H0 = 
#	 0.000000e+00 0.000000e+00 0.000000e+00
#	 0.000000e+00 7.376972e+03 0.000000e+00
#	 0.000000e+00 0.000000e+00 2.414405e+05
# W = 
#	 6.758072e-01 4.508635e-01 1.257533e-01
#	 4.508635e-01 3.007928e-01 8.389608e-02
#	 1.257533e-01 8.389608e-02 2.340000e-02
# H0W = 
#	 0.000000e+00 -3.326008e+03 -3.036193e+04
#	 3.326008e+03 0.000000e+00 -1.963701e+04
#	 3.036193e+04 1.963701e+04 0.000000e+00
# H0H0W = 
#	 0.000000e+00 2.453586e+07 7.330598e+09
#	 2.453586e+07 0.000000e+00 4.596306e+09
#	 7.330598e+09 4.596306e+09 0.000000e+00
# WH0W = 
#	 1.063538e+04 3.769364e+03 -2.838291e+04
#	 3.769364e+03 2.957846e+02 -1.955451e+04
#	 -2.838291e+04 -1.955451e+04 -1.093116e+04
#################################################
##            CALCULATION COMPLETED            ##
#################################################
# Psi[0]^2 = 0.027047 + I0.000000
# Psi[1]^2 = 0.944475 + I0.000000
# Psi[2]^2 = 0.028479 + I0.000000
# phi0 = -0.473012 
# phi1 = -1.130208 
# phi2 = -2.663926 
# Psi = 
#	-7.492252e-02+i(1.464014e-01)
#	-8.790310e-01+i(4.144625e-01)
#	-7.757847e-02+i(-1.498672e-01)
#ProbSurv b 1-|Psi|^2 calls E tol dh dh(prev) dh(last)
0.303035964279	1	-4.48486e-12	9001	18.025	0.0001	0.0001	0.0001	5e-05
