# a = 0.100000
# b = 1.000000
# E = 570000.000000
# tol = 0.000100
# s12 = 0.554977
# s13 = 0.152971
# psi0 = 0.822075 + I0.000000	0.548446 + I0.000000	0.152971 + I0.000000
# dh = 0.000100
# out = data/E5.7e5.0_tol1e-4.log
# model = sun
# scan_steps = 100.000000
# H0 = 
#	 0.000000e+00 0.000000e+00 0.000000e+00
#	 0.000000e+00 2.332803e-01 0.000000e+00
#	 0.000000e+00 0.000000e+00 7.635018e+00
# W = 
#	 6.758072e-01 4.508635e-01 1.257533e-01
#	 4.508635e-01 3.007928e-01 8.389608e-02
#	 1.257533e-01 8.389608e-02 2.340000e-02
# H0W = 
#	 0.000000e+00 -1.051776e-01 -9.601285e-01
#	 1.051776e-01 0.000000e+00 -6.209767e-01
#	 9.601285e-01 6.209767e-01 0.000000e+00
# H0H0W = 
#	 0.000000e+00 2.453586e-02 7.330598e+00
#	 2.453586e-02 0.000000e+00 4.596306e+00
#	 7.330598e+00 4.596306e+00 0.000000e+00
# WH0W = 
#	 3.363201e-01 1.191978e-01 -8.975465e-01
#	 1.191978e-01 9.353529e-03 -6.183679e-01
#	 -8.975465e-01 -6.183679e-01 -3.456736e-01
#################################################
##            CALCULATION COMPLETED            ##
#################################################
# Psi[0]^2 = 0.619918 + I0.000000
# Psi[1]^2 = 0.290944 + I0.000000
# Psi[2]^2 = 0.089138 + I0.000000
# phi0 = 2.389907 
# phi1 = 2.421846 
# phi2 = -2.715197 
# Psi = 
#	5.376578e-01+i(-5.751884e-01)
#	3.555643e-01+i(-4.056086e-01)
#	-1.234820e-01+i(-2.718277e-01)
#ProbSurv b 1-|Psi|^2 calls E tol dh dh(prev) dh(last)
0.508544558325	1	-7.90479e-14	9001	570000	0.0001	0.0001	0.0001	5e-05
