# a = 0.100000
# b = 1.000000
# E = 5.700000
# tol = 0.000100
# s12 = 0.554977
# s13 = 0.152971
# psi0 = 0.822075 + I0.000000	0.548446 + I0.000000	0.152971 + I0.000000
# dh = 0.000100
# out = data/E5.7e0.0_tol1e-4.log
# model = sun
# scan_steps = 100.000000
# H0 = 
#	 0.000000e+00 0.000000e+00 0.000000e+00
#	 0.000000e+00 2.332803e+04 0.000000e+00
#	 0.000000e+00 0.000000e+00 7.635018e+05
# W = 
#	 6.758072e-01 4.508635e-01 1.257533e-01
#	 4.508635e-01 3.007928e-01 8.389608e-02
#	 1.257533e-01 8.389608e-02 2.340000e-02
# H0W = 
#	 0.000000e+00 -1.051776e+04 -9.601285e+04
#	 1.051776e+04 0.000000e+00 -6.209767e+04
#	 9.601285e+04 6.209767e+04 0.000000e+00
# H0H0W = 
#	 0.000000e+00 2.453586e+08 7.330598e+10
#	 2.453586e+08 0.000000e+00 4.596306e+10
#	 7.330598e+10 4.596306e+10 0.000000e+00
# WH0W = 
#	 3.363201e+04 1.191978e+04 -8.975465e+04
#	 1.191978e+04 9.353529e+02 -6.183679e+04
#	 -8.975465e+04 -6.183679e+04 -3.456736e+04
#################################################
##            CALCULATION COMPLETED            ##
#################################################
# Psi[0]^2 = 0.228953 + I0.000000
# Psi[1]^2 = 0.746194 + I0.000000
# Psi[2]^2 = 0.024852 + I0.000000
# phi0 = -1.748631 
# phi1 = 0.802316 
# phi2 = 0.411836 
# Psi = 
#	-4.709445e-01+i(-8.464468e-02)
#	6.210629e-01+i(6.003959e-01)
#	6.310452e-02+i(1.444647e-01)
#ProbSurv b 1-|Psi|^2 calls E tol dh dh(prev) dh(last)
0.379759810418	1	-1.20328e-11	32563	5.7	0.0001	0.0001	2.76404e-05	1.46872e-05
