# a = 0.100000
# b = 1.000000
# E = 5.800000
# tol = 0.000100
# s12 = 0.554977
# s13 = 0.152971
# psi0 = 0.822075 + I0.000000	0.548446 + I0.000000	0.152971 + I0.000000
# dh = 0.000100
# out = data/E5.8e0.0_tol1e-4.log
# model = sun
# scan_steps = 100.000000
# H0 = 
#	 0.000000e+00 0.000000e+00 0.000000e+00
#	 0.000000e+00 2.292583e+04 0.000000e+00
#	 0.000000e+00 0.000000e+00 7.503379e+05
# W = 
#	 6.758072e-01 4.508635e-01 1.257533e-01
#	 4.508635e-01 3.007928e-01 8.389608e-02
#	 1.257533e-01 8.389608e-02 2.340000e-02
# H0W = 
#	 0.000000e+00 -1.033642e+04 -9.435746e+04
#	 1.033642e+04 0.000000e+00 -6.102702e+04
#	 9.435746e+04 6.102702e+04 0.000000e+00
# H0H0W = 
#	 0.000000e+00 2.369709e+08 7.079998e+10
#	 2.369709e+08 0.000000e+00 4.439179e+10
#	 7.079998e+10 4.439179e+10 0.000000e+00
# WH0W = 
#	 3.305215e+04 1.171426e+04 -8.820716e+04
#	 1.171426e+04 9.192262e+02 -6.077063e+04
#	 -8.820716e+04 -6.077063e+04 -3.397138e+04
#################################################
##            CALCULATION COMPLETED            ##
#################################################
# Psi[0]^2 = 0.223618 + I0.000000
# Psi[1]^2 = 0.751503 + I0.000000
# Psi[2]^2 = 0.024879 + I0.000000
# phi0 = 0.043059 
# phi1 = 1.434877 
# phi2 = 3.072139 
# Psi = 
#	2.035554e-02+i(4.724445e-01)
#	8.588975e-01+i(1.174653e-01)
#	1.094612e-02+i(-1.573503e-01)
#ProbSurv b 1-|Psi|^2 calls E tol dh dh(prev) dh(last)
0.377751576419	1	-1.30238e-11	32282	5.8	0.0001	0.0001	2.78807e-05	1.89153e-05
