# a = 0.100000
# b = 1.000000
# E = 580.000000
# tol = 0.000100
# s12 = 0.554977
# s13 = 0.152971
# psi0 = 0.822075 + I0.000000	0.548446 + I0.000000	0.152971 + I0.000000
# dh = 0.000100
# out = data/E5.8e2.0_tol1e-4.log
# model = sun
# scan_steps = 100.000000
# H0 = 
#	 0.000000e+00 0.000000e+00 0.000000e+00
#	 0.000000e+00 2.292583e+02 0.000000e+00
#	 0.000000e+00 0.000000e+00 7.503379e+03
# W = 
#	 6.758072e-01 4.508635e-01 1.257533e-01
#	 4.508635e-01 3.007928e-01 8.389608e-02
#	 1.257533e-01 8.389608e-02 2.340000e-02
# H0W = 
#	 0.000000e+00 -1.033642e+02 -9.435746e+02
#	 1.033642e+02 0.000000e+00 -6.102702e+02
#	 9.435746e+02 6.102702e+02 0.000000e+00
# H0H0W = 
#	 0.000000e+00 2.369709e+04 7.079998e+06
#	 2.369709e+04 0.000000e+00 4.439179e+06
#	 7.079998e+06 4.439179e+06 0.000000e+00
# WH0W = 
#	 3.305215e+02 1.171426e+02 -8.820716e+02
#	 1.171426e+02 9.192262e+00 -6.077063e+02
#	 -8.820716e+02 -6.077063e+02 -3.397138e+02
#################################################
##            CALCULATION COMPLETED            ##
#################################################
# Psi[0]^2 = 0.000024 + I0.000000
# Psi[1]^2 = 0.004913 + I0.000000
# Psi[2]^2 = 0.995063 + I0.000000
# phi0 = 2.270461 
# phi1 = 2.749704 
# phi2 = -2.046515 
# Psi = 
#	3.736745e-03+i(-3.145272e-03)
#	2.677172e-02+i(-6.478112e-02)
#	-8.867668e-01+i(-4.568452e-01)
#ProbSurv b 1-|Psi|^2 calls E tol dh dh(prev) dh(last)
0.0247784832084	1	-1.94955e-13	9001	580	0.0001	0.0001	0.0001	5e-05
