# a = 0.100000
# b = 1.000000
# E = 580000.000000
# tol = 0.000100
# s12 = 0.554977
# s13 = 0.152971
# psi0 = 0.822075 + I0.000000	0.548446 + I0.000000	0.152971 + I0.000000
# dh = 0.000100
# out = data/E5.8e5.0_tol1e-4.log
# model = sun
# scan_steps = 100.000000
# H0 = 
#	 0.000000e+00 0.000000e+00 0.000000e+00
#	 0.000000e+00 2.292583e-01 0.000000e+00
#	 0.000000e+00 0.000000e+00 7.503379e+00
# W = 
#	 6.758072e-01 4.508635e-01 1.257533e-01
#	 4.508635e-01 3.007928e-01 8.389608e-02
#	 1.257533e-01 8.389608e-02 2.340000e-02
# H0W = 
#	 0.000000e+00 -1.033642e-01 -9.435746e-01
#	 1.033642e-01 0.000000e+00 -6.102702e-01
#	 9.435746e-01 6.102702e-01 0.000000e+00
# H0H0W = 
#	 0.000000e+00 2.369709e-02 7.079998e+00
#	 2.369709e-02 0.000000e+00 4.439179e+00
#	 7.079998e+00 4.439179e+00 0.000000e+00
# WH0W = 
#	 3.305215e-01 1.171426e-01 -8.820716e-01
#	 1.171426e-01 9.192262e-03 -6.077063e-01
#	 -8.820716e-01 -6.077063e-01 -3.397138e-01
#################################################
##            CALCULATION COMPLETED            ##
#################################################
# Psi[0]^2 = 0.621182 + I0.000000
# Psi[1]^2 = 0.291267 + I0.000000
# Psi[2]^2 = 0.087551 + I0.000000
# phi0 = 2.386662 
# phi1 = 2.418048 
# phi2 = -2.740934 
# Psi = 
#	5.400708e-01+i(-5.740255e-01)
#	3.573007e-01+i(-4.044793e-01)
#	-1.154044e-01+i(-2.724568e-01)
#ProbSurv b 1-|Psi|^2 calls E tol dh dh(prev) dh(last)
0.509458927266	1	-1.18794e-13	9001	580000	0.0001	0.0001	0.0001	5e-05
