# a = 0.100000
# b = 1.000000
# E = 58.000000
# tol = 0.000100
# s12 = 0.554977
# s13 = 0.152971
# psi0 = 0.822075 + I0.000000	0.548446 + I0.000000	0.152971 + I0.000000
# dh = 0.000100
# out = data/E5.8e1.0_tol1e-4.log
# model = sun
# scan_steps = 100.000000
# H0 = 
#	 0.000000e+00 0.000000e+00 0.000000e+00
#	 0.000000e+00 2.292583e+03 0.000000e+00
#	 0.000000e+00 0.000000e+00 7.503379e+04
# W = 
#	 6.758072e-01 4.508635e-01 1.257533e-01
#	 4.508635e-01 3.007928e-01 8.389608e-02
#	 1.257533e-01 8.389608e-02 2.340000e-02
# H0W = 
#	 0.000000e+00 -1.033642e+03 -9.435746e+03
#	 1.033642e+03 0.000000e+00 -6.102702e+03
#	 9.435746e+03 6.102702e+03 0.000000e+00
# H0H0W = 
#	 0.000000e+00 2.369709e+06 7.079998e+08
#	 2.369709e+06 0.000000e+00 4.439179e+08
#	 7.079998e+08 4.439179e+08 0.000000e+00
# WH0W = 
#	 3.305215e+03 1.171426e+03 -8.820716e+03
#	 1.171426e+03 9.192262e+01 -6.077063e+03
#	 -8.820716e+03 -6.077063e+03 -3.397138e+03
#################################################
##            CALCULATION COMPLETED            ##
#################################################
# Psi[0]^2 = 0.002335 + I0.000000
# Psi[1]^2 = 0.949334 + I0.000000
# Psi[2]^2 = 0.048331 + I0.000000
# phi0 = 0.247880 
# phi1 = 1.838488 
# phi2 = -1.837608 
# Psi = 
#	1.185577e-02+i(4.684494e-02)
#	9.396357e-01+i(-2.577183e-01)
#	-2.120642e-01+i(-5.796322e-02)
#ProbSurv b 1-|Psi|^2 calls E tol dh dh(prev) dh(last)
 0.28826180263	1	-1.28098e-12	9001	58	0.0001	0.0001	0.0001	5e-05
