# a = 0.100000
# b = 1.000000
# E = 1834121.042898
# tol = 0.000100
# s12 = 0.554977
# s13 = 0.152971
# psi0 = 0.822075 + I0.000000	0.548446 + I0.000000	0.152971 + I0.000000
# dh = 0.000100
# out = data/E5.8e5.5_tol1e-4.log
# model = sun
# scan_steps = 100.000000
# H0 = 
#	 0.000000e+00 0.000000e+00 0.000000e+00
#	 0.000000e+00 7.249782e-02 0.000000e+00
#	 0.000000e+00 0.000000e+00 2.372777e+00
# W = 
#	 6.758072e-01 4.508635e-01 1.257533e-01
#	 4.508635e-01 3.007928e-01 8.389608e-02
#	 1.257533e-01 8.389608e-02 2.340000e-02
# H0W = 
#	 0.000000e+00 -3.268663e-02 -2.983845e-01
#	 3.268663e-02 0.000000e+00 -1.929844e-01
#	 2.983845e-01 1.929844e-01 0.000000e+00
# H0H0W = 
#	 0.000000e+00 2.369709e-03 7.079998e-01
#	 2.369709e-03 0.000000e+00 4.439179e-01
#	 7.079998e-01 4.439179e-01 0.000000e+00
# WH0W = 
#	 1.045201e-01 3.704375e-02 -2.789355e-01
#	 3.704375e-02 2.906848e-03 -1.921736e-01
#	 -2.789355e-01 -1.921736e-01 -1.074269e-01
#################################################
##            CALCULATION COMPLETED            ##
#################################################
# Psi[0]^2 = 0.662400 + I0.000000
# Psi[1]^2 = 0.299678 + I0.000000
# Psi[2]^2 = 0.037921 + I0.000000
# phi0 = 2.257898 
# phi1 = 2.267812 
# phi2 = 2.596021 
# Psi = 
#	6.292004e-01+i(-5.162431e-01)
#	4.197474e-01+i(-3.514123e-01)
#	1.010489e-01+i(-1.664648e-01)
#ProbSurv b 1-|Psi|^2 calls E tol dh dh(prev) dh(last)
0.538683248875	1	-1.0103e-13	9001	1.83412e+06	0.0001	0.0001	0.0001	5e-05
