# a = 0.100000
# b = 1.000000
# E = 1.834121
# tol = 0.000100
# s12 = 0.554977
# s13 = 0.152971
# psi0 = 0.822075 + I0.000000	0.548446 + I0.000000	0.152971 + I0.000000
# dh = 0.000100
# out = data/E5.8e-0.5_tol1e-4.log
# model = sun
# scan_steps = 100.000000
# H0 = 
#	 0.000000e+00 0.000000e+00 0.000000e+00
#	 0.000000e+00 7.249782e+04 0.000000e+00
#	 0.000000e+00 0.000000e+00 2.372777e+06
# W = 
#	 6.758072e-01 4.508635e-01 1.257533e-01
#	 4.508635e-01 3.007928e-01 8.389608e-02
#	 1.257533e-01 8.389608e-02 2.340000e-02
# H0W = 
#	 0.000000e+00 -3.268663e+04 -2.983845e+05
#	 3.268663e+04 0.000000e+00 -1.929844e+05
#	 2.983845e+05 1.929844e+05 0.000000e+00
# H0H0W = 
#	 0.000000e+00 2.369709e+09 7.079998e+11
#	 2.369709e+09 0.000000e+00 4.439179e+11
#	 7.079998e+11 4.439179e+11 0.000000e+00
# WH0W = 
#	 1.045201e+05 3.704375e+04 -2.789355e+05
#	 3.704375e+04 2.906848e+03 -1.921736e+05
#	 -2.789355e+05 -1.921736e+05 -1.074269e+05
#################################################
##            CALCULATION COMPLETED            ##
#################################################
# Psi[0]^2 = 0.527269 + I0.000000
# Psi[1]^2 = 0.448878 + I0.000000
# Psi[2]^2 = 0.023853 + I0.000000
# phi0 = -1.334858 
# phi1 = 1.254239 
# phi2 = -2.116744 
# Psi = 
#	-7.060157e-01+i(1.697373e-01)
#	6.366937e-01+i(2.085634e-01)
#	-1.319947e-01+i(-8.019250e-02)
#ProbSurv b 1-|Psi|^2 calls E tol dh dh(prev) dh(last)
0.491909483798	1	2.99474e-11	211653	1.83412	0.0001	0.0001	4.25227e-06	4.04365e-06
