# a = 0.100000
# b = 1.000000
# E = 183412.104290
# tol = 0.000100
# s12 = 0.554977
# s13 = 0.152971
# psi0 = 0.822075 + I0.000000	0.548446 + I0.000000	0.152971 + I0.000000
# dh = 0.000100
# out = data/E5.8e4.5_tol1e-4.log
# model = sun
# scan_steps = 100.000000
# H0 = 
#	 0.000000e+00 0.000000e+00 0.000000e+00
#	 0.000000e+00 7.249782e-01 0.000000e+00
#	 0.000000e+00 0.000000e+00 2.372777e+01
# W = 
#	 6.758072e-01 4.508635e-01 1.257533e-01
#	 4.508635e-01 3.007928e-01 8.389608e-02
#	 1.257533e-01 8.389608e-02 2.340000e-02
# H0W = 
#	 0.000000e+00 -3.268663e-01 -2.983845e+00
#	 3.268663e-01 0.000000e+00 -1.929844e+00
#	 2.983845e+00 1.929844e+00 0.000000e+00
# H0H0W = 
#	 0.000000e+00 2.369709e-01 7.079998e+01
#	 2.369709e-01 0.000000e+00 4.439179e+01
#	 7.079998e+01 4.439179e+01 0.000000e+00
# WH0W = 
#	 1.045201e+00 3.704375e-01 -2.789355e+00
#	 3.704375e-01 2.906848e-02 -1.921736e+00
#	 -2.789355e+00 -1.921736e+00 -1.074269e+00
#################################################
##            CALCULATION COMPLETED            ##
#################################################
# Psi[0]^2 = 0.469100 + I0.000000
# Psi[1]^2 = 0.245636 + I0.000000
# Psi[2]^2 = 0.285264 + I0.000000
# phi0 = 2.726360 
# phi1 = 2.828238 
# phi2 = 1.012383 
# Psi = 
#	2.762940e-01+i(-6.267071e-01)
#	1.527748e-01+i(-4.714830e-01)
#	4.529690e-01+i(2.829888e-01)
#ProbSurv b 1-|Psi|^2 calls E tol dh dh(prev) dh(last)
  0.3975820564	1	-1.23013e-13	9001	183412	0.0001	0.0001	0.0001	5e-05
