# a = 0.100000
# b = 1.000000
# E = 0.580000
# tol = 0.000100
# s12 = 0.554977
# s13 = 0.152971
# psi0 = 0.822075 + I0.000000	0.548446 + I0.000000	0.152971 + I0.000000
# dh = 0.000100
# out = data/E5.8e-1.0_tol1e-4.log
# model = sun
# scan_steps = 100.000000
# H0 = 
#	 0.000000e+00 0.000000e+00 0.000000e+00
#	 0.000000e+00 2.292583e+05 0.000000e+00
#	 0.000000e+00 0.000000e+00 7.503379e+06
# W = 
#	 6.758072e-01 4.508635e-01 1.257533e-01
#	 4.508635e-01 3.007928e-01 8.389608e-02
#	 1.257533e-01 8.389608e-02 2.340000e-02
# H0W = 
#	 0.000000e+00 -1.033642e+05 -9.435746e+05
#	 1.033642e+05 0.000000e+00 -6.102702e+05
#	 9.435746e+05 6.102702e+05 0.000000e+00
# H0H0W = 
#	 0.000000e+00 2.369709e+10 7.079998e+12
#	 2.369709e+10 0.000000e+00 4.439179e+12
#	 7.079998e+12 4.439179e+12 0.000000e+00
# WH0W = 
#	 3.305215e+05 1.171426e+05 -8.820716e+05
#	 1.171426e+05 9.192262e+03 -6.077063e+05
#	 -8.820716e+05 -6.077063e+05 -3.397138e+05
#################################################
##            CALCULATION COMPLETED            ##
#################################################
# Psi[0]^2 = 0.632726 + I0.000000
# Psi[1]^2 = 0.343732 + I0.000000
# Psi[2]^2 = 0.023542 + I0.000000
# phi0 = 1.190312 
# phi1 = 0.638264 
# phi2 = 1.890249 
# Psi = 
#	7.385551e-01+i(2.954029e-01)
#	3.493108e-01+i(4.708647e-01)
#	1.456715e-01+i(-4.818543e-02)
#ProbSurv b 1-|Psi|^2 calls E tol dh dh(prev) dh(last)
0.531543941499	1	-3.15155e-11	509750	0.58	0.0001	0.0001	1.76558e-06	1.33886e-06
