# a = 0.100000
# b = 1.000000
# E = 186574.381950
# tol = 0.000100
# s12 = 0.554977
# s13 = 0.152971
# psi0 = 0.822075 + I0.000000	0.548446 + I0.000000	0.152971 + I0.000000
# dh = 0.000100
# out = data/E5.9e4.5_tol1e-4.log
# model = sun
# scan_steps = 100.000000
# H0 = 
#	 0.000000e+00 0.000000e+00 0.000000e+00
#	 0.000000e+00 7.126905e-01 0.000000e+00
#	 0.000000e+00 0.000000e+00 2.332560e+01
# W = 
#	 6.758072e-01 4.508635e-01 1.257533e-01
#	 4.508635e-01 3.007928e-01 8.389608e-02
#	 1.257533e-01 8.389608e-02 2.340000e-02
# H0W = 
#	 0.000000e+00 -3.213262e-01 -2.933271e+00
#	 3.213262e-01 0.000000e+00 -1.897135e+00
#	 2.933271e+00 1.897135e+00 0.000000e+00
# H0H0W = 
#	 0.000000e+00 2.290061e-01 6.842032e+01
#	 2.290061e-01 0.000000e+00 4.289974e+01
#	 6.842032e+01 4.289974e+01 0.000000e+00
# WH0W = 
#	 1.027485e+00 3.641589e-01 -2.742078e+00
#	 3.641589e-01 2.857580e-02 -1.889164e+00
#	 -2.742078e+00 -1.889164e+00 -1.056061e+00
#################################################
##            CALCULATION COMPLETED            ##
#################################################
# Psi[0]^2 = 0.471597 + I0.000000
# Psi[1]^2 = 0.246310 + I0.000000
# Psi[2]^2 = 0.282093 + I0.000000
# phi0 = 2.718659 
# phi1 = 2.818839 
# phi2 = 0.903843 
# Psi = 
#	2.818595e-01+i(-6.262209e-01)
#	1.574149e-01+i(-4.706703e-01)
#	4.173092e-01+i(3.285508e-01)
#ProbSurv b 1-|Psi|^2 calls E tol dh dh(prev) dh(last)
0.399398173607	1	-1.1191e-13	9001	186574	0.0001	0.0001	0.0001	5e-05
