# a = 0.100000
# b = 1.000000
# E = 18.657438
# tol = 0.000100
# s12 = 0.554977
# s13 = 0.152971
# psi0 = 0.822075 + I0.000000	0.548446 + I0.000000	0.152971 + I0.000000
# dh = 0.000100
# out = data/E5.9e0.5_tol1e-4.log
# model = sun
# scan_steps = 100.000000
# H0 = 
#	 0.000000e+00 0.000000e+00 0.000000e+00
#	 0.000000e+00 7.126905e+03 0.000000e+00
#	 0.000000e+00 0.000000e+00 2.332560e+05
# W = 
#	 6.758072e-01 4.508635e-01 1.257533e-01
#	 4.508635e-01 3.007928e-01 8.389608e-02
#	 1.257533e-01 8.389608e-02 2.340000e-02
# H0W = 
#	 0.000000e+00 -3.213262e+03 -2.933271e+04
#	 3.213262e+03 0.000000e+00 -1.897135e+04
#	 2.933271e+04 1.897135e+04 0.000000e+00
# H0H0W = 
#	 0.000000e+00 2.290061e+07 6.842032e+09
#	 2.290061e+07 0.000000e+00 4.289974e+09
#	 6.842032e+09 4.289974e+09 0.000000e+00
# WH0W = 
#	 1.027485e+04 3.641589e+03 -2.742078e+04
#	 3.641589e+03 2.857580e+02 -1.889164e+04
#	 -2.742078e+04 -1.889164e+04 -1.056061e+04
#################################################
##            CALCULATION COMPLETED            ##
#################################################
# Psi[0]^2 = 0.025109 + I0.000000
# Psi[1]^2 = 0.946206 + I0.000000
# Psi[2]^2 = 0.028685 + I0.000000
# phi0 = -1.392050 
# phi1 = 0.828606 
# phi2 = 1.628213 
# Psi = 
#	-1.559328e-01+i(2.817305e-02)
#	7.168934e-01+i(6.574726e-01)
#	1.690872e-01+i(-9.719076e-03)
#ProbSurv b 1-|Psi|^2 calls E tol dh dh(prev) dh(last)
 0.30225195252	1	-4.07341e-12	9001	18.6574	0.0001	0.0001	0.0001	5e-05
