# a = 0.100000
# b = 1.000000
# E = 5900.000000
# tol = 0.000100
# s12 = 0.554977
# s13 = 0.152971
# psi0 = 0.822075 + I0.000000	0.548446 + I0.000000	0.152971 + I0.000000
# dh = 0.000100
# out = data/E5.9e3.0_tol1e-4.log
# model = sun
# scan_steps = 100.000000
# H0 = 
#	 0.000000e+00 0.000000e+00 0.000000e+00
#	 0.000000e+00 2.253725e+01 0.000000e+00
#	 0.000000e+00 0.000000e+00 7.376203e+02
# W = 
#	 6.758072e-01 4.508635e-01 1.257533e-01
#	 4.508635e-01 3.007928e-01 8.389608e-02
#	 1.257533e-01 8.389608e-02 2.340000e-02
# H0W = 
#	 0.000000e+00 -1.016123e+01 -9.275818e+01
#	 1.016123e+01 0.000000e+00 -5.999266e+01
#	 9.275818e+01 5.999266e+01 0.000000e+00
# H0H0W = 
#	 0.000000e+00 2.290061e+02 6.842032e+04
#	 2.290061e+02 0.000000e+00 4.289974e+04
#	 6.842032e+04 4.289974e+04 0.000000e+00
# WH0W = 
#	 3.249194e+01 1.151572e+01 -8.671212e+01
#	 1.151572e+01 9.036460e-01 -5.974062e+01
#	 -8.671212e+01 -5.974062e+01 -3.339559e+01
#################################################
##            CALCULATION COMPLETED            ##
#################################################
# Psi[0]^2 = 0.000004 + I0.000000
# Psi[1]^2 = 0.000115 + I0.000000
# Psi[2]^2 = 0.999881 + I0.000000
# phi0 = -0.326776 
# phi1 = -1.629554 
# phi2 = 0.422720 
# Psi = 
#	-6.371222e-04+i(1.879825e-03)
#	-1.071489e-02+i(-6.303076e-04)
#	4.102184e-01+i(9.119220e-01)
#ProbSurv b 1-|Psi|^2 calls E tol dh dh(prev) dh(last)
0.0234345276476	1	-8.77076e-14	9001	5900	0.0001	0.0001	0.0001	5e-05
