# a = 0.100000
# b = 1.000000
# E = 5.900000
# tol = 0.000100
# s12 = 0.554977
# s13 = 0.152971
# psi0 = 0.822075 + I0.000000	0.548446 + I0.000000	0.152971 + I0.000000
# dh = 0.000100
# out = data/E5.9e0.0_tol1e-4.log
# model = sun
# scan_steps = 100.000000
# H0 = 
#	 0.000000e+00 0.000000e+00 0.000000e+00
#	 0.000000e+00 2.253725e+04 0.000000e+00
#	 0.000000e+00 0.000000e+00 7.376203e+05
# W = 
#	 6.758072e-01 4.508635e-01 1.257533e-01
#	 4.508635e-01 3.007928e-01 8.389608e-02
#	 1.257533e-01 8.389608e-02 2.340000e-02
# H0W = 
#	 0.000000e+00 -1.016123e+04 -9.275818e+04
#	 1.016123e+04 0.000000e+00 -5.999266e+04
#	 9.275818e+04 5.999266e+04 0.000000e+00
# H0H0W = 
#	 0.000000e+00 2.290061e+08 6.842032e+10
#	 2.290061e+08 0.000000e+00 4.289974e+10
#	 6.842032e+10 4.289974e+10 0.000000e+00
# WH0W = 
#	 3.249194e+04 1.151572e+04 -8.671212e+04
#	 1.151572e+04 9.036460e+02 -5.974062e+04
#	 -8.671212e+04 -5.974062e+04 -3.339559e+04
#################################################
##            CALCULATION COMPLETED            ##
#################################################
# Psi[0]^2 = 0.218410 + I0.000000
# Psi[1]^2 = 0.756684 + I0.000000
# Psi[2]^2 = 0.024906 + I0.000000
# phi0 = 1.849642 
# phi1 = 1.756775 
# phi2 = -1.066426 
# Psi = 
#	4.492920e-01+i(-1.286347e-01)
#	8.548755e-01+i(-1.608476e-01)
#	-1.381640e-01+i(7.626526e-02)
#ProbSurv b 1-|Psi|^2 calls E tol dh dh(prev) dh(last)
0.375791117956	1	-1.26528e-11	31975	5.9	0.0001	0.0001	2.8148e-05	2.56383e-05
