# a = 0.100000
# b = 1.000000
# E = 1865743.819499
# tol = 0.000100
# s12 = 0.554977
# s13 = 0.152971
# psi0 = 0.822075 + I0.000000	0.548446 + I0.000000	0.152971 + I0.000000
# dh = 0.000100
# out = data/E5.9e5.5_tol1e-4.log
# model = sun
# scan_steps = 100.000000
# H0 = 
#	 0.000000e+00 0.000000e+00 0.000000e+00
#	 0.000000e+00 7.126905e-02 0.000000e+00
#	 0.000000e+00 0.000000e+00 2.332560e+00
# W = 
#	 6.758072e-01 4.508635e-01 1.257533e-01
#	 4.508635e-01 3.007928e-01 8.389608e-02
#	 1.257533e-01 8.389608e-02 2.340000e-02
# H0W = 
#	 0.000000e+00 -3.213262e-02 -2.933271e-01
#	 3.213262e-02 0.000000e+00 -1.897135e-01
#	 2.933271e-01 1.897135e-01 0.000000e+00
# H0H0W = 
#	 0.000000e+00 2.290061e-03 6.842032e-01
#	 2.290061e-03 0.000000e+00 4.289974e-01
#	 6.842032e-01 4.289974e-01 0.000000e+00
# WH0W = 
#	 1.027485e-01 3.641589e-02 -2.742078e-01
#	 3.641589e-02 2.857580e-03 -1.889164e-01
#	 -2.742078e-01 -1.889164e-01 -1.056061e-01
#################################################
##            CALCULATION COMPLETED            ##
#################################################
# Psi[0]^2 = 0.662656 + I0.000000
# Psi[1]^2 = 0.299711 + I0.000000
# Psi[2]^2 = 0.037632 + I0.000000
# phi0 = 2.256884 
# phi1 = 2.266631 
# phi2 = 2.589061 
# Psi = 
#	6.298452e-01+i(-5.157049e-01)
#	4.201852e-01+i(-3.509354e-01)
#	1.018146e-01+i(-1.651243e-01)
#ProbSurv b 1-|Psi|^2 calls E tol dh dh(prev) dh(last)
0.538859609846	1	-1.06137e-13	9001	1.86574e+06	0.0001	0.0001	0.0001	5e-05
