# a = 0.100000
# b = 1.000000
# E = 5900000.000000
# tol = 0.000100
# s12 = 0.554977
# s13 = 0.152971
# psi0 = 0.822075 + I0.000000	0.548446 + I0.000000	0.152971 + I0.000000
# dh = 0.000100
# out = data/E5.9e6.0_tol1e-4.log
# model = sun
# scan_steps = 100.000000
# H0 = 
#	 0.000000e+00 0.000000e+00 0.000000e+00
#	 0.000000e+00 2.253725e-02 0.000000e+00
#	 0.000000e+00 0.000000e+00 7.376203e-01
# W = 
#	 6.758072e-01 4.508635e-01 1.257533e-01
#	 4.508635e-01 3.007928e-01 8.389608e-02
#	 1.257533e-01 8.389608e-02 2.340000e-02
# H0W = 
#	 0.000000e+00 -1.016123e-02 -9.275818e-02
#	 1.016123e-02 0.000000e+00 -5.999266e-02
#	 9.275818e-02 5.999266e-02 0.000000e+00
# H0H0W = 
#	 0.000000e+00 2.290061e-04 6.842032e-02
#	 2.290061e-04 0.000000e+00 4.289974e-02
#	 6.842032e-02 4.289974e-02 0.000000e+00
# WH0W = 
#	 3.249194e-02 1.151572e-02 -8.671212e-02
#	 1.151572e-02 9.036460e-04 -5.974062e-02
#	 -8.671212e-02 -5.974062e-02 -3.339559e-02
#################################################
##            CALCULATION COMPLETED            ##
#################################################
# Psi[0]^2 = 0.672003 + I0.000000
# Psi[1]^2 = 0.300618 + I0.000000
# Psi[2]^2 = 0.027378 + I0.000000
# phi0 = 2.216832 
# phi1 = 2.219917 
# phi2 = 2.319136 
# Psi = 
#	6.545576e-01+i(-4.935155e-01)
#	4.367741e-01+i(-3.314316e-01)
#	1.212552e-01+i(-1.125854e-01)
#ProbSurv b 1-|Psi|^2 calls E tol dh dh(prev) dh(last)
0.545209132702	1	-1.10356e-13	9001	5.9e+06	0.0001	0.0001	0.0001	5e-05
