# a = 0.100000
# b = 1.000000
# E = 186.574382
# tol = 0.000100
# s12 = 0.554977
# s13 = 0.152971
# psi0 = 0.822075 + I0.000000	0.548446 + I0.000000	0.152971 + I0.000000
# dh = 0.000100
# out = data/E5.9e1.5_tol1e-4.log
# model = sun
# scan_steps = 100.000000
# H0 = 
#	 0.000000e+00 0.000000e+00 0.000000e+00
#	 0.000000e+00 7.126905e+02 0.000000e+00
#	 0.000000e+00 0.000000e+00 2.332560e+04
# W = 
#	 6.758072e-01 4.508635e-01 1.257533e-01
#	 4.508635e-01 3.007928e-01 8.389608e-02
#	 1.257533e-01 8.389608e-02 2.340000e-02
# H0W = 
#	 0.000000e+00 -3.213262e+02 -2.933271e+03
#	 3.213262e+02 0.000000e+00 -1.897135e+03
#	 2.933271e+03 1.897135e+03 0.000000e+00
# H0H0W = 
#	 0.000000e+00 2.290061e+05 6.842032e+07
#	 2.290061e+05 0.000000e+00 4.289974e+07
#	 6.842032e+07 4.289974e+07 0.000000e+00
# WH0W = 
#	 1.027485e+03 3.641589e+02 -2.742078e+03
#	 3.641589e+02 2.857580e+01 -1.889164e+03
#	 -2.742078e+03 -1.889164e+03 -1.056061e+03
#################################################
##            CALCULATION COMPLETED            ##
#################################################
# Psi[0]^2 = 0.000207 + I0.000000
# Psi[1]^2 = 0.431227 + I0.000000
# Psi[2]^2 = 0.568566 + I0.000000
# phi0 = -2.979203 
# phi1 = 1.367933 
# phi2 = 2.084305 
# Psi = 
#	-2.324673e-03+i(-1.418936e-02)
#	6.432130e-01+i(1.323043e-01)
#	6.567828e-01+i(-3.704082e-01)
#ProbSurv b 1-|Psi|^2 calls E tol dh dh(prev) dh(last)
 0.14315423779	1	5.95302e-13	9001	186.574	0.0001	0.0001	0.0001	5e-05
