# a = 0.100000
# b = 1.000000
# E = 0.590000
# tol = 0.000100
# s12 = 0.554977
# s13 = 0.152971
# psi0 = 0.822075 + I0.000000	0.548446 + I0.000000	0.152971 + I0.000000
# dh = 0.000100
# out = data/E5.9e-1.0_tol1e-4.log
# model = sun
# scan_steps = 100.000000
# H0 = 
#	 0.000000e+00 0.000000e+00 0.000000e+00
#	 0.000000e+00 2.253725e+05 0.000000e+00
#	 0.000000e+00 0.000000e+00 7.376203e+06
# W = 
#	 6.758072e-01 4.508635e-01 1.257533e-01
#	 4.508635e-01 3.007928e-01 8.389608e-02
#	 1.257533e-01 8.389608e-02 2.340000e-02
# H0W = 
#	 0.000000e+00 -1.016123e+05 -9.275818e+05
#	 1.016123e+05 0.000000e+00 -5.999266e+05
#	 9.275818e+05 5.999266e+05 0.000000e+00
# H0H0W = 
#	 0.000000e+00 2.290061e+10 6.842032e+12
#	 2.290061e+10 0.000000e+00 4.289974e+12
#	 6.842032e+12 4.289974e+12 0.000000e+00
# WH0W = 
#	 3.249194e+05 1.151572e+05 -8.671212e+05
#	 1.151572e+05 9.036460e+03 -5.974062e+05
#	 -8.671212e+05 -5.974062e+05 -3.339559e+05
#################################################
##            CALCULATION COMPLETED            ##
#################################################
# Psi[0]^2 = 0.631940 + I0.000000
# Psi[1]^2 = 0.344515 + I0.000000
# Psi[2]^2 = 0.023544 + I0.000000
# phi0 = 0.787332 
# phi1 = -2.668818 
# phi2 = -1.933222 
# Psi = 
#	5.631986e-01+i(5.610239e-01)
#	-2.672745e-01+i(-5.225700e-01)
#	-1.434745e-01+i(-5.440183e-02)
#ProbSurv b 1-|Psi|^2 calls E tol dh dh(prev) dh(last)
 0.53124850471	1	-3.23606e-11	502107	0.59	0.0001	0.0001	1.79245e-06	1.0743e-06
