# a = 0.100000
# b = 1.000000
# E = 18657.438195
# tol = 0.000100
# s12 = 0.554977
# s13 = 0.152971
# psi0 = 0.822075 + I0.000000	0.548446 + I0.000000	0.152971 + I0.000000
# dh = 0.000100
# out = data/E5.9e3.5_tol1e-4.log
# model = sun
# scan_steps = 100.000000
# H0 = 
#	 0.000000e+00 0.000000e+00 0.000000e+00
#	 0.000000e+00 7.126905e+00 0.000000e+00
#	 0.000000e+00 0.000000e+00 2.332560e+02
# W = 
#	 6.758072e-01 4.508635e-01 1.257533e-01
#	 4.508635e-01 3.007928e-01 8.389608e-02
#	 1.257533e-01 8.389608e-02 2.340000e-02
# H0W = 
#	 0.000000e+00 -3.213262e+00 -2.933271e+01
#	 3.213262e+00 0.000000e+00 -1.897135e+01
#	 2.933271e+01 1.897135e+01 0.000000e+00
# H0H0W = 
#	 0.000000e+00 2.290061e+01 6.842032e+03
#	 2.290061e+01 0.000000e+00 4.289974e+03
#	 6.842032e+03 4.289974e+03 0.000000e+00
# WH0W = 
#	 1.027485e+01 3.641589e+00 -2.742078e+01
#	 3.641589e+00 2.857580e-01 -1.889164e+01
#	 -2.742078e+01 -1.889164e+01 -1.056061e+01
#################################################
##            CALCULATION COMPLETED            ##
#################################################
# Psi[0]^2 = 0.012809 + I0.000000
# Psi[1]^2 = 0.027409 + I0.000000
# Psi[2]^2 = 0.959782 + I0.000000
# phi0 = -0.002878 
# phi1 = 1.054242 
# phi2 = 0.248640 
# Psi = 
#	-3.256697e-04+i(1.131763e-01)
#	1.439556e-01+i(8.176620e-02)
#	2.410863e-01+i(9.495575e-01)
#ProbSurv b 1-|Psi|^2 calls E tol dh dh(prev) dh(last)
0.0393597128824	1	-9.79217e-14	9001	18657.4	0.0001	0.0001	0.0001	5e-05
