# a = 0.100000
# b = 1.000000
# E = 1.865744
# tol = 0.000100
# s12 = 0.554977
# s13 = 0.152971
# psi0 = 0.822075 + I0.000000	0.548446 + I0.000000	0.152971 + I0.000000
# dh = 0.000100
# out = data/E5.9e-0.5_tol1e-4.log
# model = sun
# scan_steps = 100.000000
# H0 = 
#	 0.000000e+00 0.000000e+00 0.000000e+00
#	 0.000000e+00 7.126905e+04 0.000000e+00
#	 0.000000e+00 0.000000e+00 2.332560e+06
# W = 
#	 6.758072e-01 4.508635e-01 1.257533e-01
#	 4.508635e-01 3.007928e-01 8.389608e-02
#	 1.257533e-01 8.389608e-02 2.340000e-02
# H0W = 
#	 0.000000e+00 -3.213262e+04 -2.933271e+05
#	 3.213262e+04 0.000000e+00 -1.897135e+05
#	 2.933271e+05 1.897135e+05 0.000000e+00
# H0H0W = 
#	 0.000000e+00 2.290061e+09 6.842032e+11
#	 2.290061e+09 0.000000e+00 4.289974e+11
#	 6.842032e+11 4.289974e+11 0.000000e+00
# WH0W = 
#	 1.027485e+05 3.641589e+04 -2.742078e+05
#	 3.641589e+04 2.857580e+03 -1.889164e+05
#	 -2.742078e+05 -1.889164e+05 -1.056061e+05
#################################################
##            CALCULATION COMPLETED            ##
#################################################
# Psi[0]^2 = 0.524484 + I0.000000
# Psi[1]^2 = 0.451655 + I0.000000
# Psi[2]^2 = 0.023861 + I0.000000
# phi0 = -2.718939 
# phi1 = 2.575628 
# phi2 = 0.416555 
# Psi = 
#	-2.970593e-01+i(-6.604845e-01)
#	3.603747e-01+i(-5.672607e-01)
#	6.250105e-02+i(1.412622e-01)
#ProbSurv b 1-|Psi|^2 calls E tol dh dh(prev) dh(last)
 0.49086288567	1	2.94105e-11	208426	1.86574	0.0001	0.0001	4.3181e-06	3.92382e-06
