# a = 0.100000
# b = 1.000000
# E = 590000.000000
# tol = 0.000100
# s12 = 0.554977
# s13 = 0.152971
# psi0 = 0.822075 + I0.000000	0.548446 + I0.000000	0.152971 + I0.000000
# dh = 0.000100
# out = data/E5.9e5.0_tol1e-4.log
# model = sun
# scan_steps = 100.000000
# H0 = 
#	 0.000000e+00 0.000000e+00 0.000000e+00
#	 0.000000e+00 2.253725e-01 0.000000e+00
#	 0.000000e+00 0.000000e+00 7.376203e+00
# W = 
#	 6.758072e-01 4.508635e-01 1.257533e-01
#	 4.508635e-01 3.007928e-01 8.389608e-02
#	 1.257533e-01 8.389608e-02 2.340000e-02
# H0W = 
#	 0.000000e+00 -1.016123e-01 -9.275818e-01
#	 1.016123e-01 0.000000e+00 -5.999266e-01
#	 9.275818e-01 5.999266e-01 0.000000e+00
# H0H0W = 
#	 0.000000e+00 2.290061e-02 6.842032e+00
#	 2.290061e-02 0.000000e+00 4.289974e+00
#	 6.842032e+00 4.289974e+00 0.000000e+00
# WH0W = 
#	 3.249194e-01 1.151572e-01 -8.671212e-01
#	 1.151572e-01 9.036460e-03 -5.974062e-01
#	 -8.671212e-01 -5.974062e-01 -3.339559e-01
#################################################
##            CALCULATION COMPLETED            ##
#################################################
# Psi[0]^2 = 0.622395 + I0.000000
# Psi[1]^2 = 0.291575 + I0.000000
# Psi[2]^2 = 0.086031 + I0.000000
# phi0 = 2.383523 
# phi1 = 2.414373 
# phi2 = -2.765732 
# Psi = 
#	5.423987e-01+i(-5.728858e-01)
#	3.589739e-01+i(-4.033763e-01)
#	-1.076663e-01+i(-2.728345e-01)
#ProbSurv b 1-|Psi|^2 calls E tol dh dh(prev) dh(last)
 0.51033542726	1	-1.1946e-13	9001	590000	0.0001	0.0001	0.0001	5e-05
