# a = 0.100000
# b = 1.000000
# E = 6000.000000
# tol = 0.000100
# s12 = 0.554977
# s13 = 0.152971
# psi0 = 0.822075 + I0.000000	0.548446 + I0.000000	0.152971 + I0.000000
# dh = 0.000100
# out = data/E6.0e3.0_tol1e-4.log
# model = sun
# scan_steps = 100.000000
# H0 = 
#	 0.000000e+00 0.000000e+00 0.000000e+00
#	 0.000000e+00 2.216163e+01 0.000000e+00
#	 0.000000e+00 0.000000e+00 7.253267e+02
# W = 
#	 6.758072e-01 4.508635e-01 1.257533e-01
#	 4.508635e-01 3.007928e-01 8.389608e-02
#	 1.257533e-01 8.389608e-02 2.340000e-02
# H0W = 
#	 0.000000e+00 -9.991872e+00 -9.121221e+01
#	 9.991872e+00 0.000000e+00 -5.899279e+01
#	 9.121221e+01 5.899279e+01 0.000000e+00
# H0H0W = 
#	 0.000000e+00 2.214362e+02 6.615865e+04
#	 2.214362e+02 0.000000e+00 4.148167e+04
#	 6.615865e+04 4.148167e+04 0.000000e+00
# WH0W = 
#	 3.195041e+01 1.132379e+01 -8.526692e+01
#	 1.132379e+01 8.885853e-01 -5.874495e+01
#	 -8.526692e+01 -5.874495e+01 -3.283900e+01
#################################################
##            CALCULATION COMPLETED            ##
#################################################
# Psi[0]^2 = 0.000002 + I0.000000
# Psi[1]^2 = 0.000028 + I0.000000
# Psi[2]^2 = 0.999970 + I0.000000
# phi0 = -0.121112 
# phi1 = -0.926970 
# phi2 = -0.556619 
# Psi = 
#	-1.534499e-04+i(1.260806e-03)
#	-4.266762e-03+i(3.202243e-03)
#	-5.283107e-01+i(8.490334e-01)
#ProbSurv b 1-|Psi|^2 calls E tol dh dh(prev) dh(last)
0.0234089469435	1	-7.74936e-14	9001	6000	0.0001	0.0001	0.0001	5e-05
