# a = 0.100000
# b = 1.000000
# E = 600000.000000
# tol = 0.000100
# s12 = 0.554977
# s13 = 0.152971
# psi0 = 0.822075 + I0.000000	0.548446 + I0.000000	0.152971 + I0.000000
# dh = 0.000100
# out = data/E6.0e5.0_tol1e-4.log
# model = sun
# scan_steps = 100.000000
# H0 = 
#	 0.000000e+00 0.000000e+00 0.000000e+00
#	 0.000000e+00 2.216163e-01 0.000000e+00
#	 0.000000e+00 0.000000e+00 7.253267e+00
# W = 
#	 6.758072e-01 4.508635e-01 1.257533e-01
#	 4.508635e-01 3.007928e-01 8.389608e-02
#	 1.257533e-01 8.389608e-02 2.340000e-02
# H0W = 
#	 0.000000e+00 -9.991872e-02 -9.121221e-01
#	 9.991872e-02 0.000000e+00 -5.899279e-01
#	 9.121221e-01 5.899279e-01 0.000000e+00
# H0H0W = 
#	 0.000000e+00 2.214362e-02 6.615865e+00
#	 2.214362e-02 0.000000e+00 4.148167e+00
#	 6.615865e+00 4.148167e+00 0.000000e+00
# WH0W = 
#	 3.195041e-01 1.132379e-01 -8.526692e-01
#	 1.132379e-01 8.885853e-03 -5.874495e-01
#	 -8.526692e-01 -5.874495e-01 -3.283900e-01
#################################################
##            CALCULATION COMPLETED            ##
#################################################
# Psi[0]^2 = 0.623559 + I0.000000
# Psi[1]^2 = 0.291867 + I0.000000
# Psi[2]^2 = 0.084574 + I0.000000
# phi0 = 2.380484 
# phi1 = 2.410817 
# phi2 = -2.789640 
# Psi = 
#	5.446459e-01+i(-5.717689e-01)
#	3.605870e-01+i(-4.022989e-01)
#	-1.002534e-01+i(-2.729890e-01)
#ProbSurv b 1-|Psi|^2 calls E tol dh dh(prev) dh(last)
0.511176194029	1	-1.13021e-13	9001	600000	0.0001	0.0001	0.0001	5e-05
