# a = 0.100000
# b = 1.000000
# E = 1.897367
# tol = 0.000100
# s12 = 0.554977
# s13 = 0.152971
# psi0 = 0.822075 + I0.000000	0.548446 + I0.000000	0.152971 + I0.000000
# dh = 0.000100
# out = data/E6.0e-0.5_tol1e-4.log
# model = sun
# scan_steps = 100.000000
# H0 = 
#	 0.000000e+00 0.000000e+00 0.000000e+00
#	 0.000000e+00 7.008123e+04 0.000000e+00
#	 0.000000e+00 0.000000e+00 2.293684e+06
# W = 
#	 6.758072e-01 4.508635e-01 1.257533e-01
#	 4.508635e-01 3.007928e-01 8.389608e-02
#	 1.257533e-01 8.389608e-02 2.340000e-02
# H0W = 
#	 0.000000e+00 -3.159707e+04 -2.884383e+05
#	 3.159707e+04 0.000000e+00 -1.865516e+05
#	 2.884383e+05 1.865516e+05 0.000000e+00
# H0H0W = 
#	 0.000000e+00 2.214362e+09 6.615865e+11
#	 2.214362e+09 0.000000e+00 4.148167e+11
#	 6.615865e+11 4.148167e+11 0.000000e+00
# WH0W = 
#	 1.010361e+05 3.580896e+04 -2.696377e+05
#	 3.580896e+04 2.809953e+03 -1.857678e+05
#	 -2.696377e+05 -1.857678e+05 -1.038460e+05
#################################################
##            CALCULATION COMPLETED            ##
#################################################
# Psi[0]^2 = 0.521682 + I0.000000
# Psi[1]^2 = 0.454449 + I0.000000
# Psi[2]^2 = 0.023869 + I0.000000
# phi0 = 2.177935 
# phi1 = 3.063503 
# phi2 = 3.075005 
# Psi = 
#	5.931931e-01+i(-4.120724e-01)
#	5.258890e-02+i(-6.720739e-01)
#	1.027995e-02+i(-1.541545e-01)
#ProbSurv b 1-|Psi|^2 calls E tol dh dh(prev) dh(last)
0.489809802479	1	2.87022e-11	204701	1.89737	0.0001	0.0001	4.39668e-06	3.71508e-06
