# a = 0.100000
# b = 1.000000
# E = 189.736660
# tol = 0.000100
# s12 = 0.554977
# s13 = 0.152971
# psi0 = 0.822075 + I0.000000	0.548446 + I0.000000	0.152971 + I0.000000
# dh = 0.000100
# out = data/E6.0e1.5_tol1e-4.log
# model = sun
# scan_steps = 100.000000
# H0 = 
#	 0.000000e+00 0.000000e+00 0.000000e+00
#	 0.000000e+00 7.008123e+02 0.000000e+00
#	 0.000000e+00 0.000000e+00 2.293684e+04
# W = 
#	 6.758072e-01 4.508635e-01 1.257533e-01
#	 4.508635e-01 3.007928e-01 8.389608e-02
#	 1.257533e-01 8.389608e-02 2.340000e-02
# H0W = 
#	 0.000000e+00 -3.159707e+02 -2.884383e+03
#	 3.159707e+02 0.000000e+00 -1.865516e+03
#	 2.884383e+03 1.865516e+03 0.000000e+00
# H0H0W = 
#	 0.000000e+00 2.214362e+05 6.615865e+07
#	 2.214362e+05 0.000000e+00 4.148167e+07
#	 6.615865e+07 4.148167e+07 0.000000e+00
# WH0W = 
#	 1.010361e+03 3.580896e+02 -2.696377e+03
#	 3.580896e+02 2.809953e+01 -1.857678e+03
#	 -2.696377e+03 -1.857678e+03 -1.038460e+03
#################################################
##            CALCULATION COMPLETED            ##
#################################################
# Psi[0]^2 = 0.000220 + I0.000000
# Psi[1]^2 = 0.404455 + I0.000000
# Psi[2]^2 = 0.595325 + I0.000000
# phi0 = 1.086958 
# phi1 = 2.019419 
# phi2 = 1.303008 
# Psi = 
#	1.314034e-02+i(6.905241e-03)
#	5.730356e-01+i(-2.758351e-01)
#	7.440730e-01+i(2.041575e-01)
#ProbSurv b 1-|Psi|^2 calls E tol dh dh(prev) dh(last)
 0.13573660522	1	5.19362e-13	9001	189.737	0.0001	0.0001	0.0001	5e-05
