# a = 0.100000
# b = 1.000000
# E = 60.000000
# tol = 0.000100
# s12 = 0.554977
# s13 = 0.152971
# psi0 = 0.822075 + I0.000000	0.548446 + I0.000000	0.152971 + I0.000000
# dh = 0.000100
# out = data/E6.0e1.0_tol1e-4.log
# model = sun
# scan_steps = 100.000000
# H0 = 
#	 0.000000e+00 0.000000e+00 0.000000e+00
#	 0.000000e+00 2.216163e+03 0.000000e+00
#	 0.000000e+00 0.000000e+00 7.253267e+04
# W = 
#	 6.758072e-01 4.508635e-01 1.257533e-01
#	 4.508635e-01 3.007928e-01 8.389608e-02
#	 1.257533e-01 8.389608e-02 2.340000e-02
# H0W = 
#	 0.000000e+00 -9.991872e+02 -9.121221e+03
#	 9.991872e+02 0.000000e+00 -5.899279e+03
#	 9.121221e+03 5.899279e+03 0.000000e+00
# H0H0W = 
#	 0.000000e+00 2.214362e+06 6.615865e+08
#	 2.214362e+06 0.000000e+00 4.148167e+08
#	 6.615865e+08 4.148167e+08 0.000000e+00
# WH0W = 
#	 3.195041e+03 1.132379e+03 -8.526692e+03
#	 1.132379e+03 8.885853e+01 -5.874495e+03
#	 -8.526692e+03 -5.874495e+03 -3.283900e+03
#################################################
##            CALCULATION COMPLETED            ##
#################################################
# Psi[0]^2 = 0.002193 + I0.000000
# Psi[1]^2 = 0.949958 + I0.000000
# Psi[2]^2 = 0.047850 + I0.000000
# phi0 = -2.687952 
# phi1 = -1.593975 
# phi2 = -3.057286 
# Psi = 
#	-2.052082e-02+i(-4.208939e-02)
#	-9.743959e-01+i(-2.258907e-02)
#	-1.841985e-02+i(-2.179690e-01)
#ProbSurv b 1-|Psi|^2 calls E tol dh dh(prev) dh(last)
0.288341886217	1	-1.12865e-12	9001	60	0.0001	0.0001	0.0001	5e-05
