# a = 0.100000
# b = 1.000000
# E = 18.973666
# tol = 0.000100
# s12 = 0.554977
# s13 = 0.152971
# psi0 = 0.822075 + I0.000000	0.548446 + I0.000000	0.152971 + I0.000000
# dh = 0.000100
# out = data/E6.0e0.5_tol1e-4.log
# model = sun
# scan_steps = 100.000000
# H0 = 
#	 0.000000e+00 0.000000e+00 0.000000e+00
#	 0.000000e+00 7.008123e+03 0.000000e+00
#	 0.000000e+00 0.000000e+00 2.293684e+05
# W = 
#	 6.758072e-01 4.508635e-01 1.257533e-01
#	 4.508635e-01 3.007928e-01 8.389608e-02
#	 1.257533e-01 8.389608e-02 2.340000e-02
# H0W = 
#	 0.000000e+00 -3.159707e+03 -2.884383e+04
#	 3.159707e+03 0.000000e+00 -1.865516e+04
#	 2.884383e+04 1.865516e+04 0.000000e+00
# H0H0W = 
#	 0.000000e+00 2.214362e+07 6.615865e+09
#	 2.214362e+07 0.000000e+00 4.148167e+09
#	 6.615865e+09 4.148167e+09 0.000000e+00
# WH0W = 
#	 1.010361e+04 3.580896e+03 -2.696377e+04
#	 3.580896e+03 2.809953e+02 -1.857678e+04
#	 -2.696377e+04 -1.857678e+04 -1.038460e+04
#################################################
##            CALCULATION COMPLETED            ##
#################################################
# Psi[0]^2 = 0.024226 + I0.000000
# Psi[1]^2 = 0.946985 + I0.000000
# Psi[2]^2 = 0.028789 + I0.000000
# phi0 = -1.670077 
# phi1 = 0.968988 
# phi2 = 2.569984 
# Psi = 
#	-1.548807e-01+i(-1.542742e-02)
#	8.021652e-01+i(5.509228e-01)
#	9.179098e-02+i(-1.427008e-01)
#ProbSurv b 1-|Psi|^2 calls E tol dh dh(prev) dh(last)
0.301892024035	1	-4.93205e-12	9001	18.9737	0.0001	0.0001	0.0001	5e-05
