# a = 0.100000
# b = 1.000000
# E = 6.000000
# tol = 0.000100
# s12 = 0.554977
# s13 = 0.152971
# psi0 = 0.822075 + I0.000000	0.548446 + I0.000000	0.152971 + I0.000000
# dh = 0.000100
# out = data/E6.0e0.0_tol1e-4.log
# model = sun
# scan_steps = 100.000000
# H0 = 
#	 0.000000e+00 0.000000e+00 0.000000e+00
#	 0.000000e+00 2.216163e+04 0.000000e+00
#	 0.000000e+00 0.000000e+00 7.253267e+05
# W = 
#	 6.758072e-01 4.508635e-01 1.257533e-01
#	 4.508635e-01 3.007928e-01 8.389608e-02
#	 1.257533e-01 8.389608e-02 2.340000e-02
# H0W = 
#	 0.000000e+00 -9.991872e+03 -9.121221e+04
#	 9.991872e+03 0.000000e+00 -5.899279e+04
#	 9.121221e+04 5.899279e+04 0.000000e+00
# H0H0W = 
#	 0.000000e+00 2.214362e+08 6.615865e+10
#	 2.214362e+08 0.000000e+00 4.148167e+10
#	 6.615865e+10 4.148167e+10 0.000000e+00
# WH0W = 
#	 3.195041e+04 1.132379e+04 -8.526692e+04
#	 1.132379e+04 8.885853e+02 -5.874495e+04
#	 -8.526692e+04 -5.874495e+04 -3.283900e+04
#################################################
##            CALCULATION COMPLETED            ##
#################################################
# Psi[0]^2 = 0.213258 + I0.000000
# Psi[1]^2 = 0.761810 + I0.000000
# Psi[2]^2 = 0.024932 + I0.000000
# phi0 = -2.611344 
# phi1 = 1.153923 
# phi2 = -0.668335 
# Psi = 
#	-2.335538e-01+i(-3.983851e-01)
#	7.980685e-01+i(3.534066e-01)
#	-9.784735e-02+i(1.239283e-01)
#ProbSurv b 1-|Psi|^2 calls E tol dh dh(prev) dh(last)
0.373851598497	1	-1.31533e-11	31647	6	0.0001	0.0001	2.84399e-05	2.39189e-05
