# a = 0.100000
# b = 1.000000
# E = 189736.659610
# tol = 0.000100
# s12 = 0.554977
# s13 = 0.152971
# psi0 = 0.822075 + I0.000000	0.548446 + I0.000000	0.152971 + I0.000000
# dh = 0.000100
# out = data/E6.0e4.5_tol1e-4.log
# model = sun
# scan_steps = 100.000000
# H0 = 
#	 0.000000e+00 0.000000e+00 0.000000e+00
#	 0.000000e+00 7.008123e-01 0.000000e+00
#	 0.000000e+00 0.000000e+00 2.293684e+01
# W = 
#	 6.758072e-01 4.508635e-01 1.257533e-01
#	 4.508635e-01 3.007928e-01 8.389608e-02
#	 1.257533e-01 8.389608e-02 2.340000e-02
# H0W = 
#	 0.000000e+00 -3.159707e-01 -2.884383e+00
#	 3.159707e-01 0.000000e+00 -1.865516e+00
#	 2.884383e+00 1.865516e+00 0.000000e+00
# H0H0W = 
#	 0.000000e+00 2.214362e-01 6.615865e+01
#	 2.214362e-01 0.000000e+00 4.148167e+01
#	 6.615865e+01 4.148167e+01 0.000000e+00
# WH0W = 
#	 1.010361e+00 3.580896e-01 -2.696377e+00
#	 3.580896e-01 2.809953e-02 -1.857678e+00
#	 -2.696377e+00 -1.857678e+00 -1.038460e+00
#################################################
##            CALCULATION COMPLETED            ##
#################################################
# Psi[0]^2 = 0.474070 + I0.000000
# Psi[1]^2 = 0.246988 + I0.000000
# Psi[2]^2 = 0.278942 + I0.000000
# phi0 = 2.711256 
# phi1 = 2.809785 
# phi2 = 0.799706 
# Psi = 
#	2.872381e-01+i(-6.257514e-01)
#	1.618918e-01+i(-4.698708e-01)
#	3.787631e-01+i(3.680767e-01)
#ProbSurv b 1-|Psi|^2 calls E tol dh dh(prev) dh(last)
0.401199549528	1	-9.50351e-14	9001	189737	0.0001	0.0001	0.0001	5e-05
