# a = 0.100000
# b = 1.000000
# E = 600.000000
# tol = 0.000100
# s12 = 0.554977
# s13 = 0.152971
# psi0 = 0.822075 + I0.000000	0.548446 + I0.000000	0.152971 + I0.000000
# dh = 0.000100
# out = data/E6.0e2.0_tol1e-4.log
# model = sun
# scan_steps = 100.000000
# H0 = 
#	 0.000000e+00 0.000000e+00 0.000000e+00
#	 0.000000e+00 2.216163e+02 0.000000e+00
#	 0.000000e+00 0.000000e+00 7.253267e+03
# W = 
#	 6.758072e-01 4.508635e-01 1.257533e-01
#	 4.508635e-01 3.007928e-01 8.389608e-02
#	 1.257533e-01 8.389608e-02 2.340000e-02
# H0W = 
#	 0.000000e+00 -9.991872e+01 -9.121221e+02
#	 9.991872e+01 0.000000e+00 -5.899279e+02
#	 9.121221e+02 5.899279e+02 0.000000e+00
# H0H0W = 
#	 0.000000e+00 2.214362e+04 6.615865e+06
#	 2.214362e+04 0.000000e+00 4.148167e+06
#	 6.615865e+06 4.148167e+06 0.000000e+00
# WH0W = 
#	 3.195041e+02 1.132379e+02 -8.526692e+02
#	 1.132379e+02 8.885853e+00 -5.874495e+02
#	 -8.526692e+02 -5.874495e+02 -3.283900e+02
#################################################
##            CALCULATION COMPLETED            ##
#################################################
# Psi[0]^2 = 0.000020 + I0.000000
# Psi[1]^2 = 0.004469 + I0.000000
# Psi[2]^2 = 0.995511 + I0.000000
# phi0 = 0.137105 
# phi1 = -1.634729 
# phi2 = -1.398761 
# Psi = 
#	6.091475e-04+i(4.415058e-03)
#	-6.671352e-02+i(-4.271002e-03)
#	-9.830246e-01+i(1.708033e-01)
#ProbSurv b 1-|Psi|^2 calls E tol dh dh(prev) dh(last)
0.0246526096016	1	-1.70086e-13	9001	600	0.0001	0.0001	0.0001	5e-05
