# a = 0.100000
# b = 1.000000
# E = 19289.893727
# tol = 0.000100
# s12 = 0.554977
# s13 = 0.152971
# psi0 = 0.822075 + I0.000000	0.548446 + I0.000000	0.152971 + I0.000000
# dh = 0.000100
# out = data/E6.1e3.5_tol1e-4.log
# model = sun
# scan_steps = 100.000000
# H0 = 
#	 0.000000e+00 0.000000e+00 0.000000e+00
#	 0.000000e+00 6.893236e+00 0.000000e+00
#	 0.000000e+00 0.000000e+00 2.256083e+02
# W = 
#	 6.758072e-01 4.508635e-01 1.257533e-01
#	 4.508635e-01 3.007928e-01 8.389608e-02
#	 1.257533e-01 8.389608e-02 2.340000e-02
# H0W = 
#	 0.000000e+00 -3.107909e+00 -2.837098e+01
#	 3.107909e+00 0.000000e+00 -1.834934e+01
#	 2.837098e+01 1.834934e+01 0.000000e+00
# H0H0W = 
#	 0.000000e+00 2.142355e+01 6.400729e+03
#	 2.142355e+01 0.000000e+00 4.013276e+03
#	 6.400729e+03 4.013276e+03 0.000000e+00
# WH0W = 
#	 9.937974e+00 3.522193e+00 -2.652174e+01
#	 3.522193e+00 2.763889e-01 -1.827225e+01
#	 -2.652174e+01 -1.827225e+01 -1.021436e+01
#################################################
##            CALCULATION COMPLETED            ##
#################################################
# Psi[0]^2 = 0.014296 + I0.000000
# Psi[1]^2 = 0.029702 + I0.000000
# Psi[2]^2 = 0.956002 + I0.000000
# phi0 = -0.134231 
# phi1 = 0.891284 
# phi2 = 2.833264 
# Psi = 
#	-1.600145e-02+i(1.184912e-01)
#	1.340608e-01+i(1.083017e-01)
#	2.967152e-01+i(-9.316450e-01)
#ProbSurv b 1-|Psi|^2 calls E tol dh dh(prev) dh(last)
0.040965958185	1	-7.50511e-14	9001	19289.9	0.0001	0.0001	0.0001	5e-05
