# a = 0.100000
# b = 1.000000
# E = 610000.000000
# tol = 0.000100
# s12 = 0.554977
# s13 = 0.152971
# psi0 = 0.822075 + I0.000000	0.548446 + I0.000000	0.152971 + I0.000000
# dh = 0.000100
# out = data/E6.1e5.0_tol1e-4.log
# model = sun
# scan_steps = 100.000000
# H0 = 
#	 0.000000e+00 0.000000e+00 0.000000e+00
#	 0.000000e+00 2.179833e-01 0.000000e+00
#	 0.000000e+00 0.000000e+00 7.134361e+00
# W = 
#	 6.758072e-01 4.508635e-01 1.257533e-01
#	 4.508635e-01 3.007928e-01 8.389608e-02
#	 1.257533e-01 8.389608e-02 2.340000e-02
# H0W = 
#	 0.000000e+00 -9.828070e-02 -8.971693e-01
#	 9.828070e-02 0.000000e+00 -5.802569e-01
#	 8.971693e-01 5.802569e-01 0.000000e+00
# H0H0W = 
#	 0.000000e+00 2.142355e-02 6.400729e+00
#	 2.142355e-02 0.000000e+00 4.013276e+00
#	 6.400729e+00 4.013276e+00 0.000000e+00
# WH0W = 
#	 3.142663e-01 1.113815e-01 -8.386910e-01
#	 1.113815e-01 8.740183e-03 -5.778191e-01
#	 -8.386910e-01 -5.778191e-01 -3.230065e-01
#################################################
##            CALCULATION COMPLETED            ##
#################################################
# Psi[0]^2 = 0.624677 + I0.000000
# Psi[1]^2 = 0.292146 + I0.000000
# Psi[2]^2 = 0.083176 + I0.000000
# phi0 = 2.377541 
# phi1 = 2.407373 
# phi2 = -2.812705 
# Psi = 
#	5.468161e-01+i(-5.706745e-01)
#	3.621431e-01+i(-4.012465e-01)
#	-9.315148e-02+i(-2.729455e-01)
#ProbSurv b 1-|Psi|^2 calls E tol dh dh(prev) dh(last)
0.511983216174	1	-1.10578e-13	9001	610000	0.0001	0.0001	0.0001	5e-05
