# a = 0.100000
# b = 1.000000
# E = 6.100000
# tol = 0.000100
# s12 = 0.554977
# s13 = 0.152971
# psi0 = 0.822075 + I0.000000	0.548446 + I0.000000	0.152971 + I0.000000
# dh = 0.000100
# out = data/E6.1e0.0_tol1e-4.log
# model = sun
# scan_steps = 100.000000
# H0 = 
#	 0.000000e+00 0.000000e+00 0.000000e+00
#	 0.000000e+00 2.179833e+04 0.000000e+00
#	 0.000000e+00 0.000000e+00 7.134361e+05
# W = 
#	 6.758072e-01 4.508635e-01 1.257533e-01
#	 4.508635e-01 3.007928e-01 8.389608e-02
#	 1.257533e-01 8.389608e-02 2.340000e-02
# H0W = 
#	 0.000000e+00 -9.828070e+03 -8.971693e+04
#	 9.828070e+03 0.000000e+00 -5.802569e+04
#	 8.971693e+04 5.802569e+04 0.000000e+00
# H0H0W = 
#	 0.000000e+00 2.142355e+08 6.400729e+10
#	 2.142355e+08 0.000000e+00 4.013276e+10
#	 6.400729e+10 4.013276e+10 0.000000e+00
# WH0W = 
#	 3.142663e+04 1.113815e+04 -8.386910e+04
#	 1.113815e+04 8.740183e+02 -5.778191e+04
#	 -8.386910e+04 -5.778191e+04 -3.230065e+04
#################################################
##            CALCULATION COMPLETED            ##
#################################################
# Psi[0]^2 = 0.208338 + I0.000000
# Psi[1]^2 = 0.766703 + I0.000000
# Psi[2]^2 = 0.024959 + I0.000000
# phi0 = -0.772940 
# phi1 = -0.947543 
# phi2 = -1.930884 
# Psi = 
#	-3.187060e-01+i(3.267477e-01)
#	-7.109862e-01+i(5.110793e-01)
#	-1.478521e-01+i(-5.566674e-02)
#ProbSurv b 1-|Psi|^2 calls E tol dh dh(prev) dh(last)
0.371998957164	1	-1.24447e-11	31315	6.1	0.0001	0.0001	2.87418e-05	1.76394e-05
