# a = 0.100000
# b = 1.000000
# E = 6100000.000000
# tol = 0.000100
# s12 = 0.554977
# s13 = 0.152971
# psi0 = 0.822075 + I0.000000	0.548446 + I0.000000	0.152971 + I0.000000
# dh = 0.000100
# out = data/E6.1e6.0_tol1e-4.log
# model = sun
# scan_steps = 100.000000
# H0 = 
#	 0.000000e+00 0.000000e+00 0.000000e+00
#	 0.000000e+00 2.179833e-02 0.000000e+00
#	 0.000000e+00 0.000000e+00 7.134361e-01
# W = 
#	 6.758072e-01 4.508635e-01 1.257533e-01
#	 4.508635e-01 3.007928e-01 8.389608e-02
#	 1.257533e-01 8.389608e-02 2.340000e-02
# H0W = 
#	 0.000000e+00 -9.828070e-03 -8.971693e-02
#	 9.828070e-03 0.000000e+00 -5.802569e-02
#	 8.971693e-02 5.802569e-02 0.000000e+00
# H0H0W = 
#	 0.000000e+00 2.142355e-04 6.400729e-02
#	 2.142355e-04 0.000000e+00 4.013276e-02
#	 6.400729e-02 4.013276e-02 0.000000e+00
# WH0W = 
#	 3.142663e-02 1.113815e-02 -8.386910e-02
#	 1.113815e-02 8.740183e-04 -5.778191e-02
#	 -8.386910e-02 -5.778191e-02 -3.230065e-02
#################################################
##            CALCULATION COMPLETED            ##
#################################################
# Psi[0]^2 = 0.672133 + I0.000000
# Psi[1]^2 = 0.300627 + I0.000000
# Psi[2]^2 = 0.027240 + I0.000000
# phi0 = 2.216227 
# phi1 = 2.219211 
# phi2 = 2.315136 
# Psi = 
#	6.549191e-01+i(-4.931672e-01)
#	4.370137e-01+i(-3.311277e-01)
#	1.213978e-01+i(-1.118171e-01)
#ProbSurv b 1-|Psi|^2 calls E tol dh dh(prev) dh(last)
0.545296017296	1	-1.12133e-13	9001	6.1e+06	0.0001	0.0001	0.0001	5e-05
