# a = 0.100000
# b = 1.000000
# E = 61000.000000
# tol = 0.000100
# s12 = 0.554977
# s13 = 0.152971
# psi0 = 0.822075 + I0.000000	0.548446 + I0.000000	0.152971 + I0.000000
# dh = 0.000100
# out = data/E6.1e4.0_tol1e-4.log
# model = sun
# scan_steps = 100.000000
# H0 = 
#	 0.000000e+00 0.000000e+00 0.000000e+00
#	 0.000000e+00 2.179833e+00 0.000000e+00
#	 0.000000e+00 0.000000e+00 7.134361e+01
# W = 
#	 6.758072e-01 4.508635e-01 1.257533e-01
#	 4.508635e-01 3.007928e-01 8.389608e-02
#	 1.257533e-01 8.389608e-02 2.340000e-02
# H0W = 
#	 0.000000e+00 -9.828070e-01 -8.971693e+00
#	 9.828070e-01 0.000000e+00 -5.802569e+00
#	 8.971693e+00 5.802569e+00 0.000000e+00
# H0H0W = 
#	 0.000000e+00 2.142355e+00 6.400729e+02
#	 2.142355e+00 0.000000e+00 4.013276e+02
#	 6.400729e+02 4.013276e+02 0.000000e+00
# WH0W = 
#	 3.142663e+00 1.113815e+00 -8.386910e+00
#	 1.113815e+00 8.740183e-02 -5.778191e+00
#	 -8.386910e+00 -5.778191e+00 -3.230065e+00
#################################################
##            CALCULATION COMPLETED            ##
#################################################
# Psi[0]^2 = 0.218508 + I0.000000
# Psi[1]^2 = 0.157718 + I0.000000
# Psi[2]^2 = 0.623774 + I0.000000
# phi0 = -2.653929 
# phi1 = -2.347917 
# phi2 = -1.985362 
# Psi = 
#	-2.190293e-01+i(-4.129578e-01)
#	-2.831336e-01+i(-2.784846e-01)
#	-7.228912e-01+i(-3.181226e-01)
#ProbSurv b 1-|Psi|^2 calls E tol dh dh(prev) dh(last)
0.209706077765	1	-8.21565e-14	9001	61000	0.0001	0.0001	0.0001	5e-05
