# a = 0.100000
# b = 1.000000
# E = 1928.989373
# tol = 0.000100
# s12 = 0.554977
# s13 = 0.152971
# psi0 = 0.822075 + I0.000000	0.548446 + I0.000000	0.152971 + I0.000000
# dh = 0.000100
# out = data/E6.1e2.5_tol1e-4.log
# model = sun
# scan_steps = 100.000000
# H0 = 
#	 0.000000e+00 0.000000e+00 0.000000e+00
#	 0.000000e+00 6.893236e+01 0.000000e+00
#	 0.000000e+00 0.000000e+00 2.256083e+03
# W = 
#	 6.758072e-01 4.508635e-01 1.257533e-01
#	 4.508635e-01 3.007928e-01 8.389608e-02
#	 1.257533e-01 8.389608e-02 2.340000e-02
# H0W = 
#	 0.000000e+00 -3.107909e+01 -2.837098e+02
#	 3.107909e+01 0.000000e+00 -1.834934e+02
#	 2.837098e+02 1.834934e+02 0.000000e+00
# H0H0W = 
#	 0.000000e+00 2.142355e+03 6.400729e+05
#	 2.142355e+03 0.000000e+00 4.013276e+05
#	 6.400729e+05 4.013276e+05 0.000000e+00
# WH0W = 
#	 9.937974e+01 3.522193e+01 -2.652174e+02
#	 3.522193e+01 2.763889e+00 -1.827225e+02
#	 -2.652174e+02 -1.827225e+02 -1.021436e+02
#################################################
##            CALCULATION COMPLETED            ##
#################################################
# Psi[0]^2 = 0.000002 + I0.000000
# Psi[1]^2 = 0.000263 + I0.000000
# Psi[2]^2 = 0.999735 + I0.000000
# phi0 = -1.786539 
# phi1 = 3.074365 
# phi2 = -2.151627 
# Psi = 
#	-1.435016e-03+i(-3.144887e-04)
#	1.089774e-03+i(-1.618571e-02)
#	-8.358964e-01+i(-5.486455e-01)
#ProbSurv b 1-|Psi|^2 calls E tol dh dh(prev) dh(last)
0.0234744080081	1	-6.9722e-14	9001	1928.99	0.0001	0.0001	0.0001	5e-05
