# a = 0.100000
# b = 1.000000
# E = 0.610000
# tol = 0.000100
# s12 = 0.554977
# s13 = 0.152971
# psi0 = 0.822075 + I0.000000	0.548446 + I0.000000	0.152971 + I0.000000
# dh = 0.000100
# out = data/E6.1e-1.0_tol1e-4.log
# model = sun
# scan_steps = 100.000000
# H0 = 
#	 0.000000e+00 0.000000e+00 0.000000e+00
#	 0.000000e+00 2.179833e+05 0.000000e+00
#	 0.000000e+00 0.000000e+00 7.134361e+06
# W = 
#	 6.758072e-01 4.508635e-01 1.257533e-01
#	 4.508635e-01 3.007928e-01 8.389608e-02
#	 1.257533e-01 8.389608e-02 2.340000e-02
# H0W = 
#	 0.000000e+00 -9.828070e+04 -8.971693e+05
#	 9.828070e+04 0.000000e+00 -5.802569e+05
#	 8.971693e+05 5.802569e+05 0.000000e+00
# H0H0W = 
#	 0.000000e+00 2.142355e+10 6.400729e+12
#	 2.142355e+10 0.000000e+00 4.013276e+12
#	 6.400729e+12 4.013276e+12 0.000000e+00
# WH0W = 
#	 3.142663e+05 1.113815e+05 -8.386910e+05
#	 1.113815e+05 8.740183e+03 -5.778191e+05
#	 -8.386910e+05 -5.778191e+05 -3.230065e+05
#################################################
##            CALCULATION COMPLETED            ##
#################################################
# Psi[0]^2 = 0.630379 + I0.000000
# Psi[1]^2 = 0.346071 + I0.000000
# Psi[2]^2 = 0.023549 + I0.000000
# phi0 = -0.019562 
# phi1 = 1.692042 
# phi2 = 1.714045 
# Psi = 
#	-1.553088e-02+i(7.938123e-01)
#	5.839596e-01+i(-7.115153e-02)
#	1.518863e-01+i(-2.190757e-02)
#ProbSurv b 1-|Psi|^2 calls E tol dh dh(prev) dh(last)
0.530661656579	1	9.59429e-11	631921	0.61	0.0001	0.0001	1.42423e-06	1.00525e-06
