# a = 0.100000
# b = 1.000000
# E = 19.289894
# tol = 0.000100
# s12 = 0.554977
# s13 = 0.152971
# psi0 = 0.822075 + I0.000000	0.548446 + I0.000000	0.152971 + I0.000000
# dh = 0.000100
# out = data/E6.1e0.5_tol1e-4.log
# model = sun
# scan_steps = 100.000000
# H0 = 
#	 0.000000e+00 0.000000e+00 0.000000e+00
#	 0.000000e+00 6.893236e+03 0.000000e+00
#	 0.000000e+00 0.000000e+00 2.256083e+05
# W = 
#	 6.758072e-01 4.508635e-01 1.257533e-01
#	 4.508635e-01 3.007928e-01 8.389608e-02
#	 1.257533e-01 8.389608e-02 2.340000e-02
# H0W = 
#	 0.000000e+00 -3.107909e+03 -2.837098e+04
#	 3.107909e+03 0.000000e+00 -1.834934e+04
#	 2.837098e+04 1.834934e+04 0.000000e+00
# H0H0W = 
#	 0.000000e+00 2.142355e+07 6.400729e+09
#	 2.142355e+07 0.000000e+00 4.013276e+09
#	 6.400729e+09 4.013276e+09 0.000000e+00
# WH0W = 
#	 9.937974e+03 3.522193e+03 -2.652174e+04
#	 3.522193e+03 2.763889e+02 -1.827225e+04
#	 -2.652174e+04 -1.827225e+04 -1.021436e+04
#################################################
##            CALCULATION COMPLETED            ##
#################################################
# Psi[0]^2 = 0.023460 + I0.000000
# Psi[1]^2 = 0.947646 + I0.000000
# Psi[2]^2 = 0.028893 + I0.000000
# phi0 = -1.830945 
# phi1 = -1.786158 
# phi2 = -1.152566 
# Psi = 
#	-1.480130e-01+i(-3.939813e-02)
#	-9.509834e-01+i(-2.080316e-01)
#	-1.553299e-01+i(6.903672e-02)
#ProbSurv b 1-|Psi|^2 calls E tol dh dh(prev) dh(last)
0.301575825407	1	-4.74154e-12	9001	19.2899	0.0001	0.0001	0.0001	5e-05
