# a = 0.100000
# b = 1.000000
# E = 61.000000
# tol = 0.000100
# s12 = 0.554977
# s13 = 0.152971
# psi0 = 0.822075 + I0.000000	0.548446 + I0.000000	0.152971 + I0.000000
# dh = 0.000100
# out = data/E6.1e1.0_tol1e-4.log
# model = sun
# scan_steps = 100.000000
# H0 = 
#	 0.000000e+00 0.000000e+00 0.000000e+00
#	 0.000000e+00 2.179833e+03 0.000000e+00
#	 0.000000e+00 0.000000e+00 7.134361e+04
# W = 
#	 6.758072e-01 4.508635e-01 1.257533e-01
#	 4.508635e-01 3.007928e-01 8.389608e-02
#	 1.257533e-01 8.389608e-02 2.340000e-02
# H0W = 
#	 0.000000e+00 -9.828070e+02 -8.971693e+03
#	 9.828070e+02 0.000000e+00 -5.802569e+03
#	 8.971693e+03 5.802569e+03 0.000000e+00
# H0H0W = 
#	 0.000000e+00 2.142355e+06 6.400729e+08
#	 2.142355e+06 0.000000e+00 4.013276e+08
#	 6.400729e+08 4.013276e+08 0.000000e+00
# WH0W = 
#	 3.142663e+03 1.113815e+03 -8.386910e+03
#	 1.113815e+03 8.740183e+01 -5.778191e+03
#	 -8.386910e+03 -5.778191e+03 -3.230065e+03
#################################################
##            CALCULATION COMPLETED            ##
#################################################
# Psi[0]^2 = 0.002086 + I0.000000
# Psi[1]^2 = 0.949148 + I0.000000
# Psi[2]^2 = 0.048766 + I0.000000
# phi0 = -0.844134 
# phi1 = 1.349484 
# phi2 = 1.423840 
# Psi = 
#	-3.413429e-02+i(3.034282e-02)
#	9.504809e-01+i(2.138562e-01)
#	2.184493e-01+i(3.233555e-02)
#ProbSurv b 1-|Psi|^2 calls E tol dh dh(prev) dh(last)
0.288047769298	1	-1.30185e-12	9001	61	0.0001	0.0001	0.0001	5e-05
