# a = 0.100000
# b = 1.000000
# E = 1.928989
# tol = 0.000100
# s12 = 0.554977
# s13 = 0.152971
# psi0 = 0.822075 + I0.000000	0.548446 + I0.000000	0.152971 + I0.000000
# dh = 0.000100
# out = data/E6.1e-0.5_tol1e-4.log
# model = sun
# scan_steps = 100.000000
# H0 = 
#	 0.000000e+00 0.000000e+00 0.000000e+00
#	 0.000000e+00 6.893236e+04 0.000000e+00
#	 0.000000e+00 0.000000e+00 2.256083e+06
# W = 
#	 6.758072e-01 4.508635e-01 1.257533e-01
#	 4.508635e-01 3.007928e-01 8.389608e-02
#	 1.257533e-01 8.389608e-02 2.340000e-02
# H0W = 
#	 0.000000e+00 -3.107909e+04 -2.837098e+05
#	 3.107909e+04 0.000000e+00 -1.834934e+05
#	 2.837098e+05 1.834934e+05 0.000000e+00
# H0H0W = 
#	 0.000000e+00 2.142355e+09 6.400729e+11
#	 2.142355e+09 0.000000e+00 4.013276e+11
#	 6.400729e+11 4.013276e+11 0.000000e+00
# WH0W = 
#	 9.937974e+04 3.522193e+04 -2.652174e+05
#	 3.522193e+04 2.763889e+03 -1.827225e+05
#	 -2.652174e+05 -1.827225e+05 -1.021436e+05
#################################################
##            CALCULATION COMPLETED            ##
#################################################
# Psi[0]^2 = 0.518879 + I0.000000
# Psi[1]^2 = 0.457244 + I0.000000
# Psi[2]^2 = 0.023877 + I0.000000
# phi0 = 0.789366 
# phi1 = 0.904822 
# phi2 = 3.071331 
# Psi = 
#	5.113690e-01+i(5.073273e-01)
#	5.317047e-01+i(4.177721e-01)
#	1.084804e-02+i(-1.541414e-01)
#ProbSurv b 1-|Psi|^2 calls E tol dh dh(prev) dh(last)
0.488756607009	1	2.945e-11	200729	1.92899	0.0001	0.0001	4.48369e-06	3.06316e-06
