# a = 0.100000
# b = 1.000000
# E = 6100.000000
# tol = 0.000100
# s12 = 0.554977
# s13 = 0.152971
# psi0 = 0.822075 + I0.000000	0.548446 + I0.000000	0.152971 + I0.000000
# dh = 0.000100
# out = data/E6.1e3.0_tol1e-4.log
# model = sun
# scan_steps = 100.000000
# H0 = 
#	 0.000000e+00 0.000000e+00 0.000000e+00
#	 0.000000e+00 2.179833e+01 0.000000e+00
#	 0.000000e+00 0.000000e+00 7.134361e+02
# W = 
#	 6.758072e-01 4.508635e-01 1.257533e-01
#	 4.508635e-01 3.007928e-01 8.389608e-02
#	 1.257533e-01 8.389608e-02 2.340000e-02
# H0W = 
#	 0.000000e+00 -9.828070e+00 -8.971693e+01
#	 9.828070e+00 0.000000e+00 -5.802569e+01
#	 8.971693e+01 5.802569e+01 0.000000e+00
# H0H0W = 
#	 0.000000e+00 2.142355e+02 6.400729e+04
#	 2.142355e+02 0.000000e+00 4.013276e+04
#	 6.400729e+04 4.013276e+04 0.000000e+00
# WH0W = 
#	 3.142663e+01 1.113815e+01 -8.386910e+01
#	 1.113815e+01 8.740183e-01 -5.778191e+01
#	 -8.386910e+01 -5.778191e+01 -3.230065e+01
#################################################
##            CALCULATION COMPLETED            ##
#################################################
# Psi[0]^2 = 0.000003 + I0.000000
# Psi[1]^2 = 0.000088 + I0.000000
# Psi[2]^2 = 0.999909 + I0.000000
# phi0 = -1.032850 
# phi1 = -2.498394 
# phi2 = -1.279552 
# Psi = 
#	-1.581248e-03+i(9.434390e-04)
#	-5.617963e-03+i(-7.495337e-03)
#	-9.578437e-01+i(2.871312e-01)
#ProbSurv b 1-|Psi|^2 calls E tol dh dh(prev) dh(last)
0.0234265508215	1	-7.92699e-14	9001	6100	0.0001	0.0001	0.0001	5e-05
