# a = 0.100000
# b = 1.000000
# E = 1960.612149
# tol = 0.000100
# s12 = 0.554977
# s13 = 0.152971
# psi0 = 0.822075 + I0.000000	0.548446 + I0.000000	0.152971 + I0.000000
# dh = 0.000100
# out = data/E6.2e2.5_tol1e-4.log
# model = sun
# scan_steps = 100.000000
# H0 = 
#	 0.000000e+00 0.000000e+00 0.000000e+00
#	 0.000000e+00 6.782055e+01 0.000000e+00
#	 0.000000e+00 0.000000e+00 2.219694e+03
# W = 
#	 6.758072e-01 4.508635e-01 1.257533e-01
#	 4.508635e-01 3.007928e-01 8.389608e-02
#	 1.257533e-01 8.389608e-02 2.340000e-02
# H0W = 
#	 0.000000e+00 -3.057781e+01 -2.791339e+02
#	 3.057781e+01 0.000000e+00 -1.805338e+02
#	 2.791339e+02 1.805338e+02 0.000000e+00
# H0H0W = 
#	 0.000000e+00 2.073804e+03 6.195919e+05
#	 2.073804e+03 0.000000e+00 3.884859e+05
#	 6.195919e+05 3.884859e+05 0.000000e+00
# WH0W = 
#	 9.777684e+01 3.465383e+01 -2.609397e+02
#	 3.465383e+01 2.719310e+00 -1.797753e+02
#	 -2.609397e+02 -1.797753e+02 -1.004962e+02
#################################################
##            CALCULATION COMPLETED            ##
#################################################
# Psi[0]^2 = 0.000002 + I0.000000
# Psi[1]^2 = 0.000251 + I0.000000
# Psi[2]^2 = 0.999747 + I0.000000
# phi0 = -2.026490 
# phi1 = 1.213648 
# phi2 = -2.241252 
# Psi = 
#	-1.181818e-03+i(-5.792054e-04)
#	1.484841e-02+i(5.540691e-03)
#	-7.834395e-01+i(-6.212646e-01)
#ProbSurv b 1-|Psi|^2 calls E tol dh dh(prev) dh(last)
0.0234708041271	1	-4.08562e-14	9001	1960.61	0.0001	0.0001	0.0001	5e-05
