# a = 0.100000
# b = 1.000000
# E = 196.061215
# tol = 0.000100
# s12 = 0.554977
# s13 = 0.152971
# psi0 = 0.822075 + I0.000000	0.548446 + I0.000000	0.152971 + I0.000000
# dh = 0.000100
# out = data/E6.2e1.5_tol1e-4.log
# model = sun
# scan_steps = 100.000000
# H0 = 
#	 0.000000e+00 0.000000e+00 0.000000e+00
#	 0.000000e+00 6.782055e+02 0.000000e+00
#	 0.000000e+00 0.000000e+00 2.219694e+04
# W = 
#	 6.758072e-01 4.508635e-01 1.257533e-01
#	 4.508635e-01 3.007928e-01 8.389608e-02
#	 1.257533e-01 8.389608e-02 2.340000e-02
# H0W = 
#	 0.000000e+00 -3.057781e+02 -2.791339e+03
#	 3.057781e+02 0.000000e+00 -1.805338e+03
#	 2.791339e+03 1.805338e+03 0.000000e+00
# H0H0W = 
#	 0.000000e+00 2.073804e+05 6.195919e+07
#	 2.073804e+05 0.000000e+00 3.884859e+07
#	 6.195919e+07 3.884859e+07 0.000000e+00
# WH0W = 
#	 9.777684e+02 3.465383e+02 -2.609397e+03
#	 3.465383e+02 2.719310e+01 -1.797753e+03
#	 -2.609397e+03 -1.797753e+03 -1.004962e+03
#################################################
##            CALCULATION COMPLETED            ##
#################################################
# Psi[0]^2 = 0.000208 + I0.000000
# Psi[1]^2 = 0.353594 + I0.000000
# Psi[2]^2 = 0.646197 + I0.000000
# phi0 = 2.946117 
# phi1 = -2.547229 
# phi2 = 2.618203 
# Psi = 
#	2.804061e-03+i(-1.416164e-02)
#	-3.329864e-01+i(-4.926605e-01)
#	4.017864e-01+i(-6.962507e-01)
#ProbSurv b 1-|Psi|^2 calls E tol dh dh(prev) dh(last)
0.121620472866	1	4.11005e-13	9001	196.061	0.0001	0.0001	0.0001	5e-05
