# a = 0.100000
# b = 1.000000
# E = 62.000000
# tol = 0.000100
# s12 = 0.554977
# s13 = 0.152971
# psi0 = 0.822075 + I0.000000	0.548446 + I0.000000	0.152971 + I0.000000
# dh = 0.000100
# out = data/E6.2e1.0_tol1e-4.log
# model = sun
# scan_steps = 100.000000
# H0 = 
#	 0.000000e+00 0.000000e+00 0.000000e+00
#	 0.000000e+00 2.144674e+03 0.000000e+00
#	 0.000000e+00 0.000000e+00 7.019290e+04
# W = 
#	 6.758072e-01 4.508635e-01 1.257533e-01
#	 4.508635e-01 3.007928e-01 8.389608e-02
#	 1.257533e-01 8.389608e-02 2.340000e-02
# H0W = 
#	 0.000000e+00 -9.669553e+02 -8.826988e+03
#	 9.669553e+02 0.000000e+00 -5.708979e+03
#	 8.826988e+03 5.708979e+03 0.000000e+00
# H0H0W = 
#	 0.000000e+00 2.073804e+06 6.195919e+08
#	 2.073804e+06 0.000000e+00 3.884859e+08
#	 6.195919e+08 3.884859e+08 0.000000e+00
# WH0W = 
#	 3.091975e+03 1.095850e+03 -8.251638e+03
#	 1.095850e+03 8.599212e+01 -5.684995e+03
#	 -8.251638e+03 -5.684995e+03 -3.177967e+03
#################################################
##            CALCULATION COMPLETED            ##
#################################################
# Psi[0]^2 = 0.002018 + I0.000000
# Psi[1]^2 = 0.947760 + I0.000000
# Psi[2]^2 = 0.050223 + I0.000000
# phi0 = 1.094845 
# phi1 = -1.045233 
# phi2 = 2.729073 
# Psi = 
#	3.992547e-02+i(2.058062e-02)
#	-8.421436e-01+i(4.884199e-01)
#	8.984745e-02+i(-2.053047e-01)
#ProbSurv b 1-|Psi|^2 calls E tol dh dh(prev) dh(last)
0.287618047012	1	-1.09845e-12	9001	62	0.0001	0.0001	0.0001	5e-05
