# a = 0.100000
# b = 1.000000
# E = 19.606121
# tol = 0.000100
# s12 = 0.554977
# s13 = 0.152971
# psi0 = 0.822075 + I0.000000	0.548446 + I0.000000	0.152971 + I0.000000
# dh = 0.000100
# out = data/E6.2e0.5_tol1e-4.log
# model = sun
# scan_steps = 100.000000
# H0 = 
#	 0.000000e+00 0.000000e+00 0.000000e+00
#	 0.000000e+00 6.782055e+03 0.000000e+00
#	 0.000000e+00 0.000000e+00 2.219694e+05
# W = 
#	 6.758072e-01 4.508635e-01 1.257533e-01
#	 4.508635e-01 3.007928e-01 8.389608e-02
#	 1.257533e-01 8.389608e-02 2.340000e-02
# H0W = 
#	 0.000000e+00 -3.057781e+03 -2.791339e+04
#	 3.057781e+03 0.000000e+00 -1.805338e+04
#	 2.791339e+04 1.805338e+04 0.000000e+00
# H0H0W = 
#	 0.000000e+00 2.073804e+07 6.195919e+09
#	 2.073804e+07 0.000000e+00 3.884859e+09
#	 6.195919e+09 3.884859e+09 0.000000e+00
# WH0W = 
#	 9.777684e+03 3.465383e+03 -2.609397e+04
#	 3.465383e+03 2.719310e+02 -1.797753e+04
#	 -2.609397e+04 -1.797753e+04 -1.004962e+04
#################################################
##            CALCULATION COMPLETED            ##
#################################################
# Psi[0]^2 = 0.022666 + I0.000000
# Psi[1]^2 = 0.948335 + I0.000000
# Psi[2]^2 = 0.028999 + I0.000000
# phi0 = -1.876898 
# phi1 = -1.320209 
# phi2 = -2.523840 
# Psi = 
#	-1.435541e-01+i(-4.536796e-02)
#	-9.434095e-01+i(2.414825e-01)
#	-9.863275e-02+i(-1.388174e-01)
#ProbSurv b 1-|Psi|^2 calls E tol dh dh(prev) dh(last)
0.301248859506	1	-4.99689e-12	9001	19.6061	0.0001	0.0001	0.0001	5e-05
