# a = 0.100000
# b = 1.000000
# E = 6200.000000
# tol = 0.000100
# s12 = 0.554977
# s13 = 0.152971
# psi0 = 0.822075 + I0.000000	0.548446 + I0.000000	0.152971 + I0.000000
# dh = 0.000100
# out = data/E6.2e3.0_tol1e-4.log
# model = sun
# scan_steps = 100.000000
# H0 = 
#	 0.000000e+00 0.000000e+00 0.000000e+00
#	 0.000000e+00 2.144674e+01 0.000000e+00
#	 0.000000e+00 0.000000e+00 7.019290e+02
# W = 
#	 6.758072e-01 4.508635e-01 1.257533e-01
#	 4.508635e-01 3.007928e-01 8.389608e-02
#	 1.257533e-01 8.389608e-02 2.340000e-02
# H0W = 
#	 0.000000e+00 -9.669553e+00 -8.826988e+01
#	 9.669553e+00 0.000000e+00 -5.708979e+01
#	 8.826988e+01 5.708979e+01 0.000000e+00
# H0H0W = 
#	 0.000000e+00 2.073804e+02 6.195919e+04
#	 2.073804e+02 0.000000e+00 3.884859e+04
#	 6.195919e+04 3.884859e+04 0.000000e+00
# WH0W = 
#	 3.091975e+01 1.095850e+01 -8.251638e+01
#	 1.095850e+01 8.599212e-01 -5.684995e+01
#	 -8.251638e+01 -5.684995e+01 -3.177967e+01
#################################################
##            CALCULATION COMPLETED            ##
#################################################
# Psi[0]^2 = 0.000003 + I0.000000
# Psi[1]^2 = 0.000100 + I0.000000
# Psi[2]^2 = 0.999897 + I0.000000
# phi0 = -0.546371 
# phi1 = -1.735625 
# phi2 = -1.759291 
# Psi = 
#	-8.761329e-04+i(1.440717e-03)
#	-9.863993e-03+i(-1.640759e-03)
#	-9.822368e-01+i(-1.873713e-01)
#ProbSurv b 1-|Psi|^2 calls E tol dh dh(prev) dh(last)
0.023429591604	1	-8.70415e-14	9001	6200	0.0001	0.0001	0.0001	5e-05
