# a = 0.100000
# b = 1.000000
# E = 620000.000000
# tol = 0.000100
# s12 = 0.554977
# s13 = 0.152971
# psi0 = 0.822075 + I0.000000	0.548446 + I0.000000	0.152971 + I0.000000
# dh = 0.000100
# out = data/E6.2e5.0_tol1e-4.log
# model = sun
# scan_steps = 100.000000
# H0 = 
#	 0.000000e+00 0.000000e+00 0.000000e+00
#	 0.000000e+00 2.144674e-01 0.000000e+00
#	 0.000000e+00 0.000000e+00 7.019290e+00
# W = 
#	 6.758072e-01 4.508635e-01 1.257533e-01
#	 4.508635e-01 3.007928e-01 8.389608e-02
#	 1.257533e-01 8.389608e-02 2.340000e-02
# H0W = 
#	 0.000000e+00 -9.669553e-02 -8.826988e-01
#	 9.669553e-02 0.000000e+00 -5.708979e-01
#	 8.826988e-01 5.708979e-01 0.000000e+00
# H0H0W = 
#	 0.000000e+00 2.073804e-02 6.195919e+00
#	 2.073804e-02 0.000000e+00 3.884859e+00
#	 6.195919e+00 3.884859e+00 0.000000e+00
# WH0W = 
#	 3.091975e-01 1.095850e-01 -8.251638e-01
#	 1.095850e-01 8.599212e-03 -5.684995e-01
#	 -8.251638e-01 -5.684995e-01 -3.177967e-01
#################################################
##            CALCULATION COMPLETED            ##
#################################################
# Psi[0]^2 = 0.625752 + I0.000000
# Psi[1]^2 = 0.292412 + I0.000000
# Psi[2]^2 = 0.081835 + I0.000000
# phi0 = 2.374689 
# phi1 = 2.404037 
# phi2 = -2.834971 
# Psi = 
#	5.489132e-01+i(-5.696021e-01)
#	3.636450e-01+i(-4.002182e-01)
#	-8.634682e-02+i(-2.727263e-01)
#ProbSurv b 1-|Psi|^2 calls E tol dh dh(prev) dh(last)
0.512758346731	1	-9.08162e-14	9001	620000	0.0001	0.0001	0.0001	5e-05
