# a = 0.100000
# b = 1.000000
# E = 1.960612
# tol = 0.000100
# s12 = 0.554977
# s13 = 0.152971
# psi0 = 0.822075 + I0.000000	0.548446 + I0.000000	0.152971 + I0.000000
# dh = 0.000100
# out = data/E6.2e-0.5_tol1e-4.log
# model = sun
# scan_steps = 100.000000
# H0 = 
#	 0.000000e+00 0.000000e+00 0.000000e+00
#	 0.000000e+00 6.782055e+04 0.000000e+00
#	 0.000000e+00 0.000000e+00 2.219694e+06
# W = 
#	 6.758072e-01 4.508635e-01 1.257533e-01
#	 4.508635e-01 3.007928e-01 8.389608e-02
#	 1.257533e-01 8.389608e-02 2.340000e-02
# H0W = 
#	 0.000000e+00 -3.057781e+04 -2.791339e+05
#	 3.057781e+04 0.000000e+00 -1.805338e+05
#	 2.791339e+05 1.805338e+05 0.000000e+00
# H0H0W = 
#	 0.000000e+00 2.073804e+09 6.195919e+11
#	 2.073804e+09 0.000000e+00 3.884859e+11
#	 6.195919e+11 3.884859e+11 0.000000e+00
# WH0W = 
#	 9.777684e+04 3.465383e+04 -2.609397e+05
#	 3.465383e+04 2.719310e+03 -1.797753e+05
#	 -2.609397e+05 -1.797753e+05 -1.004962e+05
#################################################
##            CALCULATION COMPLETED            ##
#################################################
# Psi[0]^2 = 0.516062 + I0.000000
# Psi[1]^2 = 0.460053 + I0.000000
# Psi[2]^2 = 0.023885 + I0.000000
# phi0 = -0.601392 
# phi1 = 0.686805 
# phi2 = 1.446474 
# Psi = 
#	-4.064499e-01+i(5.923346e-01)
#	4.300720e-01+i(5.244913e-01)
#	1.533555e-01+i(1.916435e-02)
#ProbSurv b 1-|Psi|^2 calls E tol dh dh(prev) dh(last)
0.487697812351	1	2.63559e-11	196600	1.96061	0.0001	0.0001	4.57786e-06	3.23597e-06
