# a = 0.100000
# b = 1.000000
# E = 6200000.000000
# tol = 0.000100
# s12 = 0.554977
# s13 = 0.152971
# psi0 = 0.822075 + I0.000000	0.548446 + I0.000000	0.152971 + I0.000000
# dh = 0.000100
# out = data/E6.2e6.0_tol1e-4.log
# model = sun
# scan_steps = 100.000000
# H0 = 
#	 0.000000e+00 0.000000e+00 0.000000e+00
#	 0.000000e+00 2.144674e-02 0.000000e+00
#	 0.000000e+00 0.000000e+00 7.019290e-01
# W = 
#	 6.758072e-01 4.508635e-01 1.257533e-01
#	 4.508635e-01 3.007928e-01 8.389608e-02
#	 1.257533e-01 8.389608e-02 2.340000e-02
# H0W = 
#	 0.000000e+00 -9.669553e-03 -8.826988e-02
#	 9.669553e-03 0.000000e+00 -5.708979e-02
#	 8.826988e-02 5.708979e-02 0.000000e+00
# H0H0W = 
#	 0.000000e+00 2.073804e-04 6.195919e-02
#	 2.073804e-04 0.000000e+00 3.884859e-02
#	 6.195919e-02 3.884859e-02 0.000000e+00
# WH0W = 
#	 3.091975e-02 1.095850e-02 -8.251638e-02
#	 1.095850e-02 8.599212e-04 -5.684995e-02
#	 -8.251638e-02 -5.684995e-02 -3.177967e-02
#################################################
##            CALCULATION COMPLETED            ##
#################################################
# Psi[0]^2 = 0.672195 + I0.000000
# Psi[1]^2 = 0.300630 + I0.000000
# Psi[2]^2 = 0.027175 + I0.000000
# phi0 = 2.215940 
# phi1 = 2.218875 
# phi2 = 2.313234 
# Psi = 
#	6.550910e-01+i(-4.930014e-01)
#	4.371276e-01+i(-3.309831e-01)
#	1.214643e-01+i(-1.114519e-01)
#ProbSurv b 1-|Psi|^2 calls E tol dh dh(prev) dh(last)
0.545337262365	1	-1.31006e-13	9001	6.2e+06	0.0001	0.0001	0.0001	5e-05
