# a = 0.100000
# b = 1.000000
# E = 6.200000
# tol = 0.000100
# s12 = 0.554977
# s13 = 0.152971
# psi0 = 0.822075 + I0.000000	0.548446 + I0.000000	0.152971 + I0.000000
# dh = 0.000100
# out = data/E6.2e0.0_tol1e-4.log
# model = sun
# scan_steps = 100.000000
# H0 = 
#	 0.000000e+00 0.000000e+00 0.000000e+00
#	 0.000000e+00 2.144674e+04 0.000000e+00
#	 0.000000e+00 0.000000e+00 7.019290e+05
# W = 
#	 6.758072e-01 4.508635e-01 1.257533e-01
#	 4.508635e-01 3.007928e-01 8.389608e-02
#	 1.257533e-01 8.389608e-02 2.340000e-02
# H0W = 
#	 0.000000e+00 -9.669553e+03 -8.826988e+04
#	 9.669553e+03 0.000000e+00 -5.708979e+04
#	 8.826988e+04 5.708979e+04 0.000000e+00
# H0H0W = 
#	 0.000000e+00 2.073804e+08 6.195919e+10
#	 2.073804e+08 0.000000e+00 3.884859e+10
#	 6.195919e+10 3.884859e+10 0.000000e+00
# WH0W = 
#	 3.091975e+04 1.095850e+04 -8.251638e+04
#	 1.095850e+04 8.599212e+02 -5.684995e+04
#	 -8.251638e+04 -5.684995e+04 -3.177967e+04
#################################################
##            CALCULATION COMPLETED            ##
#################################################
# Psi[0]^2 = 0.203492 + I0.000000
# Psi[1]^2 = 0.771522 + I0.000000
# Psi[2]^2 = 0.024986 + I0.000000
# phi0 = 1.082141 
# phi1 = 1.198687 
# phi2 = 2.725577 
# Psi = 
#	3.983065e-01+i(2.117647e-01)
#	8.182502e-01+i(3.193562e-01)
#	6.387876e-02+i(-1.445869e-01)
#ProbSurv b 1-|Psi|^2 calls E tol dh dh(prev) dh(last)
0.370174476136	1	-1.12226e-11	30987	6.2	0.0001	0.0001	2.90456e-05	2.58812e-05
