# a = 0.100000
# b = 1.000000
# E = 0.620000
# tol = 0.000100
# s12 = 0.554977
# s13 = 0.152971
# psi0 = 0.822075 + I0.000000	0.548446 + I0.000000	0.152971 + I0.000000
# dh = 0.000100
# out = data/E6.2e-1.0_tol1e-4.log
# model = sun
# scan_steps = 100.000000
# H0 = 
#	 0.000000e+00 0.000000e+00 0.000000e+00
#	 0.000000e+00 2.144674e+05 0.000000e+00
#	 0.000000e+00 0.000000e+00 7.019290e+06
# W = 
#	 6.758072e-01 4.508635e-01 1.257533e-01
#	 4.508635e-01 3.007928e-01 8.389608e-02
#	 1.257533e-01 8.389608e-02 2.340000e-02
# H0W = 
#	 0.000000e+00 -9.669553e+04 -8.826988e+05
#	 9.669553e+04 0.000000e+00 -5.708979e+05
#	 8.826988e+05 5.708979e+05 0.000000e+00
# H0H0W = 
#	 0.000000e+00 2.073804e+10 6.195919e+12
#	 2.073804e+10 0.000000e+00 3.884859e+12
#	 6.195919e+12 3.884859e+12 0.000000e+00
# WH0W = 
#	 3.091975e+05 1.095850e+05 -8.251638e+05
#	 1.095850e+05 8.599212e+03 -5.684995e+05
#	 -8.251638e+05 -5.684995e+05 -3.177967e+05
#################################################
##            CALCULATION COMPLETED            ##
#################################################
# Psi[0]^2 = 0.629597 + I0.000000
# Psi[1]^2 = 0.346851 + I0.000000
# Psi[2]^2 = 0.023552 + I0.000000
# phi0 = -0.423482 
# phi1 = -1.736236 
# phi2 = -2.124017 
# Psi = 
#	-3.260668e-01+i(7.233791e-01)
#	-5.808995e-01+i(-9.699011e-02)
#	-1.305746e-01+i(-8.063571e-02)
#ProbSurv b 1-|Psi|^2 calls E tol dh dh(prev) dh(last)
0.530367574554	1	8.75034e-11	699193	0.62	0.0001	0.0001	1.2872e-06	6.80536e-07
