# a = 0.100000
# b = 1.000000
# E = 620.000000
# tol = 0.000100
# s12 = 0.554977
# s13 = 0.152971
# psi0 = 0.822075 + I0.000000	0.548446 + I0.000000	0.152971 + I0.000000
# dh = 0.000100
# out = data/E6.2e2.0_tol1e-4.log
# model = sun
# scan_steps = 100.000000
# H0 = 
#	 0.000000e+00 0.000000e+00 0.000000e+00
#	 0.000000e+00 2.144674e+02 0.000000e+00
#	 0.000000e+00 0.000000e+00 7.019290e+03
# W = 
#	 6.758072e-01 4.508635e-01 1.257533e-01
#	 4.508635e-01 3.007928e-01 8.389608e-02
#	 1.257533e-01 8.389608e-02 2.340000e-02
# H0W = 
#	 0.000000e+00 -9.669553e+01 -8.826988e+02
#	 9.669553e+01 0.000000e+00 -5.708979e+02
#	 8.826988e+02 5.708979e+02 0.000000e+00
# H0H0W = 
#	 0.000000e+00 2.073804e+04 6.195919e+06
#	 2.073804e+04 0.000000e+00 3.884859e+06
#	 6.195919e+06 3.884859e+06 0.000000e+00
# WH0W = 
#	 3.091975e+02 1.095850e+02 -8.251638e+02
#	 1.095850e+02 8.599212e+00 -5.684995e+02
#	 -8.251638e+02 -5.684995e+02 -3.177967e+02
#################################################
##            CALCULATION COMPLETED            ##
#################################################
# Psi[0]^2 = 0.000017 + I0.000000
# Psi[1]^2 = 0.004078 + I0.000000
# Psi[2]^2 = 0.995905 + I0.000000
# phi0 = -1.732138 
# phi1 = 1.486041 
# phi2 = 0.310807 
# Psi = 
#	-4.073180e-03+i(-6.629361e-04)
#	6.362924e-02+i(5.405878e-03)
#	3.052003e-01+i(9.501357e-01)
#ProbSurv b 1-|Psi|^2 calls E tol dh dh(prev) dh(last)
0.0245422917026	1	-1.74749e-13	9001	620	0.0001	0.0001	0.0001	5e-05
