# a = 0.100000
# b = 1.000000
# E = 196061.214930
# tol = 0.000100
# s12 = 0.554977
# s13 = 0.152971
# psi0 = 0.822075 + I0.000000	0.548446 + I0.000000	0.152971 + I0.000000
# dh = 0.000100
# out = data/E6.2e4.5_tol1e-4.log
# model = sun
# scan_steps = 100.000000
# H0 = 
#	 0.000000e+00 0.000000e+00 0.000000e+00
#	 0.000000e+00 6.782055e-01 0.000000e+00
#	 0.000000e+00 0.000000e+00 2.219694e+01
# W = 
#	 6.758072e-01 4.508635e-01 1.257533e-01
#	 4.508635e-01 3.007928e-01 8.389608e-02
#	 1.257533e-01 8.389608e-02 2.340000e-02
# H0W = 
#	 0.000000e+00 -3.057781e-01 -2.791339e+00
#	 3.057781e-01 0.000000e+00 -1.805338e+00
#	 2.791339e+00 1.805338e+00 0.000000e+00
# H0H0W = 
#	 0.000000e+00 2.073804e-01 6.195919e+01
#	 2.073804e-01 0.000000e+00 3.884859e+01
#	 6.195919e+01 3.884859e+01 0.000000e+00
# WH0W = 
#	 9.777684e-01 3.465383e-01 -2.609397e+00
#	 3.465383e-01 2.719310e-02 -1.797753e+00
#	 -2.609397e+00 -1.797753e+00 -1.004962e+00
#################################################
##            CALCULATION COMPLETED            ##
#################################################
# Psi[0]^2 = 0.478956 + I0.000000
# Psi[1]^2 = 0.248356 + I0.000000
# Psi[2]^2 = 0.272689 + I0.000000
# phi0 = 2.697254 
# phi1 = 2.792621 
# phi2 = 0.603667 
# Psi = 
#	2.974923e-01+i(-6.248633e-01)
#	1.704028e-01+i(-4.683145e-01)
#	2.964325e-01+i(4.299027e-01)
#ProbSurv b 1-|Psi|^2 calls E tol dh dh(prev) dh(last)
0.404766298995	1	-1.16129e-13	9001	196061	0.0001	0.0001	0.0001	5e-05
