# a = 0.100000
# b = 1.000000
# E = 62000.000000
# tol = 0.000100
# s12 = 0.554977
# s13 = 0.152971
# psi0 = 0.822075 + I0.000000	0.548446 + I0.000000	0.152971 + I0.000000
# dh = 0.000100
# out = data/E6.2e4.0_tol1e-4.log
# model = sun
# scan_steps = 100.000000
# H0 = 
#	 0.000000e+00 0.000000e+00 0.000000e+00
#	 0.000000e+00 2.144674e+00 0.000000e+00
#	 0.000000e+00 0.000000e+00 7.019290e+01
# W = 
#	 6.758072e-01 4.508635e-01 1.257533e-01
#	 4.508635e-01 3.007928e-01 8.389608e-02
#	 1.257533e-01 8.389608e-02 2.340000e-02
# H0W = 
#	 0.000000e+00 -9.669553e-01 -8.826988e+00
#	 9.669553e-01 0.000000e+00 -5.708979e+00
#	 8.826988e+00 5.708979e+00 0.000000e+00
# H0H0W = 
#	 0.000000e+00 2.073804e+00 6.195919e+02
#	 2.073804e+00 0.000000e+00 3.884859e+02
#	 6.195919e+02 3.884859e+02 0.000000e+00
# WH0W = 
#	 3.091975e+00 1.095850e+00 -8.251638e+00
#	 1.095850e+00 8.599212e-02 -5.684995e+00
#	 -8.251638e+00 -5.684995e+00 -3.177967e+00
#################################################
##            CALCULATION COMPLETED            ##
#################################################
# Psi[0]^2 = 0.222944 + I0.000000
# Psi[1]^2 = 0.159480 + I0.000000
# Psi[2]^2 = 0.617575 + I0.000000
# phi0 = -2.676226 
# phi1 = -2.374946 
# phi2 = -2.416895 
# Psi = 
#	-2.118864e-01+i(-4.219577e-01)
#	-2.770387e-01+i(-2.876281e-01)
#	-5.209534e-01+i(-5.883732e-01)
#ProbSurv b 1-|Psi|^2 calls E tol dh dh(prev) dh(last)
0.213089089705	1	-1.05027e-13	9001	62000	0.0001	0.0001	0.0001	5e-05
