# a = 0.100000
# b = 1.000000
# E = 6300000.000000
# tol = 0.000100
# s12 = 0.554977
# s13 = 0.152971
# psi0 = 0.822075 + I0.000000	0.548446 + I0.000000	0.152971 + I0.000000
# dh = 0.000100
# out = data/E6.3e6.0_tol1e-4.log
# model = sun
# scan_steps = 100.000000
# H0 = 
#	 0.000000e+00 0.000000e+00 0.000000e+00
#	 0.000000e+00 2.110632e-02 0.000000e+00
#	 0.000000e+00 0.000000e+00 6.907873e-01
# W = 
#	 6.758072e-01 4.508635e-01 1.257533e-01
#	 4.508635e-01 3.007928e-01 8.389608e-02
#	 1.257533e-01 8.389608e-02 2.340000e-02
# H0W = 
#	 0.000000e+00 -9.516068e-03 -8.686877e-02
#	 9.516068e-03 0.000000e+00 -5.618361e-02
#	 8.686877e-02 5.618361e-02 0.000000e+00
# H0H0W = 
#	 0.000000e+00 2.008491e-04 6.000784e-02
#	 2.008491e-04 0.000000e+00 3.762509e-02
#	 6.000784e-02 3.762509e-02 0.000000e+00
# WH0W = 
#	 3.042896e-02 1.078456e-02 -8.120659e-02
#	 1.078456e-02 8.462717e-04 -5.594757e-02
#	 -8.120659e-02 -5.594757e-02 -3.127523e-02
#################################################
##            CALCULATION COMPLETED            ##
#################################################
# Psi[0]^2 = 0.672254 + I0.000000
# Psi[1]^2 = 0.300634 + I0.000000
# Psi[2]^2 = 0.027112 + I0.000000
# phi0 = 2.215661 
# phi1 = 2.218550 
# phi2 = 2.311393 
# Psi = 
#	6.552573e-01+i(-4.928408e-01)
#	4.372378e-01+i(-3.308430e-01)
#	1.215277e-01+i(-1.110987e-01)
#ProbSurv b 1-|Psi|^2 calls E tol dh dh(prev) dh(last)
0.545377139649	1	-8.30447e-14	9001	6.3e+06	0.0001	0.0001	0.0001	5e-05
