# a = 0.100000
# b = 1.000000
# E = 0.630000
# tol = 0.000100
# s12 = 0.554977
# s13 = 0.152971
# psi0 = 0.822075 + I0.000000	0.548446 + I0.000000	0.152971 + I0.000000
# dh = 0.000100
# out = data/E6.3e-1.0_tol1e-4.log
# model = sun
# scan_steps = 100.000000
# H0 = 
#	 0.000000e+00 0.000000e+00 0.000000e+00
#	 0.000000e+00 2.110632e+05 0.000000e+00
#	 0.000000e+00 0.000000e+00 6.907873e+06
# W = 
#	 6.758072e-01 4.508635e-01 1.257533e-01
#	 4.508635e-01 3.007928e-01 8.389608e-02
#	 1.257533e-01 8.389608e-02 2.340000e-02
# H0W = 
#	 0.000000e+00 -9.516068e+04 -8.686877e+05
#	 9.516068e+04 0.000000e+00 -5.618361e+05
#	 8.686877e+05 5.618361e+05 0.000000e+00
# H0H0W = 
#	 0.000000e+00 2.008491e+10 6.000784e+12
#	 2.008491e+10 0.000000e+00 3.762509e+12
#	 6.000784e+12 3.762509e+12 0.000000e+00
# WH0W = 
#	 3.042896e+05 1.078456e+05 -8.120659e+05
#	 1.078456e+05 8.462717e+03 -5.594757e+05
#	 -8.120659e+05 -5.594757e+05 -3.127523e+05
#################################################
##            CALCULATION COMPLETED            ##
#################################################
# Psi[0]^2 = 0.628810 + I0.000000
# Psi[1]^2 = 0.347636 + I0.000000
# Psi[2]^2 = 0.023554 + I0.000000
# phi0 = -0.827700 
# phi1 = 1.041142 
# phi2 = 1.938754 
# Psi = 
#	-5.839291e-01+i(5.365043e-01)
#	5.088195e-01+i(2.978899e-01)
#	1.432012e-01+i(-5.520625e-02)
#ProbSurv b 1-|Psi|^2 calls E tol dh dh(prev) dh(last)
 0.53007182664	1	4.66189e-11	752704	0.63	0.0001	0.0001	1.19569e-06	8.86346e-07
