# a = 0.100000
# b = 1.000000
# E = 630.000000
# tol = 0.000100
# s12 = 0.554977
# s13 = 0.152971
# psi0 = 0.822075 + I0.000000	0.548446 + I0.000000	0.152971 + I0.000000
# dh = 0.000100
# out = data/E6.3e2.0_tol1e-4.log
# model = sun
# scan_steps = 100.000000
# H0 = 
#	 0.000000e+00 0.000000e+00 0.000000e+00
#	 0.000000e+00 2.110632e+02 0.000000e+00
#	 0.000000e+00 0.000000e+00 6.907873e+03
# W = 
#	 6.758072e-01 4.508635e-01 1.257533e-01
#	 4.508635e-01 3.007928e-01 8.389608e-02
#	 1.257533e-01 8.389608e-02 2.340000e-02
# H0W = 
#	 0.000000e+00 -9.516068e+01 -8.686877e+02
#	 9.516068e+01 0.000000e+00 -5.618361e+02
#	 8.686877e+02 5.618361e+02 0.000000e+00
# H0H0W = 
#	 0.000000e+00 2.008491e+04 6.000784e+06
#	 2.008491e+04 0.000000e+00 3.762509e+06
#	 6.000784e+06 3.762509e+06 0.000000e+00
# WH0W = 
#	 3.042896e+02 1.078456e+02 -8.120659e+02
#	 1.078456e+02 8.462717e+00 -5.594757e+02
#	 -8.120659e+02 -5.594757e+02 -3.127523e+02
#################################################
##            CALCULATION COMPLETED            ##
#################################################
# Psi[0]^2 = 0.000016 + I0.000000
# Psi[1]^2 = 0.003902 + I0.000000
# Psi[2]^2 = 0.996081 + I0.000000
# phi0 = -2.645387 
# phi1 = 0.340010 
# phi2 = -0.426148 
# Psi = 
#	-1.931901e-03+i(-3.568436e-03)
#	2.083279e-02+i(5.889163e-02)
#	-4.125554e-01+i(9.087791e-01)
#ProbSurv b 1-|Psi|^2 calls E tol dh dh(prev) dh(last)
0.0244931927509	1	-1.99396e-13	9001	630	0.0001	0.0001	0.0001	5e-05
