# a = 0.100000
# b = 1.000000
# E = 1992.234926
# tol = 0.000100
# s12 = 0.554977
# s13 = 0.152971
# psi0 = 0.822075 + I0.000000	0.548446 + I0.000000	0.152971 + I0.000000
# dh = 0.000100
# out = data/E6.3e2.5_tol1e-4.log
# model = sun
# scan_steps = 100.000000
# H0 = 
#	 0.000000e+00 0.000000e+00 0.000000e+00
#	 0.000000e+00 6.674403e+01 0.000000e+00
#	 0.000000e+00 0.000000e+00 2.184461e+03
# W = 
#	 6.758072e-01 4.508635e-01 1.257533e-01
#	 4.508635e-01 3.007928e-01 8.389608e-02
#	 1.257533e-01 8.389608e-02 2.340000e-02
# H0W = 
#	 0.000000e+00 -3.009245e+01 -2.747032e+02
#	 3.009245e+01 0.000000e+00 -1.776682e+02
#	 2.747032e+02 1.776682e+02 0.000000e+00
# H0H0W = 
#	 0.000000e+00 2.008491e+03 6.000784e+05
#	 2.008491e+03 0.000000e+00 3.762509e+05
#	 6.000784e+05 3.762509e+05 0.000000e+00
# WH0W = 
#	 9.622483e+01 3.410377e+01 -2.567978e+02
#	 3.410377e+01 2.676146e+00 -1.769217e+02
#	 -2.567978e+02 -1.769217e+02 -9.890098e+01
#################################################
##            CALCULATION COMPLETED            ##
#################################################
# Psi[0]^2 = 0.000002 + I0.000000
# Psi[1]^2 = 0.000245 + I0.000000
# Psi[2]^2 = 0.999753 + I0.000000
# phi0 = -2.228889 
# phi1 = -0.442424 
# phi2 = -1.478265 
# Psi = 
#	-1.133086e-03+i(-8.759351e-04)
#	-6.703444e-03+i(1.414991e-02)
#	-9.955990e-01+i(9.238776e-02)
#ProbSurv b 1-|Psi|^2 calls E tol dh dh(prev) dh(last)
0.0234693427379	1	-5.01821e-14	9001	1992.23	0.0001	0.0001	0.0001	5e-05
