# a = 0.100000
# b = 1.000000
# E = 630000.000000
# tol = 0.000100
# s12 = 0.554977
# s13 = 0.152971
# psi0 = 0.822075 + I0.000000	0.548446 + I0.000000	0.152971 + I0.000000
# dh = 0.000100
# out = data/E6.3e5.0_tol1e-4.log
# model = sun
# scan_steps = 100.000000
# H0 = 
#	 0.000000e+00 0.000000e+00 0.000000e+00
#	 0.000000e+00 2.110632e-01 0.000000e+00
#	 0.000000e+00 0.000000e+00 6.907873e+00
# W = 
#	 6.758072e-01 4.508635e-01 1.257533e-01
#	 4.508635e-01 3.007928e-01 8.389608e-02
#	 1.257533e-01 8.389608e-02 2.340000e-02
# H0W = 
#	 0.000000e+00 -9.516068e-02 -8.686877e-01
#	 9.516068e-02 0.000000e+00 -5.618361e-01
#	 8.686877e-01 5.618361e-01 0.000000e+00
# H0H0W = 
#	 0.000000e+00 2.008491e-02 6.000784e+00
#	 2.008491e-02 0.000000e+00 3.762509e+00
#	 6.000784e+00 3.762509e+00 0.000000e+00
# WH0W = 
#	 3.042896e-01 1.078456e-01 -8.120659e-01
#	 1.078456e-01 8.462717e-03 -5.594757e-01
#	 -8.120659e-01 -5.594757e-01 -3.127523e-01
#################################################
##            CALCULATION COMPLETED            ##
#################################################
# Psi[0]^2 = 0.626786 + I0.000000
# Psi[1]^2 = 0.292666 + I0.000000
# Psi[2]^2 = 0.080548 + I0.000000
# phi0 = 2.371924 
# phi1 = 2.400804 
# phi2 = -2.856479 
# Psi = 
#	5.509405e-01+i(-5.685515e-01)
#	3.650954e-01+i(-3.992136e-01)
#	-7.982600e-02+i(-2.723517e-01)
#ProbSurv b 1-|Psi|^2 calls E tol dh dh(prev) dh(last)
0.513503313761	1	-7.88258e-14	9001	630000	0.0001	0.0001	0.0001	5e-05
