# a = 0.100000
# b = 1.000000
# E = 6.300000
# tol = 0.000100
# s12 = 0.554977
# s13 = 0.152971
# psi0 = 0.822075 + I0.000000	0.548446 + I0.000000	0.152971 + I0.000000
# dh = 0.000100
# out = data/E6.3e0.0_tol1e-4.log
# model = sun
# scan_steps = 100.000000
# H0 = 
#	 0.000000e+00 0.000000e+00 0.000000e+00
#	 0.000000e+00 2.110632e+04 0.000000e+00
#	 0.000000e+00 0.000000e+00 6.907873e+05
# W = 
#	 6.758072e-01 4.508635e-01 1.257533e-01
#	 4.508635e-01 3.007928e-01 8.389608e-02
#	 1.257533e-01 8.389608e-02 2.340000e-02
# H0W = 
#	 0.000000e+00 -9.516068e+03 -8.686877e+04
#	 9.516068e+03 0.000000e+00 -5.618361e+04
#	 8.686877e+04 5.618361e+04 0.000000e+00
# H0H0W = 
#	 0.000000e+00 2.008491e+08 6.000784e+10
#	 2.008491e+08 0.000000e+00 3.762509e+10
#	 6.000784e+10 3.762509e+10 0.000000e+00
# WH0W = 
#	 3.042896e+04 1.078456e+04 -8.120659e+04
#	 1.078456e+04 8.462717e+02 -5.594757e+04
#	 -8.120659e+04 -5.594757e+04 -3.127523e+04
#################################################
##            CALCULATION COMPLETED            ##
#################################################
# Psi[0]^2 = 0.198726 + I0.000000
# Psi[1]^2 = 0.776261 + I0.000000
# Psi[2]^2 = 0.025013 + I0.000000
# phi0 = 2.954325 
# phi1 = 0.806631 
# phi2 = -3.137582 
# Psi = 
#	8.299461e-02+i(-4.379932e-01)
#	6.360878e-01+i(6.096338e-01)
#	-6.342442e-04+i(-1.581528e-01)
#ProbSurv b 1-|Psi|^2 calls E tol dh dh(prev) dh(last)
0.368379633614	1	-1.16784e-11	30660	6.3	0.0001	0.0001	2.93556e-05	2.24909e-05
