# a = 0.100000
# b = 1.000000
# E = 63.000000
# tol = 0.000100
# s12 = 0.554977
# s13 = 0.152971
# psi0 = 0.822075 + I0.000000	0.548446 + I0.000000	0.152971 + I0.000000
# dh = 0.000100
# out = data/E6.3e1.0_tol1e-4.log
# model = sun
# scan_steps = 100.000000
# H0 = 
#	 0.000000e+00 0.000000e+00 0.000000e+00
#	 0.000000e+00 2.110632e+03 0.000000e+00
#	 0.000000e+00 0.000000e+00 6.907873e+04
# W = 
#	 6.758072e-01 4.508635e-01 1.257533e-01
#	 4.508635e-01 3.007928e-01 8.389608e-02
#	 1.257533e-01 8.389608e-02 2.340000e-02
# H0W = 
#	 0.000000e+00 -9.516068e+02 -8.686877e+03
#	 9.516068e+02 0.000000e+00 -5.618361e+03
#	 8.686877e+03 5.618361e+03 0.000000e+00
# H0H0W = 
#	 0.000000e+00 2.008491e+06 6.000784e+08
#	 2.008491e+06 0.000000e+00 3.762509e+08
#	 6.000784e+08 3.762509e+08 0.000000e+00
# WH0W = 
#	 3.042896e+03 1.078456e+03 -8.120659e+03
#	 1.078456e+03 8.462717e+01 -5.594757e+03
#	 -8.120659e+03 -5.594757e+03 -3.127523e+03
#################################################
##            CALCULATION COMPLETED            ##
#################################################
# Psi[0]^2 = 0.001996 + I0.000000
# Psi[1]^2 = 0.946917 + I0.000000
# Psi[2]^2 = 0.051087 + I0.000000
# phi0 = -3.121672 
# phi1 = -2.540084 
# phi2 = -0.767270 
# Psi = 
#	-8.899584e-04+i(-4.466885e-02)
#	-5.506630e-01+i(-8.023011e-01)
#	-1.569001e-01+i(1.626945e-01)
#ProbSurv b 1-|Psi|^2 calls E tol dh dh(prev) dh(last)
 0.28737016516	1	-9.29701e-13	9001	63	0.0001	0.0001	0.0001	5e-05
