# a = 0.100000
# b = 1.000000
# E = 63000.000000
# tol = 0.000100
# s12 = 0.554977
# s13 = 0.152971
# psi0 = 0.822075 + I0.000000	0.548446 + I0.000000	0.152971 + I0.000000
# dh = 0.000100
# out = data/E6.3e4.0_tol1e-4.log
# model = sun
# scan_steps = 100.000000
# H0 = 
#	 0.000000e+00 0.000000e+00 0.000000e+00
#	 0.000000e+00 2.110632e+00 0.000000e+00
#	 0.000000e+00 0.000000e+00 6.907873e+01
# W = 
#	 6.758072e-01 4.508635e-01 1.257533e-01
#	 4.508635e-01 3.007928e-01 8.389608e-02
#	 1.257533e-01 8.389608e-02 2.340000e-02
# H0W = 
#	 0.000000e+00 -9.516068e-01 -8.686877e+00
#	 9.516068e-01 0.000000e+00 -5.618361e+00
#	 8.686877e+00 5.618361e+00 0.000000e+00
# H0H0W = 
#	 0.000000e+00 2.008491e+00 6.000784e+02
#	 2.008491e+00 0.000000e+00 3.762509e+02
#	 6.000784e+02 3.762509e+02 0.000000e+00
# WH0W = 
#	 3.042896e+00 1.078456e+00 -8.120659e+00
#	 1.078456e+00 8.462717e-02 -5.594757e+00
#	 -8.120659e+00 -5.594757e+00 -3.127523e+00
#################################################
##            CALCULATION COMPLETED            ##
#################################################
# Psi[0]^2 = 0.227030 + I0.000000
# Psi[1]^2 = 0.161053 + I0.000000
# Psi[2]^2 = 0.611918 + I0.000000
# phi0 = -2.697905 
# phi1 = -2.400994 
# phi2 = -2.833143 
# Psi = 
#	-2.045385e-01+i(-4.303412e-01)
#	-2.707781e-01+i(-2.961954e-01)
#	-2.374778e-01+i(-7.453337e-01)
#ProbSurv b 1-|Psi|^2 calls E tol dh dh(prev) dh(last)
0.216190499288	1	-7.34968e-14	9001	63000	0.0001	0.0001	0.0001	5e-05
