# a = 0.100000
# b = 1.000000
# E = 19922.349259
# tol = 0.000100
# s12 = 0.554977
# s13 = 0.152971
# psi0 = 0.822075 + I0.000000	0.548446 + I0.000000	0.152971 + I0.000000
# dh = 0.000100
# out = data/E6.3e3.5_tol1e-4.log
# model = sun
# scan_steps = 100.000000
# H0 = 
#	 0.000000e+00 0.000000e+00 0.000000e+00
#	 0.000000e+00 6.674403e+00 0.000000e+00
#	 0.000000e+00 0.000000e+00 2.184461e+02
# W = 
#	 6.758072e-01 4.508635e-01 1.257533e-01
#	 4.508635e-01 3.007928e-01 8.389608e-02
#	 1.257533e-01 8.389608e-02 2.340000e-02
# H0W = 
#	 0.000000e+00 -3.009245e+00 -2.747032e+01
#	 3.009245e+00 0.000000e+00 -1.776682e+01
#	 2.747032e+01 1.776682e+01 0.000000e+00
# H0H0W = 
#	 0.000000e+00 2.008491e+01 6.000784e+03
#	 2.008491e+01 0.000000e+00 3.762509e+03
#	 6.000784e+03 3.762509e+03 0.000000e+00
# WH0W = 
#	 9.622483e+00 3.410377e+00 -2.567978e+01
#	 3.410377e+00 2.676146e-01 -1.769217e+01
#	 -2.567978e+01 -1.769217e+01 -9.890098e+00
#################################################
##            CALCULATION COMPLETED            ##
#################################################
# Psi[0]^2 = 0.016768 + I0.000000
# Psi[1]^2 = 0.032294 + I0.000000
# Psi[2]^2 = 0.950938 + I0.000000
# phi0 = -0.236171 
# phi1 = 0.751525 
# phi2 = -0.610353 
# Psi = 
#	-3.029861e-02+i(1.258966e-01)
#	1.226937e-01+i(1.313005e-01)
#	-5.589198e-01+i(7.990915e-01)
#ProbSurv b 1-|Psi|^2 calls E tol dh dh(prev) dh(last)
0.0432975370932	1	-8.90399e-14	9001	19922.3	0.0001	0.0001	0.0001	5e-05
