# a = 0.100000
# b = 1.000000
# E = 19.922349
# tol = 0.000100
# s12 = 0.554977
# s13 = 0.152971
# psi0 = 0.822075 + I0.000000	0.548446 + I0.000000	0.152971 + I0.000000
# dh = 0.000100
# out = data/E6.3e0.5_tol1e-4.log
# model = sun
# scan_steps = 100.000000
# H0 = 
#	 0.000000e+00 0.000000e+00 0.000000e+00
#	 0.000000e+00 6.674403e+03 0.000000e+00
#	 0.000000e+00 0.000000e+00 2.184461e+05
# W = 
#	 6.758072e-01 4.508635e-01 1.257533e-01
#	 4.508635e-01 3.007928e-01 8.389608e-02
#	 1.257533e-01 8.389608e-02 2.340000e-02
# H0W = 
#	 0.000000e+00 -3.009245e+03 -2.747032e+04
#	 3.009245e+03 0.000000e+00 -1.776682e+04
#	 2.747032e+04 1.776682e+04 0.000000e+00
# H0H0W = 
#	 0.000000e+00 2.008491e+07 6.000784e+09
#	 2.008491e+07 0.000000e+00 3.762509e+09
#	 6.000784e+09 3.762509e+09 0.000000e+00
# WH0W = 
#	 9.622483e+03 3.410377e+03 -2.567978e+04
#	 3.410377e+03 2.676146e+02 -1.769217e+04
#	 -2.567978e+04 -1.769217e+04 -9.890098e+03
#################################################
##            CALCULATION COMPLETED            ##
#################################################
# Psi[0]^2 = 0.021865 + I0.000000
# Psi[1]^2 = 0.949031 + I0.000000
# Psi[2]^2 = 0.029105 + I0.000000
# phi0 = -1.812890 
# phi1 = 2.210887 
# phi2 = -0.458956 
# Psi = 
#	-1.435555e-01+i(-3.544911e-02)
#	7.813346e-01+i(-5.818478e-01)
#	-7.557826e-02+i(1.529462e-01)
#ProbSurv b 1-|Psi|^2 calls E tol dh dh(prev) dh(last)
0.300919012599	1	-4.32876e-12	9001	19.9223	0.0001	0.0001	0.0001	5e-05
