# a = 0.100000
# b = 1.000000
# E = 6300.000000
# tol = 0.000100
# s12 = 0.554977
# s13 = 0.152971
# psi0 = 0.822075 + I0.000000	0.548446 + I0.000000	0.152971 + I0.000000
# dh = 0.000100
# out = data/E6.3e3.0_tol1e-4.log
# model = sun
# scan_steps = 100.000000
# H0 = 
#	 0.000000e+00 0.000000e+00 0.000000e+00
#	 0.000000e+00 2.110632e+01 0.000000e+00
#	 0.000000e+00 0.000000e+00 6.907873e+02
# W = 
#	 6.758072e-01 4.508635e-01 1.257533e-01
#	 4.508635e-01 3.007928e-01 8.389608e-02
#	 1.257533e-01 8.389608e-02 2.340000e-02
# H0W = 
#	 0.000000e+00 -9.516068e+00 -8.686877e+01
#	 9.516068e+00 0.000000e+00 -5.618361e+01
#	 8.686877e+01 5.618361e+01 0.000000e+00
# H0H0W = 
#	 0.000000e+00 2.008491e+02 6.000784e+04
#	 2.008491e+02 0.000000e+00 3.762509e+04
#	 6.000784e+04 3.762509e+04 0.000000e+00
# WH0W = 
#	 3.042896e+01 1.078456e+01 -8.120659e+01
#	 1.078456e+01 8.462717e-01 -5.594757e+01
#	 -8.120659e+01 -5.594757e+01 -3.127523e+01
#################################################
##            CALCULATION COMPLETED            ##
#################################################
# Psi[0]^2 = 0.000002 + I0.000000
# Psi[1]^2 = 0.000056 + I0.000000
# Psi[2]^2 = 0.999941 + I0.000000
# phi0 = -1.382291 
# phi1 = -2.998126 
# phi2 = -2.007690 
# Psi = 
#	-1.531451e-03+i(2.921560e-04)
#	-1.072900e-03+i(-7.427002e-03)
#	-9.060437e-01+i(-4.231147e-01)
#ProbSurv b 1-|Psi|^2 calls E tol dh dh(prev) dh(last)
0.0234172062004	1	-6.52811e-14	9001	6300	0.0001	0.0001	0.0001	5e-05
