# a = 0.100000
# b = 1.000000
# E = 199223.492591
# tol = 0.000100
# s12 = 0.554977
# s13 = 0.152971
# psi0 = 0.822075 + I0.000000	0.548446 + I0.000000	0.152971 + I0.000000
# dh = 0.000100
# out = data/E6.3e4.5_tol1e-4.log
# model = sun
# scan_steps = 100.000000
# H0 = 
#	 0.000000e+00 0.000000e+00 0.000000e+00
#	 0.000000e+00 6.674403e-01 0.000000e+00
#	 0.000000e+00 0.000000e+00 2.184461e+01
# W = 
#	 6.758072e-01 4.508635e-01 1.257533e-01
#	 4.508635e-01 3.007928e-01 8.389608e-02
#	 1.257533e-01 8.389608e-02 2.340000e-02
# H0W = 
#	 0.000000e+00 -3.009245e-01 -2.747032e+00
#	 3.009245e-01 0.000000e+00 -1.776682e+00
#	 2.747032e+00 1.776682e+00 0.000000e+00
# H0H0W = 
#	 0.000000e+00 2.008491e-01 6.000784e+01
#	 2.008491e-01 0.000000e+00 3.762509e+01
#	 6.000784e+01 3.762509e+01 0.000000e+00
# WH0W = 
#	 9.622483e-01 3.410377e-01 -2.567978e+00
#	 3.410377e-01 2.676146e-02 -1.769217e+00
#	 -2.567978e+00 -1.769217e+00 -9.890098e-01
#################################################
##            CALCULATION COMPLETED            ##
#################################################
# Psi[0]^2 = 0.481372 + I0.000000
# Psi[1]^2 = 0.249046 + I0.000000
# Psi[2]^2 = 0.269583 + I0.000000
# phi0 = 2.690617 
# phi1 = 2.784467 
# phi2 = 0.511316 
# Psi = 
#	3.023927e-01+i(-6.244439e-01)
#	1.744575e-01+i(-4.675579e-01)
#	2.540641e-01+i(4.528068e-01)
#ProbSurv b 1-|Psi|^2 calls E tol dh dh(prev) dh(last)
0.406533805287	1	-1.35447e-13	9001	199223	0.0001	0.0001	0.0001	5e-05
