# a = 0.100000
# b = 1.000000
# E = 1.992235
# tol = 0.000100
# s12 = 0.554977
# s13 = 0.152971
# psi0 = 0.822075 + I0.000000	0.548446 + I0.000000	0.152971 + I0.000000
# dh = 0.000100
# out = data/E6.3e-0.5_tol1e-4.log
# model = sun
# scan_steps = 100.000000
# H0 = 
#	 0.000000e+00 0.000000e+00 0.000000e+00
#	 0.000000e+00 6.674403e+04 0.000000e+00
#	 0.000000e+00 0.000000e+00 2.184461e+06
# W = 
#	 6.758072e-01 4.508635e-01 1.257533e-01
#	 4.508635e-01 3.007928e-01 8.389608e-02
#	 1.257533e-01 8.389608e-02 2.340000e-02
# H0W = 
#	 0.000000e+00 -3.009245e+04 -2.747032e+05
#	 3.009245e+04 0.000000e+00 -1.776682e+05
#	 2.747032e+05 1.776682e+05 0.000000e+00
# H0H0W = 
#	 0.000000e+00 2.008491e+09 6.000784e+11
#	 2.008491e+09 0.000000e+00 3.762509e+11
#	 6.000784e+11 3.762509e+11 0.000000e+00
# WH0W = 
#	 9.622483e+04 3.410377e+04 -2.567978e+05
#	 3.410377e+04 2.676146e+03 -1.769217e+05
#	 -2.567978e+05 -1.769217e+05 -9.890098e+04
#################################################
##            CALCULATION COMPLETED            ##
#################################################
# Psi[0]^2 = 0.513235 + I0.000000
# Psi[1]^2 = 0.462871 + I0.000000
# Psi[2]^2 = 0.023893 + I0.000000
# phi0 = -1.994343 
# phi1 = 0.821082 
# phi2 = 2.765574 
# Psi = 
#	-6.531007e-01+i(-2.944399e-01)
#	4.979344e-01+i(4.636084e-01)
#	5.676272e-02+i(-1.437746e-01)
#ProbSurv b 1-|Psi|^2 calls E tol dh dh(prev) dh(last)
0.486635686052	1	2.67214e-11	192148	1.99223	0.0001	0.0001	4.68392e-06	4.14844e-06
