# a = 0.100000
# b = 1.000000
# E = 6400.000000
# tol = 0.000100
# s12 = 0.554977
# s13 = 0.152971
# psi0 = 0.822075 + I0.000000	0.548446 + I0.000000	0.152971 + I0.000000
# dh = 0.000100
# out = data/E6.4e3.0_tol1e-4.log
# model = sun
# scan_steps = 100.000000
# H0 = 
#	 0.000000e+00 0.000000e+00 0.000000e+00
#	 0.000000e+00 2.077653e+01 0.000000e+00
#	 0.000000e+00 0.000000e+00 6.799937e+02
# W = 
#	 6.758072e-01 4.508635e-01 1.257533e-01
#	 4.508635e-01 3.007928e-01 8.389608e-02
#	 1.257533e-01 8.389608e-02 2.340000e-02
# H0W = 
#	 0.000000e+00 -9.367380e+00 -8.551145e+01
#	 9.367380e+00 0.000000e+00 -5.530574e+01
#	 8.551145e+01 5.530574e+01 0.000000e+00
# H0H0W = 
#	 0.000000e+00 1.946216e+02 5.814725e+04
#	 1.946216e+02 0.000000e+00 3.645849e+04
#	 5.814725e+04 3.645849e+04 0.000000e+00
# WH0W = 
#	 2.995351e+01 1.061605e+01 -7.993774e+01
#	 1.061605e+01 8.330487e-01 -5.507339e+01
#	 -7.993774e+01 -5.507339e+01 -3.078656e+01
#################################################
##            CALCULATION COMPLETED            ##
#################################################
# Psi[0]^2 = 0.000004 + I0.000000
# Psi[1]^2 = 0.000159 + I0.000000
# Psi[2]^2 = 0.999837 + I0.000000
# phi0 = -0.869342 
# phi1 = -2.366460 
# phi2 = -2.036380 
# Psi = 
#	-1.574770e-03+i(1.330331e-03)
#	-8.816888e-03+i(-8.999784e-03)
#	-8.934868e-01+i(-4.489080e-01)
#ProbSurv b 1-|Psi|^2 calls E tol dh dh(prev) dh(last)
0.0234468040831	1	-7.9714e-14	9001	6400	0.0001	0.0001	0.0001	5e-05
