# a = 0.100000
# b = 1.000000
# E = 64.000000
# tol = 0.000100
# s12 = 0.554977
# s13 = 0.152971
# psi0 = 0.822075 + I0.000000	0.548446 + I0.000000	0.152971 + I0.000000
# dh = 0.000100
# out = data/E6.4e1.0_tol1e-4.log
# model = sun
# scan_steps = 100.000000
# H0 = 
#	 0.000000e+00 0.000000e+00 0.000000e+00
#	 0.000000e+00 2.077653e+03 0.000000e+00
#	 0.000000e+00 0.000000e+00 6.799937e+04
# W = 
#	 6.758072e-01 4.508635e-01 1.257533e-01
#	 4.508635e-01 3.007928e-01 8.389608e-02
#	 1.257533e-01 8.389608e-02 2.340000e-02
# H0W = 
#	 0.000000e+00 -9.367380e+02 -8.551145e+03
#	 9.367380e+02 0.000000e+00 -5.530574e+03
#	 8.551145e+03 5.530574e+03 0.000000e+00
# H0H0W = 
#	 0.000000e+00 1.946216e+06 5.814725e+08
#	 1.946216e+06 0.000000e+00 3.645849e+08
#	 5.814725e+08 3.645849e+08 0.000000e+00
# WH0W = 
#	 2.995351e+03 1.061605e+03 -7.993774e+03
#	 1.061605e+03 8.330487e+01 -5.507339e+03
#	 -7.993774e+03 -5.507339e+03 -3.078656e+03
#################################################
##            CALCULATION COMPLETED            ##
#################################################
# Psi[0]^2 = 0.001887 + I0.000000
# Psi[1]^2 = 0.946906 + I0.000000
# Psi[2]^2 = 0.051207 + I0.000000
# phi0 = -0.977509 
# phi1 = 3.102768 
# phi2 = 1.923055 
# Psi = 
#	-3.601547e-02+i(2.428621e-02)
#	3.777086e-02+i(-9.723578e-01)
#	2.123939e-01+i(-7.807392e-02)
#ProbSurv b 1-|Psi|^2 calls E tol dh dh(prev) dh(last)
0.287296052883	1	-9.4813e-13	9001	64	0.0001	0.0001	0.0001	5e-05
