# a = 0.100000
# b = 1.000000
# E = 64000.000000
# tol = 0.000100
# s12 = 0.554977
# s13 = 0.152971
# psi0 = 0.822075 + I0.000000	0.548446 + I0.000000	0.152971 + I0.000000
# dh = 0.000100
# out = data/E6.4e4.0_tol1e-4.log
# model = sun
# scan_steps = 100.000000
# H0 = 
#	 0.000000e+00 0.000000e+00 0.000000e+00
#	 0.000000e+00 2.077653e+00 0.000000e+00
#	 0.000000e+00 0.000000e+00 6.799937e+01
# W = 
#	 6.758072e-01 4.508635e-01 1.257533e-01
#	 4.508635e-01 3.007928e-01 8.389608e-02
#	 1.257533e-01 8.389608e-02 2.340000e-02
# H0W = 
#	 0.000000e+00 -9.367380e-01 -8.551145e+00
#	 9.367380e-01 0.000000e+00 -5.530574e+00
#	 8.551145e+00 5.530574e+00 0.000000e+00
# H0H0W = 
#	 0.000000e+00 1.946216e+00 5.814725e+02
#	 1.946216e+00 0.000000e+00 3.645849e+02
#	 5.814725e+02 3.645849e+02 0.000000e+00
# WH0W = 
#	 2.995351e+00 1.061605e+00 -7.993774e+00
#	 1.061605e+00 8.330487e-02 -5.507339e+00
#	 -7.993774e+00 -5.507339e+00 -3.078656e+00
#################################################
##            CALCULATION COMPLETED            ##
#################################################
# Psi[0]^2 = 0.230785 + I0.000000
# Psi[1]^2 = 0.162471 + I0.000000
# Psi[2]^2 = 0.606744 + I0.000000
# phi0 = -2.718785 
# phi1 = -2.425990 
# phi2 = 3.048555 
# Psi = 
#	-1.971196e-01+i(-4.380973e-01)
#	-2.644474e-01+i(-3.042011e-01)
#	7.236626e-02+i(-7.755688e-01)
#ProbSurv b 1-|Psi|^2 calls E tol dh dh(prev) dh(last)
0.219034262835	1	-1.01696e-13	9001	64000	0.0001	0.0001	0.0001	5e-05
