# a = 0.100000
# b = 1.000000
# E = 640.000000
# tol = 0.000100
# s12 = 0.554977
# s13 = 0.152971
# psi0 = 0.822075 + I0.000000	0.548446 + I0.000000	0.152971 + I0.000000
# dh = 0.000100
# out = data/E6.4e2.0_tol1e-4.log
# model = sun
# scan_steps = 100.000000
# H0 = 
#	 0.000000e+00 0.000000e+00 0.000000e+00
#	 0.000000e+00 2.077653e+02 0.000000e+00
#	 0.000000e+00 0.000000e+00 6.799937e+03
# W = 
#	 6.758072e-01 4.508635e-01 1.257533e-01
#	 4.508635e-01 3.007928e-01 8.389608e-02
#	 1.257533e-01 8.389608e-02 2.340000e-02
# H0W = 
#	 0.000000e+00 -9.367380e+01 -8.551145e+02
#	 9.367380e+01 0.000000e+00 -5.530574e+02
#	 8.551145e+02 5.530574e+02 0.000000e+00
# H0H0W = 
#	 0.000000e+00 1.946216e+04 5.814725e+06
#	 1.946216e+04 0.000000e+00 3.645849e+06
#	 5.814725e+06 3.645849e+06 0.000000e+00
# WH0W = 
#	 2.995351e+02 1.061605e+02 -7.993774e+02
#	 1.061605e+02 8.330487e+00 -5.507339e+02
#	 -7.993774e+02 -5.507339e+02 -3.078656e+02
#################################################
##            CALCULATION COMPLETED            ##
#################################################
# Psi[0]^2 = 0.000016 + I0.000000
# Psi[1]^2 = 0.003733 + I0.000000
# Psi[2]^2 = 0.996251 + I0.000000
# phi0 = 2.723502 
# phi1 = -0.527320 
# phi2 = 1.762443 
# Psi = 
#	1.635378e-03+i(-3.680921e-03)
#	-3.074639e-02+i(5.279956e-02)
#	9.798497e-01+i(-1.901187e-01)
#ProbSurv b 1-|Psi|^2 calls E tol dh dh(prev) dh(last)
0.0244461290304	1	-1.7164e-13	9001	640	0.0001	0.0001	0.0001	5e-05
