# a = 0.100000
# b = 1.000000
# E = 2023857.702508
# tol = 0.000100
# s12 = 0.554977
# s13 = 0.152971
# psi0 = 0.822075 + I0.000000	0.548446 + I0.000000	0.152971 + I0.000000
# dh = 0.000100
# out = data/E6.4e5.5_tol1e-4.log
# model = sun
# scan_steps = 100.000000
# H0 = 
#	 0.000000e+00 0.000000e+00 0.000000e+00
#	 0.000000e+00 6.570115e-02 0.000000e+00
#	 0.000000e+00 0.000000e+00 2.150329e+00
# W = 
#	 6.758072e-01 4.508635e-01 1.257533e-01
#	 4.508635e-01 3.007928e-01 8.389608e-02
#	 1.257533e-01 8.389608e-02 2.340000e-02
# H0W = 
#	 0.000000e+00 -2.962226e-02 -2.704109e-01
#	 2.962226e-02 0.000000e+00 -1.748921e-01
#	 2.704109e-01 1.748921e-01 0.000000e+00
# H0H0W = 
#	 0.000000e+00 1.946216e-03 5.814725e-01
#	 1.946216e-03 0.000000e+00 3.645849e-01
#	 5.814725e-01 3.645849e-01 0.000000e+00
# WH0W = 
#	 9.472132e-02 3.357090e-02 -2.527853e-01
#	 3.357090e-02 2.634331e-03 -1.741573e-01
#	 -2.527853e-01 -1.741573e-01 -9.735565e-02
#################################################
##            CALCULATION COMPLETED            ##
#################################################
# Psi[0]^2 = 0.663805 + I0.000000
# Psi[1]^2 = 0.299853 + I0.000000
# Psi[2]^2 = 0.036341 + I0.000000
# phi0 = 2.252293 
# phi1 = 2.261279 
# phi2 = 2.557619 
# Psi = 
#	6.327538e-01+i(-5.132522e-01)
#	4.221574e-01+i(-3.487644e-01)
#	1.051048e-01+i(-1.590417e-01)
#ProbSurv b 1-|Psi|^2 calls E tol dh dh(prev) dh(last)
0.539648504495	1	-1.06803e-13	9001	2.02386e+06	0.0001	0.0001	0.0001	5e-05
