# a = 0.100000
# b = 1.000000
# E = 640000.000000
# tol = 0.000100
# s12 = 0.554977
# s13 = 0.152971
# psi0 = 0.822075 + I0.000000	0.548446 + I0.000000	0.152971 + I0.000000
# dh = 0.000100
# out = data/E6.4e5.0_tol1e-4.log
# model = sun
# scan_steps = 100.000000
# H0 = 
#	 0.000000e+00 0.000000e+00 0.000000e+00
#	 0.000000e+00 2.077653e-01 0.000000e+00
#	 0.000000e+00 0.000000e+00 6.799937e+00
# W = 
#	 6.758072e-01 4.508635e-01 1.257533e-01
#	 4.508635e-01 3.007928e-01 8.389608e-02
#	 1.257533e-01 8.389608e-02 2.340000e-02
# H0W = 
#	 0.000000e+00 -9.367380e-02 -8.551145e-01
#	 9.367380e-02 0.000000e+00 -5.530574e-01
#	 8.551145e-01 5.530574e-01 0.000000e+00
# H0H0W = 
#	 0.000000e+00 1.946216e-02 5.814725e+00
#	 1.946216e-02 0.000000e+00 3.645849e+00
#	 5.814725e+00 3.645849e+00 0.000000e+00
# WH0W = 
#	 2.995351e-01 1.061605e-01 -7.993774e-01
#	 1.061605e-01 8.330487e-03 -5.507339e-01
#	 -7.993774e-01 -5.507339e-01 -3.078656e-01
#################################################
##            CALCULATION COMPLETED            ##
#################################################
# Psi[0]^2 = 0.627781 + I0.000000
# Psi[1]^2 = 0.292908 + I0.000000
# Psi[2]^2 = 0.079310 + I0.000000
# phi0 = 2.369243 
# phi1 = 2.397669 
# phi2 = -2.877266 
# Psi = 
#	5.529014e-01+i(-5.675221e-01)
#	3.664968e-01+i(-3.982319e-01)
#	-7.357604e-02+i(-2.718397e-01)
#ProbSurv b 1-|Psi|^2 calls E tol dh dh(prev) dh(last)
0.514219730051	1	-9.32587e-14	9001	640000	0.0001	0.0001	0.0001	5e-05
