# a = 0.100000
# b = 1.000000
# E = 2.023858
# tol = 0.000100
# s12 = 0.554977
# s13 = 0.152971
# psi0 = 0.822075 + I0.000000	0.548446 + I0.000000	0.152971 + I0.000000
# dh = 0.000100
# out = data/E6.4e-0.5_tol1e-4.log
# model = sun
# scan_steps = 100.000000
# H0 = 
#	 0.000000e+00 0.000000e+00 0.000000e+00
#	 0.000000e+00 6.570115e+04 0.000000e+00
#	 0.000000e+00 0.000000e+00 2.150329e+06
# W = 
#	 6.758072e-01 4.508635e-01 1.257533e-01
#	 4.508635e-01 3.007928e-01 8.389608e-02
#	 1.257533e-01 8.389608e-02 2.340000e-02
# H0W = 
#	 0.000000e+00 -2.962226e+04 -2.704109e+05
#	 2.962226e+04 0.000000e+00 -1.748921e+05
#	 2.704109e+05 1.748921e+05 0.000000e+00
# H0H0W = 
#	 0.000000e+00 1.946216e+09 5.814725e+11
#	 1.946216e+09 0.000000e+00 3.645849e+11
#	 5.814725e+11 3.645849e+11 0.000000e+00
# WH0W = 
#	 9.472132e+04 3.357090e+04 -2.527853e+05
#	 3.357090e+04 2.634331e+03 -1.741573e+05
#	 -2.527853e+05 -1.741573e+05 -9.735565e+04
#################################################
##            CALCULATION COMPLETED            ##
#################################################
# Psi[0]^2 = 0.510420 + I0.000000
# Psi[1]^2 = 0.465679 + I0.000000
# Psi[2]^2 = 0.023901 + I0.000000
# phi0 = 2.893746 
# phi1 = -0.181389 
# phi2 = 2.276452 
# Psi = 
#	1.752634e-01+i(-6.926057e-01)
#	-1.231033e-01+i(6.712113e-01)
#	1.176792e-01+i(-1.002630e-01)
#ProbSurv b 1-|Psi|^2 calls E tol dh dh(prev) dh(last)
 0.48557762587	1	2.69315e-11	187751	2.02386	0.0001	0.0001	4.79362e-06	3.47355e-06
