# a = 0.100000
# b = 1.000000
# E = 20238.577025
# tol = 0.000100
# s12 = 0.554977
# s13 = 0.152971
# psi0 = 0.822075 + I0.000000	0.548446 + I0.000000	0.152971 + I0.000000
# dh = 0.000100
# out = data/E6.4e3.5_tol1e-4.log
# model = sun
# scan_steps = 100.000000
# H0 = 
#	 0.000000e+00 0.000000e+00 0.000000e+00
#	 0.000000e+00 6.570115e+00 0.000000e+00
#	 0.000000e+00 0.000000e+00 2.150329e+02
# W = 
#	 6.758072e-01 4.508635e-01 1.257533e-01
#	 4.508635e-01 3.007928e-01 8.389608e-02
#	 1.257533e-01 8.389608e-02 2.340000e-02
# H0W = 
#	 0.000000e+00 -2.962226e+00 -2.704109e+01
#	 2.962226e+00 0.000000e+00 -1.748921e+01
#	 2.704109e+01 1.748921e+01 0.000000e+00
# H0H0W = 
#	 0.000000e+00 1.946216e+01 5.814725e+03
#	 1.946216e+01 0.000000e+00 3.645849e+03
#	 5.814725e+03 3.645849e+03 0.000000e+00
# WH0W = 
#	 9.472132e+00 3.357090e+00 -2.527853e+01
#	 3.357090e+00 2.634331e-01 -1.741573e+01
#	 -2.527853e+01 -1.741573e+01 -9.735565e+00
#################################################
##            CALCULATION COMPLETED            ##
#################################################
# Psi[0]^2 = 0.017740 + I0.000000
# Psi[1]^2 = 0.033754 + I0.000000
# Psi[2]^2 = 0.948507 + I0.000000
# phi0 = -0.296709 
# phi1 = 0.680998 
# phi2 = -2.243110 
# Psi = 
#	-3.894149e-02+i(1.273707e-01)
#	1.156653e-01+i(1.427413e-01)
#	-7.619727e-01+i(-6.065511e-01)
#ProbSurv b 1-|Psi|^2 calls E tol dh dh(prev) dh(last)
0.0443365280738	1	-1.13021e-13	9001	20238.6	0.0001	0.0001	0.0001	5e-05
