# a = 0.100000
# b = 1.000000
# E = 202.385770
# tol = 0.000100
# s12 = 0.554977
# s13 = 0.152971
# psi0 = 0.822075 + I0.000000	0.548446 + I0.000000	0.152971 + I0.000000
# dh = 0.000100
# out = data/E6.4e1.5_tol1e-4.log
# model = sun
# scan_steps = 100.000000
# H0 = 
#	 0.000000e+00 0.000000e+00 0.000000e+00
#	 0.000000e+00 6.570115e+02 0.000000e+00
#	 0.000000e+00 0.000000e+00 2.150329e+04
# W = 
#	 6.758072e-01 4.508635e-01 1.257533e-01
#	 4.508635e-01 3.007928e-01 8.389608e-02
#	 1.257533e-01 8.389608e-02 2.340000e-02
# H0W = 
#	 0.000000e+00 -2.962226e+02 -2.704109e+03
#	 2.962226e+02 0.000000e+00 -1.748921e+03
#	 2.704109e+03 1.748921e+03 0.000000e+00
# H0H0W = 
#	 0.000000e+00 1.946216e+05 5.814725e+07
#	 1.946216e+05 0.000000e+00 3.645849e+07
#	 5.814725e+07 3.645849e+07 0.000000e+00
# WH0W = 
#	 9.472132e+02 3.357090e+02 -2.527853e+03
#	 3.357090e+02 2.634331e+01 -1.741573e+03
#	 -2.527853e+03 -1.741573e+03 -9.735565e+02
#################################################
##            CALCULATION COMPLETED            ##
#################################################
# Psi[0]^2 = 0.000194 + I0.000000
# Psi[1]^2 = 0.307245 + I0.000000
# Psi[2]^2 = 0.692561 + I0.000000
# phi0 = -1.238047 
# phi1 = -0.362371 
# phi2 = 2.141480 
# Psi = 
#	-1.315588e-02+i(4.546672e-03)
#	-1.964940e-01+i(5.183002e-01)
#	7.003249e-01+i(-4.495624e-01)
#ProbSurv b 1-|Psi|^2 calls E tol dh dh(prev) dh(last)
0.108753949159	1	2.68896e-13	9001	202.386	0.0001	0.0001	0.0001	5e-05
