# a = 0.100000
# b = 1.000000
# E = 6.400000
# tol = 0.000100
# s12 = 0.554977
# s13 = 0.152971
# psi0 = 0.822075 + I0.000000	0.548446 + I0.000000	0.152971 + I0.000000
# dh = 0.000100
# out = data/E6.4e0.0_tol1e-4.log
# model = sun
# scan_steps = 100.000000
# H0 = 
#	 0.000000e+00 0.000000e+00 0.000000e+00
#	 0.000000e+00 2.077653e+04 0.000000e+00
#	 0.000000e+00 0.000000e+00 6.799938e+05
# W = 
#	 6.758072e-01 4.508635e-01 1.257533e-01
#	 4.508635e-01 3.007928e-01 8.389608e-02
#	 1.257533e-01 8.389608e-02 2.340000e-02
# H0W = 
#	 0.000000e+00 -9.367380e+03 -8.551145e+04
#	 9.367380e+03 0.000000e+00 -5.530574e+04
#	 8.551145e+04 5.530574e+04 0.000000e+00
# H0H0W = 
#	 0.000000e+00 1.946216e+08 5.814725e+10
#	 1.946216e+08 0.000000e+00 3.645849e+10
#	 5.814725e+10 3.645849e+10 0.000000e+00
# WH0W = 
#	 2.995351e+04 1.061605e+04 -7.993774e+04
#	 1.061605e+04 8.330487e+02 -5.507339e+04
#	 -7.993774e+04 -5.507339e+04 -3.078656e+04
#################################################
##            CALCULATION COMPLETED            ##
#################################################
# Psi[0]^2 = 0.194155 + I0.000000
# Psi[1]^2 = 0.780806 + I0.000000
# Psi[2]^2 = 0.025040 + I0.000000
# phi0 = -1.438935 
# phi1 = -2.595032 
# phi2 = 2.767548 
# Psi = 
#	-4.368046e-01+i(5.793377e-02)
#	-4.592699e-01+i(-7.549019e-01)
#	5.781793e-02+i(-1.472980e-01)
#ProbSurv b 1-|Psi|^2 calls E tol dh dh(prev) dh(last)
0.366657768211	1	-1.12204e-11	30324	6.4	0.0001	0.0001	2.96809e-05	2.24438e-05
