# a = 0.100000
# b = 1.000000
# E = 2055480.479109
# tol = 0.000100
# s12 = 0.554977
# s13 = 0.152971
# psi0 = 0.822075 + I0.000000	0.548446 + I0.000000	0.152971 + I0.000000
# dh = 0.000100
# out = data/E6.5e5.5_tol1e-4.log
# model = sun
# scan_steps = 100.000000
# H0 = 
#	 0.000000e+00 0.000000e+00 0.000000e+00
#	 0.000000e+00 6.469037e-02 0.000000e+00
#	 0.000000e+00 0.000000e+00 2.117247e+00
# W = 
#	 6.758072e-01 4.508635e-01 1.257533e-01
#	 4.508635e-01 3.007928e-01 8.389608e-02
#	 1.257533e-01 8.389608e-02 2.340000e-02
# H0W = 
#	 0.000000e+00 -2.916653e-02 -2.662508e-01
#	 2.916653e-02 0.000000e+00 -1.722015e-01
#	 2.662508e-01 1.722015e-01 0.000000e+00
# H0H0W = 
#	 0.000000e+00 1.886793e-03 5.637187e-01
#	 1.886793e-03 0.000000e+00 3.534532e-01
#	 5.637187e-01 3.534532e-01 0.000000e+00
# WH0W = 
#	 9.326407e-02 3.305442e-02 -2.488963e-01
#	 3.305442e-02 2.593803e-03 -1.714780e-01
#	 -2.488963e-01 -1.714780e-01 -9.585787e-02
#################################################
##            CALCULATION COMPLETED            ##
#################################################
# Psi[0]^2 = 0.664011 + I0.000000
# Psi[1]^2 = 0.299878 + I0.000000
# Psi[2]^2 = 0.036110 + I0.000000
# phi0 = 2.251460 
# phi1 = 2.260308 
# phi2 = 2.551927 
# Psi = 
#	6.332795e-01+i(-5.128046e-01)
#	4.225134e-01+i(-3.483686e-01)
#	1.056709e-01+i(-1.579366e-01)
#ProbSurv b 1-|Psi|^2 calls E tol dh dh(prev) dh(last)
0.539789925571	1	-8.61533e-14	9001	2.05548e+06	0.0001	0.0001	0.0001	5e-05
