# a = 0.100000
# b = 1.000000
# E = 65.000000
# tol = 0.000100
# s12 = 0.554977
# s13 = 0.152971
# psi0 = 0.822075 + I0.000000	0.548446 + I0.000000	0.152971 + I0.000000
# dh = 0.000100
# out = data/E6.5e1.0_tol1e-4.log
# model = sun
# scan_steps = 100.000000
# H0 = 
#	 0.000000e+00 0.000000e+00 0.000000e+00
#	 0.000000e+00 2.045689e+03 0.000000e+00
#	 0.000000e+00 0.000000e+00 6.695323e+04
# W = 
#	 6.758072e-01 4.508635e-01 1.257533e-01
#	 4.508635e-01 3.007928e-01 8.389608e-02
#	 1.257533e-01 8.389608e-02 2.340000e-02
# H0W = 
#	 0.000000e+00 -9.223266e+02 -8.419589e+03
#	 9.223266e+02 0.000000e+00 -5.445488e+03
#	 8.419589e+03 5.445488e+03 0.000000e+00
# H0H0W = 
#	 0.000000e+00 1.886793e+06 5.637187e+08
#	 1.886793e+06 0.000000e+00 3.534532e+08
#	 5.637187e+08 3.534532e+08 0.000000e+00
# WH0W = 
#	 2.949269e+03 1.045273e+03 -7.870793e+03
#	 1.045273e+03 8.202326e+01 -5.422610e+03
#	 -7.870793e+03 -5.422610e+03 -3.031292e+03
#################################################
##            CALCULATION COMPLETED            ##
#################################################
# Psi[0]^2 = 0.001833 + I0.000000
# Psi[1]^2 = 0.945151 + I0.000000
# Psi[2]^2 = 0.053015 + I0.000000
# phi0 = 1.288871 
# phi1 = -3.005805 
# phi2 = 3.087562 
# Psi = 
#	4.112600e-02+i(1.191172e-02)
#	-1.316061e-01+i(-9.632400e-01)
#	1.243445e-02+i(-2.299145e-01)
#ProbSurv b 1-|Psi|^2 calls E tol dh dh(prev) dh(last)
0.286774229493	1	-9.88765e-13	9001	65	0.0001	0.0001	0.0001	5e-05
