# a = 0.100000
# b = 1.000000
# E = 65000.000000
# tol = 0.000100
# s12 = 0.554977
# s13 = 0.152971
# psi0 = 0.822075 + I0.000000	0.548446 + I0.000000	0.152971 + I0.000000
# dh = 0.000100
# out = data/E6.5e4.0_tol1e-4.log
# model = sun
# scan_steps = 100.000000
# H0 = 
#	 0.000000e+00 0.000000e+00 0.000000e+00
#	 0.000000e+00 2.045689e+00 0.000000e+00
#	 0.000000e+00 0.000000e+00 6.695323e+01
# W = 
#	 6.758072e-01 4.508635e-01 1.257533e-01
#	 4.508635e-01 3.007928e-01 8.389608e-02
#	 1.257533e-01 8.389608e-02 2.340000e-02
# H0W = 
#	 0.000000e+00 -9.223266e-01 -8.419589e+00
#	 9.223266e-01 0.000000e+00 -5.445488e+00
#	 8.419589e+00 5.445488e+00 0.000000e+00
# H0H0W = 
#	 0.000000e+00 1.886793e+00 5.637187e+02
#	 1.886793e+00 0.000000e+00 3.534532e+02
#	 5.637187e+02 3.534532e+02 0.000000e+00
# WH0W = 
#	 2.949269e+00 1.045273e+00 -7.870793e+00
#	 1.045273e+00 8.202326e-02 -5.422610e+00
#	 -7.870793e+00 -5.422610e+00 -3.031292e+00
#################################################
##            CALCULATION COMPLETED            ##
#################################################
# Psi[0]^2 = 0.234259 + I0.000000
# Psi[1]^2 = 0.163775 + I0.000000
# Psi[2]^2 = 0.601966 + I0.000000
# phi0 = -2.738734 
# phi1 = -2.449903 
# phi2 = 2.661286 
# Psi = 
#	-1.897534e-01+i(-4.452557e-01)
#	-2.581279e-01+i(-3.116809e-01)
#	3.584893e-01+i(-6.880780e-01)
#ProbSurv b 1-|Psi|^2 calls E tol dh dh(prev) dh(last)
0.221662266078	1	-8.52651e-14	9001	65000	0.0001	0.0001	0.0001	5e-05
