# a = 0.100000
# b = 1.000000
# E = 2.055480
# tol = 0.000100
# s12 = 0.554977
# s13 = 0.152971
# psi0 = 0.822075 + I0.000000	0.548446 + I0.000000	0.152971 + I0.000000
# dh = 0.000100
# out = data/E6.5e-0.5_tol1e-4.log
# model = sun
# scan_steps = 100.000000
# H0 = 
#	 0.000000e+00 0.000000e+00 0.000000e+00
#	 0.000000e+00 6.469037e+04 0.000000e+00
#	 0.000000e+00 0.000000e+00 2.117247e+06
# W = 
#	 6.758072e-01 4.508635e-01 1.257533e-01
#	 4.508635e-01 3.007928e-01 8.389608e-02
#	 1.257533e-01 8.389608e-02 2.340000e-02
# H0W = 
#	 0.000000e+00 -2.916653e+04 -2.662508e+05
#	 2.916653e+04 0.000000e+00 -1.722015e+05
#	 2.662508e+05 1.722015e+05 0.000000e+00
# H0H0W = 
#	 0.000000e+00 1.886793e+09 5.637187e+11
#	 1.886793e+09 0.000000e+00 3.534532e+11
#	 5.637187e+11 3.534532e+11 0.000000e+00
# WH0W = 
#	 9.326407e+04 3.305442e+04 -2.488963e+05
#	 3.305442e+04 2.593803e+03 -1.714780e+05
#	 -2.488963e+05 -1.714780e+05 -9.585787e+04
#################################################
##            CALCULATION COMPLETED            ##
#################################################
# Psi[0]^2 = 0.507620 + I0.000000
# Psi[1]^2 = 0.468471 + I0.000000
# Psi[2]^2 = 0.023909 + I0.000000
# phi0 = 1.496548 
# phi1 = 2.565161 
# phi2 = -1.774078 
# Psi = 
#	7.105118e-01+i(5.285167e-02)
#	3.730493e-01+i(-5.738509e-01)
#	-1.514417e-01+i(-3.121656e-02)
#ProbSurv b 1-|Psi|^2 calls E tol dh dh(prev) dh(last)
0.484525515712	1	2.53766e-11	183055	2.05548	0.0001	0.0001	4.91659e-06	4.04474e-06
