# a = 0.100000
# b = 1.000000
# E = 20.554805
# tol = 0.000100
# s12 = 0.554977
# s13 = 0.152971
# psi0 = 0.822075 + I0.000000	0.548446 + I0.000000	0.152971 + I0.000000
# dh = 0.000100
# out = data/E6.5e0.5_tol1e-4.log
# model = sun
# scan_steps = 100.000000
# H0 = 
#	 0.000000e+00 0.000000e+00 0.000000e+00
#	 0.000000e+00 6.469037e+03 0.000000e+00
#	 0.000000e+00 0.000000e+00 2.117247e+05
# W = 
#	 6.758072e-01 4.508635e-01 1.257533e-01
#	 4.508635e-01 3.007928e-01 8.389608e-02
#	 1.257533e-01 8.389608e-02 2.340000e-02
# H0W = 
#	 0.000000e+00 -2.916653e+03 -2.662508e+04
#	 2.916653e+03 0.000000e+00 -1.722015e+04
#	 2.662508e+04 1.722015e+04 0.000000e+00
# H0H0W = 
#	 0.000000e+00 1.886793e+07 5.637187e+09
#	 1.886793e+07 0.000000e+00 3.534532e+09
#	 5.637187e+09 3.534532e+09 0.000000e+00
# WH0W = 
#	 9.326407e+03 3.305442e+03 -2.488963e+04
#	 3.305442e+03 2.593803e+02 -1.714780e+04
#	 -2.488963e+04 -1.714780e+04 -9.585787e+03
#################################################
##            CALCULATION COMPLETED            ##
#################################################
# Psi[0]^2 = 0.020522 + I0.000000
# Psi[1]^2 = 0.950200 + I0.000000
# Psi[2]^2 = 0.029279 + I0.000000
# phi0 = -1.359302 
# phi1 = -0.956288 
# phi2 = 1.060650 
# Psi = 
#	-1.400629e-01+i(3.007226e-02)
#	-7.964521e-01+i(5.620174e-01)
#	1.493228e-01+i(8.355368e-02)
#ProbSurv b 1-|Psi|^2 calls E tol dh dh(prev) dh(last)
0.300367185776	1	-5.15943e-12	9001	20.5548	0.0001	0.0001	0.0001	5e-05
