# a = 0.100000
# b = 1.000000
# E = 205.548048
# tol = 0.000100
# s12 = 0.554977
# s13 = 0.152971
# psi0 = 0.822075 + I0.000000	0.548446 + I0.000000	0.152971 + I0.000000
# dh = 0.000100
# out = data/E6.5e1.5_tol1e-4.log
# model = sun
# scan_steps = 100.000000
# H0 = 
#	 0.000000e+00 0.000000e+00 0.000000e+00
#	 0.000000e+00 6.469037e+02 0.000000e+00
#	 0.000000e+00 0.000000e+00 2.117247e+04
# W = 
#	 6.758072e-01 4.508635e-01 1.257533e-01
#	 4.508635e-01 3.007928e-01 8.389608e-02
#	 1.257533e-01 8.389608e-02 2.340000e-02
# H0W = 
#	 0.000000e+00 -2.916653e+02 -2.662508e+03
#	 2.916653e+02 0.000000e+00 -1.722015e+03
#	 2.662508e+03 1.722015e+03 0.000000e+00
# H0H0W = 
#	 0.000000e+00 1.886793e+05 5.637187e+07
#	 1.886793e+05 0.000000e+00 3.534532e+07
#	 5.637187e+07 3.534532e+07 0.000000e+00
# WH0W = 
#	 9.326407e+02 3.305442e+02 -2.488963e+03
#	 3.305442e+02 2.593803e+01 -1.714780e+03
#	 -2.488963e+03 -1.714780e+03 -9.585787e+02
#################################################
##            CALCULATION COMPLETED            ##
#################################################
# Psi[0]^2 = 0.000168 + I0.000000
# Psi[1]^2 = 0.286012 + I0.000000
# Psi[2]^2 = 0.713820 + I0.000000
# phi0 = 2.953783 
# phi1 = 0.880524 
# phi2 = -2.331342 
# Psi = 
#	2.420402e-03+i(-1.273567e-02)
#	4.123707e-01+i(3.405329e-01)
#	-6.120808e-01+i(-5.823888e-01)
#ProbSurv b 1-|Psi|^2 calls E tol dh dh(prev) dh(last)
0.102847392964	1	1.62537e-13	9001	205.548	0.0001	0.0001	0.0001	5e-05
