# a = 0.100000
# b = 1.000000
# E = 205548.047911
# tol = 0.000100
# s12 = 0.554977
# s13 = 0.152971
# psi0 = 0.822075 + I0.000000	0.548446 + I0.000000	0.152971 + I0.000000
# dh = 0.000100
# out = data/E6.5e4.5_tol1e-4.log
# model = sun
# scan_steps = 100.000000
# H0 = 
#	 0.000000e+00 0.000000e+00 0.000000e+00
#	 0.000000e+00 6.469037e-01 0.000000e+00
#	 0.000000e+00 0.000000e+00 2.117247e+01
# W = 
#	 6.758072e-01 4.508635e-01 1.257533e-01
#	 4.508635e-01 3.007928e-01 8.389608e-02
#	 1.257533e-01 8.389608e-02 2.340000e-02
# H0W = 
#	 0.000000e+00 -2.916653e-01 -2.662508e+00
#	 2.916653e-01 0.000000e+00 -1.722015e+00
#	 2.662508e+00 1.722015e+00 0.000000e+00
# H0H0W = 
#	 0.000000e+00 1.886793e-01 5.637187e+01
#	 1.886793e-01 0.000000e+00 3.534532e+01
#	 5.637187e+01 3.534532e+01 0.000000e+00
# WH0W = 
#	 9.326407e-01 3.305442e-01 -2.488963e+00
#	 3.305442e-01 2.593803e-02 -1.714780e+00
#	 -2.488963e+00 -1.714780e+00 -9.585787e-01
#################################################
##            CALCULATION COMPLETED            ##
#################################################
# Psi[0]^2 = 0.486152 + I0.000000
# Psi[1]^2 = 0.250436 + I0.000000
# Psi[2]^2 = 0.263412 + I0.000000
# phi0 = 2.677987 
# phi1 = 2.768927 
# phi2 = 0.336932 
# Psi = 
#	3.117921e-01+i(-6.236490e-01)
#	1.822086e-01+i(-4.660859e-01)
#	1.696725e-01+i(4.843788e-01)
#ProbSurv b 1-|Psi|^2 calls E tol dh dh(prev) dh(last)
0.410038453701	1	-1.34337e-13	9001	205548	0.0001	0.0001	0.0001	5e-05
