# a = 0.100000
# b = 1.000000
# E = 650.000000
# tol = 0.000100
# s12 = 0.554977
# s13 = 0.152971
# psi0 = 0.822075 + I0.000000	0.548446 + I0.000000	0.152971 + I0.000000
# dh = 0.000100
# out = data/E6.5e2.0_tol1e-4.log
# model = sun
# scan_steps = 100.000000
# H0 = 
#	 0.000000e+00 0.000000e+00 0.000000e+00
#	 0.000000e+00 2.045689e+02 0.000000e+00
#	 0.000000e+00 0.000000e+00 6.695323e+03
# W = 
#	 6.758072e-01 4.508635e-01 1.257533e-01
#	 4.508635e-01 3.007928e-01 8.389608e-02
#	 1.257533e-01 8.389608e-02 2.340000e-02
# H0W = 
#	 0.000000e+00 -9.223266e+01 -8.419589e+02
#	 9.223266e+01 0.000000e+00 -5.445488e+02
#	 8.419589e+02 5.445488e+02 0.000000e+00
# H0H0W = 
#	 0.000000e+00 1.886793e+04 5.637187e+06
#	 1.886793e+04 0.000000e+00 3.534532e+06
#	 5.637187e+06 3.534532e+06 0.000000e+00
# WH0W = 
#	 2.949269e+02 1.045273e+02 -7.870793e+02
#	 1.045273e+02 8.202326e+00 -5.422610e+02
#	 -7.870793e+02 -5.422610e+02 -3.031292e+02
#################################################
##            CALCULATION COMPLETED            ##
#################################################
# Psi[0]^2 = 0.000016 + I0.000000
# Psi[1]^2 = 0.003580 + I0.000000
# Psi[2]^2 = 0.996405 + I0.000000
# phi0 = 1.830521 
# phi1 = -1.125158 
# phi2 = 0.453763 
# Psi = 
#	3.817727e-03+i(-1.014473e-03)
#	-5.398810e-02+i(2.578941e-02)
#	4.375622e-01+i(8.971867e-01)
#ProbSurv b 1-|Psi|^2 calls E tol dh dh(prev) dh(last)
0.0244031935315	1	-1.54543e-13	9001	650	0.0001	0.0001	0.0001	5e-05
