# a = 0.100000
# b = 1.000000
# E = 6500.000000
# tol = 0.000100
# s12 = 0.554977
# s13 = 0.152971
# psi0 = 0.822075 + I0.000000	0.548446 + I0.000000	0.152971 + I0.000000
# dh = 0.000100
# out = data/E6.5e3.0_tol1e-4.log
# model = sun
# scan_steps = 100.000000
# H0 = 
#	 0.000000e+00 0.000000e+00 0.000000e+00
#	 0.000000e+00 2.045689e+01 0.000000e+00
#	 0.000000e+00 0.000000e+00 6.695323e+02
# W = 
#	 6.758072e-01 4.508635e-01 1.257533e-01
#	 4.508635e-01 3.007928e-01 8.389608e-02
#	 1.257533e-01 8.389608e-02 2.340000e-02
# H0W = 
#	 0.000000e+00 -9.223266e+00 -8.419589e+01
#	 9.223266e+00 0.000000e+00 -5.445488e+01
#	 8.419589e+01 5.445488e+01 0.000000e+00
# H0H0W = 
#	 0.000000e+00 1.886793e+02 5.637187e+04
#	 1.886793e+02 0.000000e+00 3.534532e+04
#	 5.637187e+04 3.534532e+04 0.000000e+00
# WH0W = 
#	 2.949269e+01 1.045273e+01 -7.870793e+01
#	 1.045273e+01 8.202326e-01 -5.422610e+01
#	 -7.870793e+01 -5.422610e+01 -3.031292e+01
#################################################
##            CALCULATION COMPLETED            ##
#################################################
# Psi[0]^2 = 0.000003 + I0.000000
# Psi[1]^2 = 0.000052 + I0.000000
# Psi[2]^2 = 0.999946 + I0.000000
# phi0 = -1.463524 
# phi1 = 3.007417 
# phi2 = -1.855717 
# Psi = 
#	-1.607288e-03+i(1.730819e-04)
#	9.608845e-04+i(-7.118348e-03)
#	-9.596579e-01+i(-2.810737e-01)
#ProbSurv b 1-|Psi|^2 calls E tol dh dh(prev) dh(last)
0.0234160168106	1	-9.70335e-14	9001	6500	0.0001	0.0001	0.0001	5e-05
