# a = 0.100000
# b = 1.000000
# E = 6500000.000000
# tol = 0.000100
# s12 = 0.554977
# s13 = 0.152971
# psi0 = 0.822075 + I0.000000	0.548446 + I0.000000	0.152971 + I0.000000
# dh = 0.000100
# out = data/E6.5e6.0_tol1e-4.log
# model = sun
# scan_steps = 100.000000
# H0 = 
#	 0.000000e+00 0.000000e+00 0.000000e+00
#	 0.000000e+00 2.045689e-02 0.000000e+00
#	 0.000000e+00 0.000000e+00 6.695323e-01
# W = 
#	 6.758072e-01 4.508635e-01 1.257533e-01
#	 4.508635e-01 3.007928e-01 8.389608e-02
#	 1.257533e-01 8.389608e-02 2.340000e-02
# H0W = 
#	 0.000000e+00 -9.223266e-03 -8.419589e-02
#	 9.223266e-03 0.000000e+00 -5.445488e-02
#	 8.419589e-02 5.445488e-02 0.000000e+00
# H0H0W = 
#	 0.000000e+00 1.886793e-04 5.637187e-02
#	 1.886793e-04 0.000000e+00 3.534532e-02
#	 5.637187e-02 3.534532e-02 0.000000e+00
# WH0W = 
#	 2.949269e-02 1.045273e-02 -7.870793e-02
#	 1.045273e-02 8.202326e-04 -5.422610e-02
#	 -7.870793e-02 -5.422610e-02 -3.031292e-02
#################################################
##            CALCULATION COMPLETED            ##
#################################################
# Psi[0]^2 = 0.672368 + I0.000000
# Psi[1]^2 = 0.300641 + I0.000000
# Psi[2]^2 = 0.026992 + I0.000000
# phi0 = 2.215130 
# phi1 = 2.217930 
# phi2 = 2.307882 
# Psi = 
#	6.555743e-01+i(-4.925342e-01)
#	4.374478e-01+i(-3.305756e-01)
#	1.216462e-01+i(-1.104256e-01)
#ProbSurv b 1-|Psi|^2 calls E tol dh dh(prev) dh(last)
0.545453053998	1	-1.00142e-13	9001	6.5e+06	0.0001	0.0001	0.0001	5e-05
