# a = 0.100000
# b = 1.000000
# E = 6600000.000000
# tol = 0.000100
# s12 = 0.554977
# s13 = 0.152971
# psi0 = 0.822075 + I0.000000	0.548446 + I0.000000	0.152971 + I0.000000
# dh = 0.000100
# out = data/E6.6e6.0_tol1e-4.log
# model = sun
# scan_steps = 100.000000
# H0 = 
#	 0.000000e+00 0.000000e+00 0.000000e+00
#	 0.000000e+00 2.014694e-02 0.000000e+00
#	 0.000000e+00 0.000000e+00 6.593879e-01
# W = 
#	 6.758072e-01 4.508635e-01 1.257533e-01
#	 4.508635e-01 3.007928e-01 8.389608e-02
#	 1.257533e-01 8.389608e-02 2.340000e-02
# H0W = 
#	 0.000000e+00 -9.083520e-03 -8.292019e-02
#	 9.083520e-03 0.000000e+00 -5.362981e-02
#	 8.292019e-02 5.362981e-02 0.000000e+00
# H0H0W = 
#	 0.000000e+00 1.830051e-04 5.467657e-02
#	 1.830051e-04 0.000000e+00 3.428237e-02
#	 5.467657e-02 3.428237e-02 0.000000e+00
# WH0W = 
#	 2.904583e-02 1.029435e-02 -7.751538e-02
#	 1.029435e-02 8.078048e-04 -5.340450e-02
#	 -7.751538e-02 -5.340450e-02 -2.985363e-02
#################################################
##            CALCULATION COMPLETED            ##
#################################################
# Psi[0]^2 = 0.672422 + I0.000000
# Psi[1]^2 = 0.300644 + I0.000000
# Psi[2]^2 = 0.026934 + I0.000000
# phi0 = 2.214877 
# phi1 = 2.217634 
# phi2 = 2.306208 
# Psi = 
#	6.557255e-01+i(-4.923878e-01)
#	4.375480e-01+i(-3.304479e-01)
#	1.217016e-01+i(-1.101047e-01)
#ProbSurv b 1-|Psi|^2 calls E tol dh dh(prev) dh(last)
 0.54548921226	1	-8.59313e-14	9001	6.6e+06	0.0001	0.0001	0.0001	5e-05
