# a = 0.100000
# b = 1.000000
# E = 660.000000
# tol = 0.000100
# s12 = 0.554977
# s13 = 0.152971
# psi0 = 0.822075 + I0.000000	0.548446 + I0.000000	0.152971 + I0.000000
# dh = 0.000100
# out = data/E6.6e2.0_tol1e-4.log
# model = sun
# scan_steps = 100.000000
# H0 = 
#	 0.000000e+00 0.000000e+00 0.000000e+00
#	 0.000000e+00 2.014694e+02 0.000000e+00
#	 0.000000e+00 0.000000e+00 6.593879e+03
# W = 
#	 6.758072e-01 4.508635e-01 1.257533e-01
#	 4.508635e-01 3.007928e-01 8.389608e-02
#	 1.257533e-01 8.389608e-02 2.340000e-02
# H0W = 
#	 0.000000e+00 -9.083520e+01 -8.292019e+02
#	 9.083520e+01 0.000000e+00 -5.362981e+02
#	 8.292019e+02 5.362981e+02 0.000000e+00
# H0H0W = 
#	 0.000000e+00 1.830051e+04 5.467657e+06
#	 1.830051e+04 0.000000e+00 3.428237e+06
#	 5.467657e+06 3.428237e+06 0.000000e+00
# WH0W = 
#	 2.904583e+02 1.029435e+02 -7.751538e+02
#	 1.029435e+02 8.078048e+00 -5.340450e+02
#	 -7.751538e+02 -5.340450e+02 -2.985363e+02
#################################################
##            CALCULATION COMPLETED            ##
#################################################
# Psi[0]^2 = 0.000016 + I0.000000
# Psi[1]^2 = 0.003431 + I0.000000
# Psi[2]^2 = 0.996553 + I0.000000
# phi0 = 0.965266 
# phi1 = -1.461645 
# phi2 = 1.800032 
# Psi = 
#	3.247158e-03+i(2.247962e-03)
#	-5.822741e-02+i(6.380961e-03)
#	9.721606e-01+i(-2.268415e-01)
#ProbSurv b 1-|Psi|^2 calls E tol dh dh(prev) dh(last)
0.0243619514931	1	-1.42997e-13	9001	660	0.0001	0.0001	0.0001	5e-05
