# a = 0.100000
# b = 1.000000
# E = 208710.325571
# tol = 0.000100
# s12 = 0.554977
# s13 = 0.152971
# psi0 = 0.822075 + I0.000000	0.548446 + I0.000000	0.152971 + I0.000000
# dh = 0.000100
# out = data/E6.6e4.5_tol1e-4.log
# model = sun
# scan_steps = 100.000000
# H0 = 
#	 0.000000e+00 0.000000e+00 0.000000e+00
#	 0.000000e+00 6.371021e-01 0.000000e+00
#	 0.000000e+00 0.000000e+00 2.085168e+01
# W = 
#	 6.758072e-01 4.508635e-01 1.257533e-01
#	 4.508635e-01 3.007928e-01 8.389608e-02
#	 1.257533e-01 8.389608e-02 2.340000e-02
# H0W = 
#	 0.000000e+00 -2.872461e-01 -2.622167e+00
#	 2.872461e-01 0.000000e+00 -1.695923e+00
#	 2.622167e+00 1.695923e+00 0.000000e+00
# H0H0W = 
#	 0.000000e+00 1.830051e-01 5.467657e+01
#	 1.830051e-01 0.000000e+00 3.428237e+01
#	 5.467657e+01 3.428237e+01 0.000000e+00
# WH0W = 
#	 9.185097e-01 3.255360e-01 -2.451252e+00
#	 3.255360e-01 2.554503e-02 -1.688798e+00
#	 -2.451252e+00 -1.688798e+00 -9.440548e-01
#################################################
##            CALCULATION COMPLETED            ##
#################################################
# Psi[0]^2 = 0.488517 + I0.000000
# Psi[1]^2 = 0.251134 + I0.000000
# Psi[2]^2 = 0.260348 + I0.000000
# phi0 = 2.671965 
# phi1 = 2.761508 
# phi2 = 0.254533 
# Psi = 
#	3.163085e-01+i(-6.232707e-01)
#	1.859197e-01+i(-4.653690e-01)
#	1.284757e-01+i(4.938038e-01)
#ProbSurv b 1-|Psi|^2 calls E tol dh dh(prev) dh(last)
0.411775142883	1	-1.04805e-13	9001	208710	0.0001	0.0001	0.0001	5e-05
