# a = 0.100000
# b = 1.000000
# E = 66.000000
# tol = 0.000100
# s12 = 0.554977
# s13 = 0.152971
# psi0 = 0.822075 + I0.000000	0.548446 + I0.000000	0.152971 + I0.000000
# dh = 0.000100
# out = data/E6.6e1.0_tol1e-4.log
# model = sun
# scan_steps = 100.000000
# H0 = 
#	 0.000000e+00 0.000000e+00 0.000000e+00
#	 0.000000e+00 2.014694e+03 0.000000e+00
#	 0.000000e+00 0.000000e+00 6.593879e+04
# W = 
#	 6.758072e-01 4.508635e-01 1.257533e-01
#	 4.508635e-01 3.007928e-01 8.389608e-02
#	 1.257533e-01 8.389608e-02 2.340000e-02
# H0W = 
#	 0.000000e+00 -9.083520e+02 -8.292019e+03
#	 9.083520e+02 0.000000e+00 -5.362981e+03
#	 8.292019e+03 5.362981e+03 0.000000e+00
# H0H0W = 
#	 0.000000e+00 1.830051e+06 5.467657e+08
#	 1.830051e+06 0.000000e+00 3.428237e+08
#	 5.467657e+08 3.428237e+08 0.000000e+00
# WH0W = 
#	 2.904583e+03 1.029435e+03 -7.751538e+03
#	 1.029435e+03 8.078048e+01 -5.340450e+03
#	 -7.751538e+03 -5.340450e+03 -2.985363e+03
#################################################
##            CALCULATION COMPLETED            ##
#################################################
# Psi[0]^2 = 0.001816 + I0.000000
# Psi[1]^2 = 0.944669 + I0.000000
# Psi[2]^2 = 0.053515 + I0.000000
# phi0 = -2.652965 
# phi1 = -2.053684 
# phi2 = 1.380451 
# Psi = 
#	-2.000220e-02+i(-3.762449e-02)
#	-8.608072e-01+i(-4.513095e-01)
#	2.271550e-01+i(4.376782e-02)
#ProbSurv b 1-|Psi|^2 calls E tol dh dh(prev) dh(last)
0.286629028998	1	-1.01275e-12	9001	66	0.0001	0.0001	0.0001	5e-05
