# a = 0.100000
# b = 1.000000
# E = 66000.000000
# tol = 0.000100
# s12 = 0.554977
# s13 = 0.152971
# psi0 = 0.822075 + I0.000000	0.548446 + I0.000000	0.152971 + I0.000000
# dh = 0.000100
# out = data/E6.6e4.0_tol1e-4.log
# model = sun
# scan_steps = 100.000000
# H0 = 
#	 0.000000e+00 0.000000e+00 0.000000e+00
#	 0.000000e+00 2.014694e+00 0.000000e+00
#	 0.000000e+00 0.000000e+00 6.593879e+01
# W = 
#	 6.758072e-01 4.508635e-01 1.257533e-01
#	 4.508635e-01 3.007928e-01 8.389608e-02
#	 1.257533e-01 8.389608e-02 2.340000e-02
# H0W = 
#	 0.000000e+00 -9.083520e-01 -8.292019e+00
#	 9.083520e-01 0.000000e+00 -5.362981e+00
#	 8.292019e+00 5.362981e+00 0.000000e+00
# H0H0W = 
#	 0.000000e+00 1.830051e+00 5.467657e+02
#	 1.830051e+00 0.000000e+00 3.428237e+02
#	 5.467657e+02 3.428237e+02 0.000000e+00
# WH0W = 
#	 2.904583e+00 1.029435e+00 -7.751538e+00
#	 1.029435e+00 8.078048e-02 -5.340450e+00
#	 -7.751538e+00 -5.340450e+00 -2.985363e+00
#################################################
##            CALCULATION COMPLETED            ##
#################################################
# Psi[0]^2 = 0.237516 + I0.000000
# Psi[1]^2 = 0.165006 + I0.000000
# Psi[2]^2 = 0.597478 + I0.000000
# phi0 = -2.757671 
# phi1 = -2.472740 
# phi2 = 2.287658 
# Psi = 
#	-1.825440e-01+i(-4.518782e-01)
#	-2.518849e-01+i(-3.186850e-01)
#	5.827177e-01+i(-5.078559e-01)
#ProbSurv b 1-|Psi|^2 calls E tol dh dh(prev) dh(last)
0.224128826582	1	-1.16795e-13	9001	66000	0.0001	0.0001	0.0001	5e-05
