# a = 0.100000
# b = 1.000000
# E = 6.600000
# tol = 0.000100
# s12 = 0.554977
# s13 = 0.152971
# psi0 = 0.822075 + I0.000000	0.548446 + I0.000000	0.152971 + I0.000000
# dh = 0.000100
# out = data/E6.6e0.0_tol1e-4.log
# model = sun
# scan_steps = 100.000000
# H0 = 
#	 0.000000e+00 0.000000e+00 0.000000e+00
#	 0.000000e+00 2.014694e+04 0.000000e+00
#	 0.000000e+00 0.000000e+00 6.593879e+05
# W = 
#	 6.758072e-01 4.508635e-01 1.257533e-01
#	 4.508635e-01 3.007928e-01 8.389608e-02
#	 1.257533e-01 8.389608e-02 2.340000e-02
# H0W = 
#	 0.000000e+00 -9.083520e+03 -8.292019e+04
#	 9.083520e+03 0.000000e+00 -5.362981e+04
#	 8.292019e+04 5.362981e+04 0.000000e+00
# H0H0W = 
#	 0.000000e+00 1.830051e+08 5.467657e+10
#	 1.830051e+08 0.000000e+00 3.428237e+10
#	 5.467657e+10 3.428237e+10 0.000000e+00
# WH0W = 
#	 2.904583e+04 1.029435e+04 -7.751538e+04
#	 1.029435e+04 8.078048e+02 -5.340450e+04
#	 -7.751538e+04 -5.340450e+04 -2.985363e+04
#################################################
##            CALCULATION COMPLETED            ##
#################################################
# Psi[0]^2 = 0.185276 + I0.000000
# Psi[1]^2 = 0.789631 + I0.000000
# Psi[2]^2 = 0.025094 + I0.000000
# phi0 = 2.395898 
# phi1 = -1.320258 
# phi2 = -0.808876 
# Psi = 
#	2.920435e-01+i(-3.162060e-01)
#	-8.608686e-01+i(2.203092e-01)
#	-1.146110e-01+i(1.093519e-01)
#ProbSurv b 1-|Psi|^2 calls E tol dh dh(prev) dh(last)
0.363313059676	1	-1.07796e-11	29625	6.6	0.0001	0.0001	3.03817e-05	1.59201e-05
