# a = 0.100000
# b = 1.000000
# E = 6600.000000
# tol = 0.000100
# s12 = 0.554977
# s13 = 0.152971
# psi0 = 0.822075 + I0.000000	0.548446 + I0.000000	0.152971 + I0.000000
# dh = 0.000100
# out = data/E6.6e3.0_tol1e-4.log
# model = sun
# scan_steps = 100.000000
# H0 = 
#	 0.000000e+00 0.000000e+00 0.000000e+00
#	 0.000000e+00 2.014694e+01 0.000000e+00
#	 0.000000e+00 0.000000e+00 6.593879e+02
# W = 
#	 6.758072e-01 4.508635e-01 1.257533e-01
#	 4.508635e-01 3.007928e-01 8.389608e-02
#	 1.257533e-01 8.389608e-02 2.340000e-02
# H0W = 
#	 0.000000e+00 -9.083520e+00 -8.292019e+01
#	 9.083520e+00 0.000000e+00 -5.362981e+01
#	 8.292019e+01 5.362981e+01 0.000000e+00
# H0H0W = 
#	 0.000000e+00 1.830051e+02 5.467657e+04
#	 1.830051e+02 0.000000e+00 3.428237e+04
#	 5.467657e+04 3.428237e+04 0.000000e+00
# WH0W = 
#	 2.904583e+01 1.029435e+01 -7.751538e+01
#	 1.029435e+01 8.078048e-01 -5.340450e+01
#	 -7.751538e+01 -5.340450e+01 -2.985363e+01
#################################################
##            CALCULATION COMPLETED            ##
#################################################
# Psi[0]^2 = 0.000006 + I0.000000
# Psi[1]^2 = 0.000196 + I0.000000
# Psi[2]^2 = 0.999798 + I0.000000
# phi0 = -1.031737 
# phi1 = -2.836261 
# phi2 = -1.475915 
# Psi = 
#	-2.133105e-03+i(1.275920e-03)
#	-4.206217e-03+i(-1.334510e-02)
#	-9.954016e-01+i(9.472936e-02)
#ProbSurv b 1-|Psi|^2 calls E tol dh dh(prev) dh(last)
0.0234583396898	1	-5.4845e-14	9001	6600	0.0001	0.0001	0.0001	5e-05
