# a = 0.100000
# b = 1.000000
# E = 2087.103256
# tol = 0.000100
# s12 = 0.554977
# s13 = 0.152971
# psi0 = 0.822075 + I0.000000	0.548446 + I0.000000	0.152971 + I0.000000
# dh = 0.000100
# out = data/E6.6e2.5_tol1e-4.log
# model = sun
# scan_steps = 100.000000
# H0 = 
#	 0.000000e+00 0.000000e+00 0.000000e+00
#	 0.000000e+00 6.371021e+01 0.000000e+00
#	 0.000000e+00 0.000000e+00 2.085168e+03
# W = 
#	 6.758072e-01 4.508635e-01 1.257533e-01
#	 4.508635e-01 3.007928e-01 8.389608e-02
#	 1.257533e-01 8.389608e-02 2.340000e-02
# H0W = 
#	 0.000000e+00 -2.872461e+01 -2.622167e+02
#	 2.872461e+01 0.000000e+00 -1.695923e+02
#	 2.622167e+02 1.695923e+02 0.000000e+00
# H0H0W = 
#	 0.000000e+00 1.830051e+03 5.467657e+05
#	 1.830051e+03 0.000000e+00 3.428237e+05
#	 5.467657e+05 3.428237e+05 0.000000e+00
# WH0W = 
#	 9.185097e+01 3.255360e+01 -2.451252e+02
#	 3.255360e+01 2.554503e+00 -1.688798e+02
#	 -2.451252e+02 -1.688798e+02 -9.440548e+01
#################################################
##            CALCULATION COMPLETED            ##
#################################################
# Psi[0]^2 = 0.000002 + I0.000000
# Psi[1]^2 = 0.000218 + I0.000000
# Psi[2]^2 = 0.999780 + I0.000000
# phi0 = 2.704717 
# phi1 = 2.052632 
# phi2 = -0.759560 
# Psi = 
#	5.576038e-04+i(-1.194090e-03)
#	1.308543e-02+i(-6.842984e-03)
#	-6.885271e-01+i(7.250591e-01)
#ProbSurv b 1-|Psi|^2 calls E tol dh dh(prev) dh(last)
0.0234616199423	1	-5.4623e-14	9001	2087.1	0.0001	0.0001	0.0001	5e-05
