# a = 0.100000
# b = 1.000000
# E = 670.000000
# tol = 0.000100
# s12 = 0.554977
# s13 = 0.152971
# psi0 = 0.822075 + I0.000000	0.548446 + I0.000000	0.152971 + I0.000000
# dh = 0.000100
# out = data/E6.7e2.0_tol1e-4.log
# model = sun
# scan_steps = 100.000000
# H0 = 
#	 0.000000e+00 0.000000e+00 0.000000e+00
#	 0.000000e+00 1.984624e+02 0.000000e+00
#	 0.000000e+00 0.000000e+00 6.495463e+03
# W = 
#	 6.758072e-01 4.508635e-01 1.257533e-01
#	 4.508635e-01 3.007928e-01 8.389608e-02
#	 1.257533e-01 8.389608e-02 2.340000e-02
# H0W = 
#	 0.000000e+00 -8.947945e+01 -8.168258e+02
#	 8.947945e+01 0.000000e+00 -5.282936e+02
#	 8.168258e+02 5.282936e+02 0.000000e+00
# H0H0W = 
#	 0.000000e+00 1.775830e+04 5.305661e+06
#	 1.775830e+04 0.000000e+00 3.326665e+06
#	 5.305661e+06 3.326665e+06 0.000000e+00
# WH0W = 
#	 2.861231e+02 1.014071e+02 -7.635844e+02
#	 1.014071e+02 7.957480e+00 -5.260741e+02
#	 -7.635844e+02 -5.260741e+02 -2.940806e+02
#################################################
##            CALCULATION COMPLETED            ##
#################################################
# Psi[0]^2 = 0.000016 + I0.000000
# Psi[1]^2 = 0.003297 + I0.000000
# Psi[2]^2 = 0.996686 + I0.000000
# phi0 = 0.102710 
# phi1 = -1.543127 
# phi2 = -0.604888 
# Psi = 
#	4.138740e-04+i(4.015357e-03)
#	-5.739994e-02+i(1.588640e-03)
#	-5.677272e-01+i(8.212017e-01)
#ProbSurv b 1-|Psi|^2 calls E tol dh dh(prev) dh(last)
0.0243252714196	1	-1.55209e-13	9001	670	0.0001	0.0001	0.0001	5e-05
