# a = 0.100000
# b = 1.000000
# E = 67000.000000
# tol = 0.000100
# s12 = 0.554977
# s13 = 0.152971
# psi0 = 0.822075 + I0.000000	0.548446 + I0.000000	0.152971 + I0.000000
# dh = 0.000100
# out = data/E6.7e4.0_tol1e-4.log
# model = sun
# scan_steps = 100.000000
# H0 = 
#	 0.000000e+00 0.000000e+00 0.000000e+00
#	 0.000000e+00 1.984624e+00 0.000000e+00
#	 0.000000e+00 0.000000e+00 6.495463e+01
# W = 
#	 6.758072e-01 4.508635e-01 1.257533e-01
#	 4.508635e-01 3.007928e-01 8.389608e-02
#	 1.257533e-01 8.389608e-02 2.340000e-02
# H0W = 
#	 0.000000e+00 -8.947945e-01 -8.168258e+00
#	 8.947945e-01 0.000000e+00 -5.282936e+00
#	 8.168258e+00 5.282936e+00 0.000000e+00
# H0H0W = 
#	 0.000000e+00 1.775830e+00 5.305661e+02
#	 1.775830e+00 0.000000e+00 3.326665e+02
#	 5.305661e+02 3.326665e+02 0.000000e+00
# WH0W = 
#	 2.861231e+00 1.014071e+00 -7.635844e+00
#	 1.014071e+00 7.957480e-02 -5.260741e+00
#	 -7.635844e+00 -5.260741e+00 -2.940806e+00
#################################################
##            CALCULATION COMPLETED            ##
#################################################
# Psi[0]^2 = 0.240635 + I0.000000
# Psi[1]^2 = 0.166204 + I0.000000
# Psi[2]^2 = 0.593161 + I0.000000
# phi0 = -2.775568 
# phi1 = -2.494535 
# phi2 = 1.927050 
# Psi = 
#	-1.755690e-01+i(-4.580505e-01)
#	-2.457674e-01+i(-3.252732e-01)
#	7.218106e-01+i(-2.686084e-01)
#ProbSurv b 1-|Psi|^2 calls E tol dh dh(prev) dh(last)
0.226495694156	1	-9.01501e-14	9001	67000	0.0001	0.0001	0.0001	5e-05
