# a = 0.100000
# b = 1.000000
# E = 6.700000
# tol = 0.000100
# s12 = 0.554977
# s13 = 0.152971
# psi0 = 0.822075 + I0.000000	0.548446 + I0.000000	0.152971 + I0.000000
# dh = 0.000100
# out = data/E6.7e0.0_tol1e-4.log
# model = sun
# scan_steps = 100.000000
# H0 = 
#	 0.000000e+00 0.000000e+00 0.000000e+00
#	 0.000000e+00 1.984624e+04 0.000000e+00
#	 0.000000e+00 0.000000e+00 6.495463e+05
# W = 
#	 6.758072e-01 4.508635e-01 1.257533e-01
#	 4.508635e-01 3.007928e-01 8.389608e-02
#	 1.257533e-01 8.389608e-02 2.340000e-02
# H0W = 
#	 0.000000e+00 -8.947945e+03 -8.168258e+04
#	 8.947945e+03 0.000000e+00 -5.282936e+04
#	 8.168258e+04 5.282936e+04 0.000000e+00
# H0H0W = 
#	 0.000000e+00 1.775830e+08 5.305661e+10
#	 1.775830e+08 0.000000e+00 3.326665e+10
#	 5.305661e+10 3.326665e+10 0.000000e+00
# WH0W = 
#	 2.861231e+04 1.014071e+04 -7.635844e+04
#	 1.014071e+04 7.957480e+02 -5.260741e+04
#	 -7.635844e+04 -5.260741e+04 -2.940806e+04
#################################################
##            CALCULATION COMPLETED            ##
#################################################
# Psi[0]^2 = 0.181047 + I0.000000
# Psi[1]^2 = 0.793833 + I0.000000
# Psi[2]^2 = 0.025121 + I0.000000
# phi0 = -1.941780 
# phi1 = 2.549827 
# phi2 = 1.047230 
# Psi = 
#	-3.965496e-01+i(-1.542562e-01)
#	4.970094e-01+i(-7.394691e-01)
#	1.372630e-01+i(7.924281e-02)
#ProbSurv b 1-|Psi|^2 calls E tol dh dh(prev) dh(last)
0.361719613016	1	-1.06759e-11	29275	6.7	0.0001	0.0001	3.0745e-05	1.6237e-05
