# a = 0.100000
# b = 1.000000
# E = 21187.260323
# tol = 0.000100
# s12 = 0.554977
# s13 = 0.152971
# psi0 = 0.822075 + I0.000000	0.548446 + I0.000000	0.152971 + I0.000000
# dh = 0.000100
# out = data/E6.7e3.5_tol1e-4.log
# model = sun
# scan_steps = 100.000000
# H0 = 
#	 0.000000e+00 0.000000e+00 0.000000e+00
#	 0.000000e+00 6.275931e+00 0.000000e+00
#	 0.000000e+00 0.000000e+00 2.054046e+02
# W = 
#	 6.758072e-01 4.508635e-01 1.257533e-01
#	 4.508635e-01 3.007928e-01 8.389608e-02
#	 1.257533e-01 8.389608e-02 2.340000e-02
# H0W = 
#	 0.000000e+00 -2.829589e+00 -2.583030e+01
#	 2.829589e+00 0.000000e+00 -1.670611e+01
#	 2.583030e+01 1.670611e+01 0.000000e+00
# H0H0W = 
#	 0.000000e+00 1.775830e+01 5.305661e+03
#	 1.775830e+01 0.000000e+00 3.326665e+03
#	 5.305661e+03 3.326665e+03 0.000000e+00
# WH0W = 
#	 9.048006e+00 3.206773e+00 -2.414666e+01
#	 3.206773e+00 2.516376e-01 -1.663593e+01
#	 -2.414666e+01 -1.663593e+01 -9.299644e+00
#################################################
##            CALCULATION COMPLETED            ##
#################################################
# Psi[0]^2 = 0.021151 + I0.000000
# Psi[1]^2 = 0.037291 + I0.000000
# Psi[2]^2 = 0.941558 + I0.000000
# phi0 = -0.439689 
# phi1 = 0.482655 
# phi2 = -0.539055 
# Psi = 
#	-6.190504e-02+i(1.316007e-01)
#	8.962824e-02+i(1.710493e-01)
#	-4.980994e-01+i(8.327394e-01)
#ProbSurv b 1-|Psi|^2 calls E tol dh dh(prev) dh(last)
0.047543328103	1	-1.26121e-13	9001	21187.3	0.0001	0.0001	0.0001	5e-05
