# a = 0.100000
# b = 1.000000
# E = 21.187260
# tol = 0.000100
# s12 = 0.554977
# s13 = 0.152971
# psi0 = 0.822075 + I0.000000	0.548446 + I0.000000	0.152971 + I0.000000
# dh = 0.000100
# out = data/E6.7e0.5_tol1e-4.log
# model = sun
# scan_steps = 100.000000
# H0 = 
#	 0.000000e+00 0.000000e+00 0.000000e+00
#	 0.000000e+00 6.275931e+03 0.000000e+00
#	 0.000000e+00 0.000000e+00 2.054046e+05
# W = 
#	 6.758072e-01 4.508635e-01 1.257533e-01
#	 4.508635e-01 3.007928e-01 8.389608e-02
#	 1.257533e-01 8.389608e-02 2.340000e-02
# H0W = 
#	 0.000000e+00 -2.829589e+03 -2.583030e+04
#	 2.829589e+03 0.000000e+00 -1.670611e+04
#	 2.583030e+04 1.670611e+04 0.000000e+00
# H0H0W = 
#	 0.000000e+00 1.775830e+07 5.305661e+09
#	 1.775830e+07 0.000000e+00 3.326665e+09
#	 5.305661e+09 3.326665e+09 0.000000e+00
# WH0W = 
#	 9.048006e+03 3.206773e+03 -2.414666e+04
#	 3.206773e+03 2.516376e+02 -1.663593e+04
#	 -2.414666e+04 -1.663593e+04 -9.299644e+03
#################################################
##            CALCULATION COMPLETED            ##
#################################################
# Psi[0]^2 = 0.019248 + I0.000000
# Psi[1]^2 = 0.951441 + I0.000000
# Psi[2]^2 = 0.029311 + I0.000000
# phi0 = -0.494138 
# phi1 = 0.215587 
# phi2 = -0.681710 
# Psi = 
#	-6.579878e-02+i(1.221402e-01)
#	2.086623e-01+i(9.528386e-01)
#	-1.078794e-01+i(1.329393e-01)
#ProbSurv b 1-|Psi|^2 calls E tol dh dh(prev) dh(last)
0.299880355189	1	-4.9234e-12	9001	21.1873	0.0001	0.0001	0.0001	5e-05
