# a = 0.100000
# b = 1.000000
# E = 2118726.032313
# tol = 0.000100
# s12 = 0.554977
# s13 = 0.152971
# psi0 = 0.822075 + I0.000000	0.548446 + I0.000000	0.152971 + I0.000000
# dh = 0.000100
# out = data/E6.7e5.5_tol1e-4.log
# model = sun
# scan_steps = 100.000000
# H0 = 
#	 0.000000e+00 0.000000e+00 0.000000e+00
#	 0.000000e+00 6.275931e-02 0.000000e+00
#	 0.000000e+00 0.000000e+00 2.054046e+00
# W = 
#	 6.758072e-01 4.508635e-01 1.257533e-01
#	 4.508635e-01 3.007928e-01 8.389608e-02
#	 1.257533e-01 8.389608e-02 2.340000e-02
# H0W = 
#	 0.000000e+00 -2.829589e-02 -2.583030e-01
#	 2.829589e-02 0.000000e+00 -1.670611e-01
#	 2.583030e-01 1.670611e-01 0.000000e+00
# H0H0W = 
#	 0.000000e+00 1.775830e-03 5.305661e-01
#	 1.775830e-03 0.000000e+00 3.326665e-01
#	 5.305661e-01 3.326665e-01 0.000000e+00
# WH0W = 
#	 9.048006e-02 3.206773e-02 -2.414666e-01
#	 3.206773e-02 2.516376e-03 -1.663593e-01
#	 -2.414666e-01 -1.663593e-01 -9.299644e-02
#################################################
##            CALCULATION COMPLETED            ##
#################################################
# Psi[0]^2 = 0.664404 + I0.000000
# Psi[1]^2 = 0.299925 + I0.000000
# Psi[2]^2 = 0.035672 + I0.000000
# phi0 = 2.249869 
# phi1 = 2.258452 
# phi2 = 2.541068 
# Psi = 
#	6.342820e-01+i(-5.119472e-01)
#	4.231916e-01+i(-3.476110e-01)
#	1.067259e-01+i(-1.558252e-01)
#ProbSurv b 1-|Psi|^2 calls E tol dh dh(prev) dh(last)
0.540058576539	1	-1.16351e-13	9001	2.11873e+06	0.0001	0.0001	0.0001	5e-05
