# a = 0.100000
# b = 1.000000
# E = 0.670000
# tol = 0.000100
# s12 = 0.554977
# s13 = 0.152971
# psi0 = 0.822075 + I0.000000	0.548446 + I0.000000	0.152971 + I0.000000
# dh = 0.000100
# out = data/E6.7e-1.0_tol1e-4.log
# model = sun
# scan_steps = 100.000000
# H0 = 
#	 0.000000e+00 0.000000e+00 0.000000e+00
#	 0.000000e+00 1.984624e+05 0.000000e+00
#	 0.000000e+00 0.000000e+00 6.495463e+06
# W = 
#	 6.758072e-01 4.508635e-01 1.257533e-01
#	 4.508635e-01 3.007928e-01 8.389608e-02
#	 1.257533e-01 8.389608e-02 2.340000e-02
# H0W = 
#	 0.000000e+00 -8.947945e+04 -8.168258e+05
#	 8.947945e+04 0.000000e+00 -5.282936e+05
#	 8.168258e+05 5.282936e+05 0.000000e+00
# H0H0W = 
#	 0.000000e+00 1.775830e+10 5.305661e+12
#	 1.775830e+10 0.000000e+00 3.326665e+12
#	 5.305661e+12 3.326665e+12 0.000000e+00
# WH0W = 
#	 2.861231e+05 1.014071e+05 -7.635844e+05
#	 1.014071e+05 7.957480e+03 -5.260741e+05
#	 -7.635844e+05 -5.260741e+05 -2.940806e+05
#################################################
##            CALCULATION COMPLETED            ##
#################################################
# Psi[0]^2 = 0.625662 + I0.000000
# Psi[1]^2 = 0.350773 + I0.000000
# Psi[2]^2 = 0.023564 + I0.000000
# phi0 = -2.447689 
# phi1 = 3.098569 
# phi2 = -0.746878 
# Psi = 
#	-5.058710e-01+i(-6.080765e-01)
#	2.547360e-02+i(-5.917131e-01)
#	-1.042847e-01+i(1.126449e-01)
#ProbSurv b 1-|Psi|^2 calls E tol dh dh(prev) dh(last)
0.528888707315	1	-3.81828e-12	822747	0.67	0.0001	0.0001	1.0939e-06	7.62198e-07
