# a = 0.100000
# b = 1.000000
# E = 6700.000000
# tol = 0.000100
# s12 = 0.554977
# s13 = 0.152971
# psi0 = 0.822075 + I0.000000	0.548446 + I0.000000	0.152971 + I0.000000
# dh = 0.000100
# out = data/E6.7e3.0_tol1e-4.log
# model = sun
# scan_steps = 100.000000
# H0 = 
#	 0.000000e+00 0.000000e+00 0.000000e+00
#	 0.000000e+00 1.984624e+01 0.000000e+00
#	 0.000000e+00 0.000000e+00 6.495463e+02
# W = 
#	 6.758072e-01 4.508635e-01 1.257533e-01
#	 4.508635e-01 3.007928e-01 8.389608e-02
#	 1.257533e-01 8.389608e-02 2.340000e-02
# H0W = 
#	 0.000000e+00 -8.947945e+00 -8.168258e+01
#	 8.947945e+00 0.000000e+00 -5.282936e+01
#	 8.168258e+01 5.282936e+01 0.000000e+00
# H0H0W = 
#	 0.000000e+00 1.775830e+02 5.305661e+04
#	 1.775830e+02 0.000000e+00 3.326665e+04
#	 5.305661e+04 3.326665e+04 0.000000e+00
# WH0W = 
#	 2.861231e+01 1.014071e+01 -7.635844e+01
#	 1.014071e+01 7.957480e-01 -5.260741e+01
#	 -7.635844e+01 -5.260741e+01 -2.940806e+01
#################################################
##            CALCULATION COMPLETED            ##
#################################################
# Psi[0]^2 = 0.000003 + I0.000000
# Psi[1]^2 = 0.000071 + I0.000000
# Psi[2]^2 = 0.999926 + I0.000000
# phi0 = -1.413751 
# phi1 = 2.675424 
# phi2 = -0.906072 
# Psi = 
#	-1.809254e-03+i(2.864934e-04)
#	3.778118e-03+i(-7.508843e-03)
#	-7.870580e-01+i(6.168190e-01)
#ProbSurv b 1-|Psi|^2 calls E tol dh dh(prev) dh(last)
0.0234217888549	1	-9.59233e-14	9001	6700	0.0001	0.0001	0.0001	5e-05
