# a = 0.100000
# b = 1.000000
# E = 2118.726032
# tol = 0.000100
# s12 = 0.554977
# s13 = 0.152971
# psi0 = 0.822075 + I0.000000	0.548446 + I0.000000	0.152971 + I0.000000
# dh = 0.000100
# out = data/E6.7e2.5_tol1e-4.log
# model = sun
# scan_steps = 100.000000
# H0 = 
#	 0.000000e+00 0.000000e+00 0.000000e+00
#	 0.000000e+00 6.275931e+01 0.000000e+00
#	 0.000000e+00 0.000000e+00 2.054046e+03
# W = 
#	 6.758072e-01 4.508635e-01 1.257533e-01
#	 4.508635e-01 3.007928e-01 8.389608e-02
#	 1.257533e-01 8.389608e-02 2.340000e-02
# H0W = 
#	 0.000000e+00 -2.829589e+01 -2.583030e+02
#	 2.829589e+01 0.000000e+00 -1.670611e+02
#	 2.583030e+02 1.670611e+02 0.000000e+00
# H0H0W = 
#	 0.000000e+00 1.775830e+03 5.305661e+05
#	 1.775830e+03 0.000000e+00 3.326665e+05
#	 5.305661e+05 3.326665e+05 0.000000e+00
# WH0W = 
#	 9.048006e+01 3.206773e+01 -2.414666e+02
#	 3.206773e+01 2.516376e+00 -1.663593e+02
#	 -2.414666e+02 -1.663593e+02 -9.299644e+01
#################################################
##            CALCULATION COMPLETED            ##
#################################################
# Psi[0]^2 = 0.000002 + I0.000000
# Psi[1]^2 = 0.000213 + I0.000000
# Psi[2]^2 = 0.999785 + I0.000000
# phi0 = 2.355435 
# phi1 = 1.160493 
# phi2 = 3.023489 
# Psi = 
#	9.798549e-04+i(-9.783677e-04)
#	1.337129e-02+i(5.816402e-03)
#	1.178163e-01+i(-9.929274e-01)
#ProbSurv b 1-|Psi|^2 calls E tol dh dh(prev) dh(last)
0.0234602306775	1	-7.39409e-14	9001	2118.73	0.0001	0.0001	0.0001	5e-05
