# a = 0.100000
# b = 1.000000
# E = 2150.348809
# tol = 0.000100
# s12 = 0.554977
# s13 = 0.152971
# psi0 = 0.822075 + I0.000000	0.548446 + I0.000000	0.152971 + I0.000000
# dh = 0.000100
# out = data/E6.8e2.5_tol1e-4.log
# model = sun
# scan_steps = 100.000000
# H0 = 
#	 0.000000e+00 0.000000e+00 0.000000e+00
#	 0.000000e+00 6.183638e+01 0.000000e+00
#	 0.000000e+00 0.000000e+00 2.023839e+03
# W = 
#	 6.758072e-01 4.508635e-01 1.257533e-01
#	 4.508635e-01 3.007928e-01 8.389608e-02
#	 1.257533e-01 8.389608e-02 2.340000e-02
# H0W = 
#	 0.000000e+00 -2.787977e+01 -2.545044e+02
#	 2.787977e+01 0.000000e+00 -1.646043e+02
#	 2.545044e+02 1.646043e+02 0.000000e+00
# H0H0W = 
#	 0.000000e+00 1.723984e+03 5.150760e+05
#	 1.723984e+03 0.000000e+00 3.229541e+05
#	 5.150760e+05 3.229541e+05 0.000000e+00
# WH0W = 
#	 8.914948e+01 3.159614e+01 -2.379156e+02
#	 3.159614e+01 2.479371e+00 -1.639128e+02
#	 -2.379156e+02 -1.639128e+02 -9.162885e+01
#################################################
##            CALCULATION COMPLETED            ##
#################################################
# Psi[0]^2 = 0.000002 + I0.000000
# Psi[1]^2 = 0.000208 + I0.000000
# Psi[2]^2 = 0.999790 + I0.000000
# phi0 = 1.911708 
# phi1 = 0.431895 
# phi2 = 1.192480 
# Psi = 
#	1.213832e-03+i(-4.306218e-04)
#	6.039969e-03+i(1.310427e-02)
#	9.291903e-01+i(3.693176e-01)
#ProbSurv b 1-|Psi|^2 calls E tol dh dh(prev) dh(last)
0.0234588362423	1	-5.04041e-14	9001	2150.35	0.0001	0.0001	0.0001	5e-05
