# a = 0.100000
# b = 1.000000
# E = 680000.000000
# tol = 0.000100
# s12 = 0.554977
# s13 = 0.152971
# psi0 = 0.822075 + I0.000000	0.548446 + I0.000000	0.152971 + I0.000000
# dh = 0.000100
# out = data/E6.8e5.0_tol1e-4.log
# model = sun
# scan_steps = 100.000000
# H0 = 
#	 0.000000e+00 0.000000e+00 0.000000e+00
#	 0.000000e+00 1.955438e-01 0.000000e+00
#	 0.000000e+00 0.000000e+00 6.399941e+00
# W = 
#	 6.758072e-01 4.508635e-01 1.257533e-01
#	 4.508635e-01 3.007928e-01 8.389608e-02
#	 1.257533e-01 8.389608e-02 2.340000e-02
# H0W = 
#	 0.000000e+00 -8.816357e-02 -8.048136e-01
#	 8.816357e-02 0.000000e+00 -5.205246e-01
#	 8.048136e-01 5.205246e-01 0.000000e+00
# H0H0W = 
#	 0.000000e+00 1.723984e-02 5.150760e+00
#	 1.723984e-02 0.000000e+00 3.229541e+00
#	 5.150760e+00 3.229541e+00 0.000000e+00
# WH0W = 
#	 2.819154e-01 9.991577e-02 -7.523552e-01
#	 9.991577e-02 7.840458e-03 -5.183378e-01
#	 -7.523552e-01 -5.183378e-01 -2.897559e-01
#################################################
##            CALCULATION COMPLETED            ##
#################################################
# Psi[0]^2 = 0.631411 + I0.000000
# Psi[1]^2 = 0.293776 + I0.000000
# Psi[2]^2 = 0.074813 + I0.000000
# phi0 = 2.359282 
# phi1 = 2.386029 
# phi2 = -2.953882 
# Psi = 
#	5.601395e-01+i(-5.636089e-01)
#	3.716565e-01+i(-3.945218e-01)
#	-5.104159e-02+i(-2.687146e-01)
#ProbSurv b 1-|Psi|^2 calls E tol dh dh(prev) dh(last)
 0.51682858573	1	-7.72715e-14	9001	680000	0.0001	0.0001	0.0001	5e-05
