# a = 0.100000
# b = 1.000000
# E = 21.503488
# tol = 0.000100
# s12 = 0.554977
# s13 = 0.152971
# psi0 = 0.822075 + I0.000000	0.548446 + I0.000000	0.152971 + I0.000000
# dh = 0.000100
# out = data/E6.8e0.5_tol1e-4.log
# model = sun
# scan_steps = 100.000000
# H0 = 
#	 0.000000e+00 0.000000e+00 0.000000e+00
#	 0.000000e+00 6.183638e+03 0.000000e+00
#	 0.000000e+00 0.000000e+00 2.023839e+05
# W = 
#	 6.758072e-01 4.508635e-01 1.257533e-01
#	 4.508635e-01 3.007928e-01 8.389608e-02
#	 1.257533e-01 8.389608e-02 2.340000e-02
# H0W = 
#	 0.000000e+00 -2.787977e+03 -2.545044e+04
#	 2.787977e+03 0.000000e+00 -1.646043e+04
#	 2.545044e+04 1.646043e+04 0.000000e+00
# H0H0W = 
#	 0.000000e+00 1.723984e+07 5.150760e+09
#	 1.723984e+07 0.000000e+00 3.229541e+09
#	 5.150760e+09 3.229541e+09 0.000000e+00
# WH0W = 
#	 8.914948e+03 3.159614e+03 -2.379156e+04
#	 3.159614e+03 2.479371e+02 -1.639128e+04
#	 -2.379156e+04 -1.639128e+04 -9.162885e+03
#################################################
##            CALCULATION COMPLETED            ##
#################################################
# Psi[0]^2 = 0.018620 + I0.000000
# Psi[1]^2 = 0.951539 + I0.000000
# Psi[2]^2 = 0.029841 + I0.000000
# phi0 = 0.085038 
# phi1 = -1.796349 
# phi2 = 1.397226 
# Psi = 
#	1.158990e-02+i(1.359619e-01)
#	-9.507609e-01+i(-2.181585e-01)
#	1.701486e-01+i(2.983289e-02)
#ProbSurv b 1-|Psi|^2 calls E tol dh dh(prev) dh(last)
0.299498006624	1	-4.32587e-12	9001	21.5035	0.0001	0.0001	0.0001	5e-05
