# a = 0.100000
# b = 1.000000
# E = 68.000000
# tol = 0.000100
# s12 = 0.554977
# s13 = 0.152971
# psi0 = 0.822075 + I0.000000	0.548446 + I0.000000	0.152971 + I0.000000
# dh = 0.000100
# out = data/E6.8e1.0_tol1e-4.log
# model = sun
# scan_steps = 100.000000
# H0 = 
#	 0.000000e+00 0.000000e+00 0.000000e+00
#	 0.000000e+00 1.955438e+03 0.000000e+00
#	 0.000000e+00 0.000000e+00 6.399941e+04
# W = 
#	 6.758072e-01 4.508635e-01 1.257533e-01
#	 4.508635e-01 3.007928e-01 8.389608e-02
#	 1.257533e-01 8.389608e-02 2.340000e-02
# H0W = 
#	 0.000000e+00 -8.816357e+02 -8.048136e+03
#	 8.816357e+02 0.000000e+00 -5.205246e+03
#	 8.048136e+03 5.205246e+03 0.000000e+00
# H0H0W = 
#	 0.000000e+00 1.723984e+06 5.150760e+08
#	 1.723984e+06 0.000000e+00 3.229541e+08
#	 5.150760e+08 3.229541e+08 0.000000e+00
# WH0W = 
#	 2.819154e+03 9.991577e+02 -7.523552e+03
#	 9.991577e+02 7.840458e+01 -5.183378e+03
#	 -7.523552e+03 -5.183378e+03 -2.897559e+03
#################################################
##            CALCULATION COMPLETED            ##
#################################################
# Psi[0]^2 = 0.001714 + I0.000000
# Psi[1]^2 = 0.943345 + I0.000000
# Psi[2]^2 = 0.054941 + I0.000000
# phi0 = 2.293504 
# phi1 = 2.039629 
# phi2 = 3.118520 
# Psi = 
#	3.104687e-02+i(-2.737928e-02)
#	8.664572e-01+i(-4.388591e-01)
#	5.407640e-03+i(-2.343328e-01)
#ProbSurv b 1-|Psi|^2 calls E tol dh dh(prev) dh(last)
0.286195137931	1	-7.83595e-13	9001	68	0.0001	0.0001	0.0001	5e-05
