# a = 0.100000
# b = 1.000000
# E = 2150348.808914
# tol = 0.000100
# s12 = 0.554977
# s13 = 0.152971
# psi0 = 0.822075 + I0.000000	0.548446 + I0.000000	0.152971 + I0.000000
# dh = 0.000100
# out = data/E6.8e5.5_tol1e-4.log
# model = sun
# scan_steps = 100.000000
# H0 = 
#	 0.000000e+00 0.000000e+00 0.000000e+00
#	 0.000000e+00 6.183638e-02 0.000000e+00
#	 0.000000e+00 0.000000e+00 2.023839e+00
# W = 
#	 6.758072e-01 4.508635e-01 1.257533e-01
#	 4.508635e-01 3.007928e-01 8.389608e-02
#	 1.257533e-01 8.389608e-02 2.340000e-02
# H0W = 
#	 0.000000e+00 -2.787977e-02 -2.545044e-01
#	 2.787977e-02 0.000000e+00 -1.646043e-01
#	 2.545044e-01 1.646043e-01 0.000000e+00
# H0H0W = 
#	 0.000000e+00 1.723984e-03 5.150760e-01
#	 1.723984e-03 0.000000e+00 3.229541e-01
#	 5.150760e-01 3.229541e-01 0.000000e+00
# WH0W = 
#	 8.914948e-02 3.159614e-02 -2.379156e-01
#	 3.159614e-02 2.479371e-03 -1.639128e-01
#	 -2.379156e-01 -1.639128e-01 -9.162885e-02
#################################################
##            CALCULATION COMPLETED            ##
#################################################
# Psi[0]^2 = 0.664590 + I0.000000
# Psi[1]^2 = 0.299946 + I0.000000
# Psi[2]^2 = 0.035464 + I0.000000
# phi0 = 2.249109 
# phi1 = 2.257566 
# phi2 = 2.535884 
# Psi = 
#	6.347601e-01+i(-5.115365e-01)
#	4.235149e-01+i(-3.472482e-01)
#	1.072180e-01+i(-1.548161e-01)
#ProbSurv b 1-|Psi|^2 calls E tol dh dh(prev) dh(last)
0.540186269315	1	-1.32339e-13	9001	2.15035e+06	0.0001	0.0001	0.0001	5e-05
