# a = 0.100000
# b = 1.000000
# E = 68000.000000
# tol = 0.000100
# s12 = 0.554977
# s13 = 0.152971
# psi0 = 0.822075 + I0.000000	0.548446 + I0.000000	0.152971 + I0.000000
# dh = 0.000100
# out = data/E6.8e4.0_tol1e-4.log
# model = sun
# scan_steps = 100.000000
# H0 = 
#	 0.000000e+00 0.000000e+00 0.000000e+00
#	 0.000000e+00 1.955438e+00 0.000000e+00
#	 0.000000e+00 0.000000e+00 6.399941e+01
# W = 
#	 6.758072e-01 4.508635e-01 1.257533e-01
#	 4.508635e-01 3.007928e-01 8.389608e-02
#	 1.257533e-01 8.389608e-02 2.340000e-02
# H0W = 
#	 0.000000e+00 -8.816357e-01 -8.048136e+00
#	 8.816357e-01 0.000000e+00 -5.205246e+00
#	 8.048136e+00 5.205246e+00 0.000000e+00
# H0H0W = 
#	 0.000000e+00 1.723984e+00 5.150760e+02
#	 1.723984e+00 0.000000e+00 3.229541e+02
#	 5.150760e+02 3.229541e+02 0.000000e+00
# WH0W = 
#	 2.819154e+00 9.991577e-01 -7.523552e+00
#	 9.991577e-01 7.840458e-02 -5.183378e+00
#	 -7.523552e+00 -5.183378e+00 -2.897559e+00
#################################################
##            CALCULATION COMPLETED            ##
#################################################
# Psi[0]^2 = 0.243696 + I0.000000
# Psi[1]^2 = 0.167407 + I0.000000
# Psi[2]^2 = 0.588896 + I0.000000
# phi0 = -2.792450 
# phi1 = -2.515350 
# phi2 = 1.578811 
# Psi = 
#	-1.688759e-01+i(-4.638722e-01)
#	-2.398074e-01+i(-3.315114e-01)
#	7.673710e-01+i(-6.150679e-03)
#ProbSurv b 1-|Psi|^2 calls E tol dh dh(prev) dh(last)
  0.2288269635	1	-8.92619e-14	9001	68000	0.0001	0.0001	0.0001	5e-05
