# a = 0.100000
# b = 1.000000
# E = 6800.000000
# tol = 0.000100
# s12 = 0.554977
# s13 = 0.152971
# psi0 = 0.822075 + I0.000000	0.548446 + I0.000000	0.152971 + I0.000000
# dh = 0.000100
# out = data/E6.8e3.0_tol1e-4.log
# model = sun
# scan_steps = 100.000000
# H0 = 
#	 0.000000e+00 0.000000e+00 0.000000e+00
#	 0.000000e+00 1.955438e+01 0.000000e+00
#	 0.000000e+00 0.000000e+00 6.399941e+02
# W = 
#	 6.758072e-01 4.508635e-01 1.257533e-01
#	 4.508635e-01 3.007928e-01 8.389608e-02
#	 1.257533e-01 8.389608e-02 2.340000e-02
# H0W = 
#	 0.000000e+00 -8.816357e+00 -8.048136e+01
#	 8.816357e+00 0.000000e+00 -5.205246e+01
#	 8.048136e+01 5.205246e+01 0.000000e+00
# H0H0W = 
#	 0.000000e+00 1.723984e+02 5.150760e+04
#	 1.723984e+02 0.000000e+00 3.229541e+04
#	 5.150760e+04 3.229541e+04 0.000000e+00
# WH0W = 
#	 2.819154e+01 9.991577e+00 -7.523552e+01
#	 9.991577e+00 7.840458e-01 -5.183378e+01
#	 -7.523552e+01 -5.183378e+01 -2.897559e+01
#################################################
##            CALCULATION COMPLETED            ##
#################################################
# Psi[0]^2 = 0.000007 + I0.000000
# Psi[1]^2 = 0.000213 + I0.000000
# Psi[2]^2 = 0.999780 + I0.000000
# phi0 = -1.016466 
# phi1 = 3.065735 
# phi2 = -0.155230 
# Psi = 
#	-2.181213e-03+i(1.350343e-03)
#	1.106755e-03+i(-1.456195e-02)
#	-1.545906e-01+i(9.878674e-01)
#ProbSurv b 1-|Psi|^2 calls E tol dh dh(prev) dh(last)
0.0234634546151	1	-9.08162e-14	9001	6800	0.0001	0.0001	0.0001	5e-05
