# a = 0.100000
# b = 1.000000
# E = 2.150349
# tol = 0.000100
# s12 = 0.554977
# s13 = 0.152971
# psi0 = 0.822075 + I0.000000	0.548446 + I0.000000	0.152971 + I0.000000
# dh = 0.000100
# out = data/E6.8e-0.5_tol1e-4.log
# model = sun
# scan_steps = 100.000000
# H0 = 
#	 0.000000e+00 0.000000e+00 0.000000e+00
#	 0.000000e+00 6.183638e+04 0.000000e+00
#	 0.000000e+00 0.000000e+00 2.023839e+06
# W = 
#	 6.758072e-01 4.508635e-01 1.257533e-01
#	 4.508635e-01 3.007928e-01 8.389608e-02
#	 1.257533e-01 8.389608e-02 2.340000e-02
# H0W = 
#	 0.000000e+00 -2.787977e+04 -2.545044e+05
#	 2.787977e+04 0.000000e+00 -1.646043e+05
#	 2.545044e+05 1.646043e+05 0.000000e+00
# H0H0W = 
#	 0.000000e+00 1.723984e+09 5.150760e+11
#	 1.723984e+09 0.000000e+00 3.229541e+11
#	 5.150760e+11 3.229541e+11 0.000000e+00
# WH0W = 
#	 8.914948e+04 3.159614e+04 -2.379156e+05
#	 3.159614e+04 2.479371e+03 -1.639128e+05
#	 -2.379156e+05 -1.639128e+05 -9.162885e+04
#################################################
##            CALCULATION COMPLETED            ##
#################################################
# Psi[0]^2 = 0.499150 + I0.000000
# Psi[1]^2 = 0.476917 + I0.000000
# Psi[2]^2 = 0.023933 + I0.000000
# phi0 = -2.707514 
# phi1 = 1.707909 
# phi2 = 0.095484 
# Psi = 
#	-2.971386e-01+i(-6.409825e-01)
#	6.841105e-01+i(-9.439248e-02)
#	1.474912e-02+i(1.539980e-01)
#ProbSurv b 1-|Psi|^2 calls E tol dh dh(prev) dh(last)
0.481342390492	1	2.07288e-11	169110	2.15035	0.0001	0.0001	5.32203e-06	3.92457e-06
