# a = 0.100000
# b = 1.000000
# E = 215034.880891
# tol = 0.000100
# s12 = 0.554977
# s13 = 0.152971
# psi0 = 0.822075 + I0.000000	0.548446 + I0.000000	0.152971 + I0.000000
# dh = 0.000100
# out = data/E6.8e4.5_tol1e-4.log
# model = sun
# scan_steps = 100.000000
# H0 = 
#	 0.000000e+00 0.000000e+00 0.000000e+00
#	 0.000000e+00 6.183638e-01 0.000000e+00
#	 0.000000e+00 0.000000e+00 2.023839e+01
# W = 
#	 6.758072e-01 4.508635e-01 1.257533e-01
#	 4.508635e-01 3.007928e-01 8.389608e-02
#	 1.257533e-01 8.389608e-02 2.340000e-02
# H0W = 
#	 0.000000e+00 -2.787977e-01 -2.545044e+00
#	 2.787977e-01 0.000000e+00 -1.646043e+00
#	 2.545044e+00 1.646043e+00 0.000000e+00
# H0H0W = 
#	 0.000000e+00 1.723984e-01 5.150760e+01
#	 1.723984e-01 0.000000e+00 3.229541e+01
#	 5.150760e+01 3.229541e+01 0.000000e+00
# WH0W = 
#	 8.914948e-01 3.159614e-01 -2.379156e+00
#	 3.159614e-01 2.479371e-02 -1.639128e+00
#	 -2.379156e+00 -1.639128e+00 -9.162885e-01
#################################################
##            CALCULATION COMPLETED            ##
#################################################
# Psi[0]^2 = 0.493194 + I0.000000
# Psi[1]^2 = 0.252534 + I0.000000
# Psi[2]^2 = 0.254271 + I0.000000
# phi0 = 2.660446 
# phi1 = 2.747309 
# phi2 = 0.098486 
# Psi = 
#	3.250112e-01+i(-6.225449e-01)
#	1.930446e-01+i(-4.639697e-01)
#	4.958185e-02+i(5.018098e-01)
#ProbSurv b 1-|Psi|^2 calls E tol dh dh(prev) dh(last)
0.415214746014	1	-1.20126e-13	9001	215035	0.0001	0.0001	0.0001	5e-05
