# a = 0.100000
# b = 1.000000
# E = 680.000000
# tol = 0.000100
# s12 = 0.554977
# s13 = 0.152971
# psi0 = 0.822075 + I0.000000	0.548446 + I0.000000	0.152971 + I0.000000
# dh = 0.000100
# out = data/E6.8e2.0_tol1e-4.log
# model = sun
# scan_steps = 100.000000
# H0 = 
#	 0.000000e+00 0.000000e+00 0.000000e+00
#	 0.000000e+00 1.955438e+02 0.000000e+00
#	 0.000000e+00 0.000000e+00 6.399941e+03
# W = 
#	 6.758072e-01 4.508635e-01 1.257533e-01
#	 4.508635e-01 3.007928e-01 8.389608e-02
#	 1.257533e-01 8.389608e-02 2.340000e-02
# H0W = 
#	 0.000000e+00 -8.816357e+01 -8.048136e+02
#	 8.816357e+01 0.000000e+00 -5.205246e+02
#	 8.048136e+02 5.205246e+02 0.000000e+00
# H0H0W = 
#	 0.000000e+00 1.723984e+04 5.150760e+06
#	 1.723984e+04 0.000000e+00 3.229541e+06
#	 5.150760e+06 3.229541e+06 0.000000e+00
# WH0W = 
#	 2.819154e+02 9.991577e+01 -7.523552e+02
#	 9.991577e+01 7.840458e+00 -5.183378e+02
#	 -7.523552e+02 -5.183378e+02 -2.897559e+02
#################################################
##            CALCULATION COMPLETED            ##
#################################################
# Psi[0]^2 = 0.000018 + I0.000000
# Psi[1]^2 = 0.003167 + I0.000000
# Psi[2]^2 = 0.996815 + I0.000000
# phi0 = -0.682009 
# phi1 = -1.378089 
# phi2 = -0.593367 
# Psi = 
#	-2.638194e-03+i(3.249046e-03)
#	-5.523459e-02+i(1.077784e-02)
#	-5.582645e-01+i(8.277417e-01)
#ProbSurv b 1-|Psi|^2 calls E tol dh dh(prev) dh(last)
0.024289936747	1	-1.50768e-13	9001	680	0.0001	0.0001	0.0001	5e-05
