# a = 0.100000
# b = 1.000000
# E = 6.800000
# tol = 0.000100
# s12 = 0.554977
# s13 = 0.152971
# psi0 = 0.822075 + I0.000000	0.548446 + I0.000000	0.152971 + I0.000000
# dh = 0.000100
# out = data/E6.8e0.0_tol1e-4.log
# model = sun
# scan_steps = 100.000000
# H0 = 
#	 0.000000e+00 0.000000e+00 0.000000e+00
#	 0.000000e+00 1.955438e+04 0.000000e+00
#	 0.000000e+00 0.000000e+00 6.399941e+05
# W = 
#	 6.758072e-01 4.508635e-01 1.257533e-01
#	 4.508635e-01 3.007928e-01 8.389608e-02
#	 1.257533e-01 8.389608e-02 2.340000e-02
# H0W = 
#	 0.000000e+00 -8.816357e+03 -8.048136e+04
#	 8.816357e+03 0.000000e+00 -5.205246e+04
#	 8.048136e+04 5.205246e+04 0.000000e+00
# H0H0W = 
#	 0.000000e+00 1.723984e+08 5.150760e+10
#	 1.723984e+08 0.000000e+00 3.229541e+10
#	 5.150760e+10 3.229541e+10 0.000000e+00
# WH0W = 
#	 2.819154e+04 9.991577e+03 -7.523552e+04
#	 9.991577e+03 7.840458e+02 -5.183378e+04
#	 -7.523552e+04 -5.183378e+04 -2.897559e+04
#################################################
##            CALCULATION COMPLETED            ##
#################################################
# Psi[0]^2 = 0.176912 + I0.000000
# Psi[1]^2 = 0.797941 + I0.000000
# Psi[2]^2 = 0.025147 + I0.000000
# phi0 = 0.023386 
# phi1 = 1.793948 
# phi2 = -0.477169 
# Psi = 
#	9.835605e-03+i(4.204943e-01)
#	8.711262e-01+i(-1.976860e-01)
#	-7.282981e-02+i(1.408652e-01)
#ProbSurv b 1-|Psi|^2 calls E tol dh dh(prev) dh(last)
0.360161761134	1	-8.66152e-12	28931	6.8	0.0001	0.0001	3.11106e-05	1.67865e-05
