# a = 0.100000
# b = 1.000000
# E = 21503.488089
# tol = 0.000100
# s12 = 0.554977
# s13 = 0.152971
# psi0 = 0.822075 + I0.000000	0.548446 + I0.000000	0.152971 + I0.000000
# dh = 0.000100
# out = data/E6.8e3.5_tol1e-4.log
# model = sun
# scan_steps = 100.000000
# H0 = 
#	 0.000000e+00 0.000000e+00 0.000000e+00
#	 0.000000e+00 6.183638e+00 0.000000e+00
#	 0.000000e+00 0.000000e+00 2.023839e+02
# W = 
#	 6.758072e-01 4.508635e-01 1.257533e-01
#	 4.508635e-01 3.007928e-01 8.389608e-02
#	 1.257533e-01 8.389608e-02 2.340000e-02
# H0W = 
#	 0.000000e+00 -2.787977e+00 -2.545044e+01
#	 2.787977e+00 0.000000e+00 -1.646043e+01
#	 2.545044e+01 1.646043e+01 0.000000e+00
# H0H0W = 
#	 0.000000e+00 1.723984e+01 5.150760e+03
#	 1.723984e+01 0.000000e+00 3.229541e+03
#	 5.150760e+03 3.229541e+03 0.000000e+00
# WH0W = 
#	 8.914948e+00 3.159614e+00 -2.379156e+01
#	 3.159614e+00 2.479371e-01 -1.639128e+01
#	 -2.379156e+01 -1.639128e+01 -9.162885e+00
#################################################
##            CALCULATION COMPLETED            ##
#################################################
# Psi[0]^2 = 0.022301 + I0.000000
# Psi[1]^2 = 0.038683 + I0.000000
# Psi[2]^2 = 0.939016 + I0.000000
# phi0 = -0.490363 
# phi1 = 0.424231 
# phi2 = -1.967333 
# Psi = 
#	-7.032919e-02+i(1.317384e-01)
#	8.095735e-02+i(1.792454e-01)
#	-8.938357e-01+i(-3.742640e-01)
#ProbSurv b 1-|Psi|^2 calls E tol dh dh(prev) dh(last)
0.0486798558816	1	-6.06182e-14	9001	21503.5	0.0001	0.0001	0.0001	5e-05
