# a = 0.100000
# b = 1.000000
# E = 215.034881
# tol = 0.000100
# s12 = 0.554977
# s13 = 0.152971
# psi0 = 0.822075 + I0.000000	0.548446 + I0.000000	0.152971 + I0.000000
# dh = 0.000100
# out = data/E6.8e1.5_tol1e-4.log
# model = sun
# scan_steps = 100.000000
# H0 = 
#	 0.000000e+00 0.000000e+00 0.000000e+00
#	 0.000000e+00 6.183638e+02 0.000000e+00
#	 0.000000e+00 0.000000e+00 2.023839e+04
# W = 
#	 6.758072e-01 4.508635e-01 1.257533e-01
#	 4.508635e-01 3.007928e-01 8.389608e-02
#	 1.257533e-01 8.389608e-02 2.340000e-02
# H0W = 
#	 0.000000e+00 -2.787977e+02 -2.545044e+03
#	 2.787977e+02 0.000000e+00 -1.646043e+03
#	 2.545044e+03 1.646043e+03 0.000000e+00
# H0H0W = 
#	 0.000000e+00 1.723984e+05 5.150760e+07
#	 1.723984e+05 0.000000e+00 3.229541e+07
#	 5.150760e+07 3.229541e+07 0.000000e+00
# WH0W = 
#	 8.914948e+02 3.159614e+02 -2.379156e+03
#	 3.159614e+02 2.479371e+01 -1.639128e+03
#	 -2.379156e+03 -1.639128e+03 -9.162885e+02
#################################################
##            CALCULATION COMPLETED            ##
#################################################
# Psi[0]^2 = 0.000162 + I0.000000
# Psi[1]^2 = 0.230213 + I0.000000
# Psi[2]^2 = 0.769625 + I0.000000
# phi0 = -2.692886 
# phi1 = -1.158447 
# phi2 = -0.116550 
# Psi = 
#	-5.513886e-03+i(-1.145239e-02)
#	-4.395891e-01+i(1.922880e-01)
#	-1.020160e-01+i(8.713311e-01)
#ProbSurv b 1-|Psi|^2 calls E tol dh dh(prev) dh(last)
0.0873648993203	1	5.35127e-14	9001	215.035	0.0001	0.0001	0.0001	5e-05
