# a = 0.100000
# b = 1.000000
# E = 69000.000000
# tol = 0.000100
# s12 = 0.554977
# s13 = 0.152971
# psi0 = 0.822075 + I0.000000	0.548446 + I0.000000	0.152971 + I0.000000
# dh = 0.000100
# out = data/E6.9e4.0_tol1e-4.log
# model = sun
# scan_steps = 100.000000
# H0 = 
#	 0.000000e+00 0.000000e+00 0.000000e+00
#	 0.000000e+00 1.927098e+00 0.000000e+00
#	 0.000000e+00 0.000000e+00 6.307188e+01
# W = 
#	 6.758072e-01 4.508635e-01 1.257533e-01
#	 4.508635e-01 3.007928e-01 8.389608e-02
#	 1.257533e-01 8.389608e-02 2.340000e-02
# H0W = 
#	 0.000000e+00 -8.688584e-01 -7.931497e+00
#	 8.688584e-01 0.000000e+00 -5.129808e+00
#	 7.931497e+00 5.129808e+00 0.000000e+00
# H0H0W = 
#	 0.000000e+00 1.674376e+00 5.002544e+02
#	 1.674376e+00 0.000000e+00 3.136610e+02
#	 5.002544e+02 3.136610e+02 0.000000e+00
# WH0W = 
#	 2.778297e+00 9.846772e-01 -7.414515e+00
#	 9.846772e-01 7.726829e-02 -5.108256e+00
#	 -7.414515e+00 -5.108256e+00 -2.855565e+00
#################################################
##            CALCULATION COMPLETED            ##
#################################################
# Psi[0]^2 = 0.246781 + I0.000000
# Psi[1]^2 = 0.168650 + I0.000000
# Psi[2]^2 = 0.584570 + I0.000000
# phi0 = -2.808389 
# phi1 = -2.535271 
# phi2 = 1.242281 
# Psi = 
#	-1.624798e-01+i(-4.694475e-01)
#	-2.340197e-01+i(-3.374679e-01)
#	7.236841e-01+i(2.466796e-01)
#ProbSurv b 1-|Psi|^2 calls E tol dh dh(prev) dh(last)
0.231183733531	1	-1.34337e-13	9001	69000	0.0001	0.0001	0.0001	5e-05
