# a = 0.100000
# b = 1.000000
# E = 2.181972
# tol = 0.000100
# s12 = 0.554977
# s13 = 0.152971
# psi0 = 0.822075 + I0.000000	0.548446 + I0.000000	0.152971 + I0.000000
# dh = 0.000100
# out = data/E6.9e-0.5_tol1e-4.log
# model = sun
# scan_steps = 100.000000
# H0 = 
#	 0.000000e+00 0.000000e+00 0.000000e+00
#	 0.000000e+00 6.094020e+04 0.000000e+00
#	 0.000000e+00 0.000000e+00 1.994508e+06
# W = 
#	 6.758072e-01 4.508635e-01 1.257533e-01
#	 4.508635e-01 3.007928e-01 8.389608e-02
#	 1.257533e-01 8.389608e-02 2.340000e-02
# H0W = 
#	 0.000000e+00 -2.747572e+04 -2.508159e+05
#	 2.747572e+04 0.000000e+00 -1.622188e+05
#	 2.508159e+05 1.622188e+05 0.000000e+00
# H0H0W = 
#	 0.000000e+00 1.674376e+09 5.002544e+11
#	 1.674376e+09 0.000000e+00 3.136610e+11
#	 5.002544e+11 3.136610e+11 0.000000e+00
# WH0W = 
#	 8.785745e+04 3.113823e+04 -2.344675e+05
#	 3.113823e+04 2.443438e+03 -1.615372e+05
#	 -2.344675e+05 -1.615372e+05 -9.030089e+04
#################################################
##            CALCULATION COMPLETED            ##
#################################################
# Psi[0]^2 = 0.496333 + I0.000000
# Psi[1]^2 = 0.479726 + I0.000000
# Psi[2]^2 = 0.023941 + I0.000000
# phi0 = 2.170289 
# phi1 = 0.795270 
# phi2 = -2.140103 
# Psi = 
#	5.816585e-01+i(-3.975005e-01)
#	4.945688e-01+i(4.848995e-01)
#	-1.303239e-01+i(-8.340617e-02)
#ProbSurv b 1-|Psi|^2 calls E tol dh dh(prev) dh(last)
0.480283875107	1	1.54962e-11	164323	2.18197	0.0001	0.0001	5.47708e-06	3.15849e-06
