# a = 0.100000
# b = 1.000000
# E = 690000.000000
# tol = 0.000100
# s12 = 0.554977
# s13 = 0.152971
# psi0 = 0.822075 + I0.000000	0.548446 + I0.000000	0.152971 + I0.000000
# dh = 0.000100
# out = data/E6.9e5.0_tol1e-4.log
# model = sun
# scan_steps = 100.000000
# H0 = 
#	 0.000000e+00 0.000000e+00 0.000000e+00
#	 0.000000e+00 1.927098e-01 0.000000e+00
#	 0.000000e+00 0.000000e+00 6.307188e+00
# W = 
#	 6.758072e-01 4.508635e-01 1.257533e-01
#	 4.508635e-01 3.007928e-01 8.389608e-02
#	 1.257533e-01 8.389608e-02 2.340000e-02
# H0W = 
#	 0.000000e+00 -8.688584e-02 -7.931497e-01
#	 8.688584e-02 0.000000e+00 -5.129808e-01
#	 7.931497e-01 5.129808e-01 0.000000e+00
# H0H0W = 
#	 0.000000e+00 1.674376e-02 5.002544e+00
#	 1.674376e-02 0.000000e+00 3.136610e+00
#	 5.002544e+00 3.136610e+00 0.000000e+00
# WH0W = 
#	 2.778297e-01 9.846772e-02 -7.414515e-01
#	 9.846772e-02 7.726829e-03 -5.108256e-01
#	 -7.414515e-01 -5.108256e-01 -2.855565e-01
#################################################
##            CALCULATION COMPLETED            ##
#################################################
# Psi[0]^2 = 0.632240 + I0.000000
# Psi[1]^2 = 0.293970 + I0.000000
# Psi[2]^2 = 0.073790 + I0.000000
# phi0 = 2.356967 
# phi1 = 2.383325 
# phi2 = -2.971553 
# Psi = 
#	5.618109e-01+i(-5.626795e-01)
#	3.728450e-01+i(-3.936454e-01)
#	-4.596784e-02+i(-2.677257e-01)
#ProbSurv b 1-|Psi|^2 calls E tol dh dh(prev) dh(last)
0.517422986939	1	-9.57012e-14	9001	690000	0.0001	0.0001	0.0001	5e-05
