# a = 0.100000
# b = 1.000000
# E = 218197.158552
# tol = 0.000100
# s12 = 0.554977
# s13 = 0.152971
# psi0 = 0.822075 + I0.000000	0.548446 + I0.000000	0.152971 + I0.000000
# dh = 0.000100
# out = data/E6.9e4.5_tol1e-4.log
# model = sun
# scan_steps = 100.000000
# H0 = 
#	 0.000000e+00 0.000000e+00 0.000000e+00
#	 0.000000e+00 6.094020e-01 0.000000e+00
#	 0.000000e+00 0.000000e+00 1.994508e+01
# W = 
#	 6.758072e-01 4.508635e-01 1.257533e-01
#	 4.508635e-01 3.007928e-01 8.389608e-02
#	 1.257533e-01 8.389608e-02 2.340000e-02
# H0W = 
#	 0.000000e+00 -2.747572e-01 -2.508159e+00
#	 2.747572e-01 0.000000e+00 -1.622188e+00
#	 2.508159e+00 1.622188e+00 0.000000e+00
# H0H0W = 
#	 0.000000e+00 1.674376e-01 5.002544e+01
#	 1.674376e-01 0.000000e+00 3.136610e+01
#	 5.002544e+01 3.136610e+01 0.000000e+00
# WH0W = 
#	 8.785745e-01 3.113823e-01 -2.344675e+00
#	 3.113823e-01 2.443438e-02 -1.615372e+00
#	 -2.344675e+00 -1.615372e+00 -9.030089e-01
#################################################
##            CALCULATION COMPLETED            ##
#################################################
# Psi[0]^2 = 0.495505 + I0.000000
# Psi[1]^2 = 0.253234 + I0.000000
# Psi[2]^2 = 0.251261 + I0.000000
# phi0 = 2.654928 
# phi1 = 2.740504 
# phi2 = 0.024539 
# Psi = 
#	3.292099e-01+i(-6.221945e-01)
#	1.964690e-01+i(-4.632856e-01)
#	1.229921e-02+i(5.011086e-01)
#ProbSurv b 1-|Psi|^2 calls E tol dh dh(prev) dh(last)
0.416916366433	1	-1.2057e-13	9001	218197	0.0001	0.0001	0.0001	5e-05
