# a = 0.100000
# b = 1.000000
# E = 690.000000
# tol = 0.000100
# s12 = 0.554977
# s13 = 0.152971
# psi0 = 0.822075 + I0.000000	0.548446 + I0.000000	0.152971 + I0.000000
# dh = 0.000100
# out = data/E6.9e2.0_tol1e-4.log
# model = sun
# scan_steps = 100.000000
# H0 = 
#	 0.000000e+00 0.000000e+00 0.000000e+00
#	 0.000000e+00 1.927098e+02 0.000000e+00
#	 0.000000e+00 0.000000e+00 6.307188e+03
# W = 
#	 6.758072e-01 4.508635e-01 1.257533e-01
#	 4.508635e-01 3.007928e-01 8.389608e-02
#	 1.257533e-01 8.389608e-02 2.340000e-02
# H0W = 
#	 0.000000e+00 -8.688584e+01 -7.931497e+02
#	 8.688584e+01 0.000000e+00 -5.129808e+02
#	 7.931497e+02 5.129808e+02 0.000000e+00
# H0H0W = 
#	 0.000000e+00 1.674376e+04 5.002544e+06
#	 1.674376e+04 0.000000e+00 3.136610e+06
#	 5.002544e+06 3.136610e+06 0.000000e+00
# WH0W = 
#	 2.778297e+02 9.846772e+01 -7.414515e+02
#	 9.846772e+01 7.726829e+00 -5.108256e+02
#	 -7.414515e+02 -5.108256e+02 -2.855565e+02
#################################################
##            CALCULATION COMPLETED            ##
#################################################
# Psi[0]^2 = 0.000017 + I0.000000
# Psi[1]^2 = 0.003041 + I0.000000
# Psi[2]^2 = 0.996942 + I0.000000
# phi0 = -1.409834 
# phi1 = -0.973332 
# phi2 = 1.725908 
# Psi = 
#	-4.050932e-03+i(6.577363e-04)
#	-4.559120e-02+i(3.102117e-02)
#	9.864826e-01+i(-1.542539e-01)
#ProbSurv b 1-|Psi|^2 calls E tol dh dh(prev) dh(last)
0.0242545039213	1	-1.11688e-13	9001	690	0.0001	0.0001	0.0001	5e-05
