# a = 0.100000
# b = 1.000000
# E = 2181971.585516
# tol = 0.000100
# s12 = 0.554977
# s13 = 0.152971
# psi0 = 0.822075 + I0.000000	0.548446 + I0.000000	0.152971 + I0.000000
# dh = 0.000100
# out = data/E6.9e5.5_tol1e-4.log
# model = sun
# scan_steps = 100.000000
# H0 = 
#	 0.000000e+00 0.000000e+00 0.000000e+00
#	 0.000000e+00 6.094020e-02 0.000000e+00
#	 0.000000e+00 0.000000e+00 1.994508e+00
# W = 
#	 6.758072e-01 4.508635e-01 1.257533e-01
#	 4.508635e-01 3.007928e-01 8.389608e-02
#	 1.257533e-01 8.389608e-02 2.340000e-02
# H0W = 
#	 0.000000e+00 -2.747572e-02 -2.508159e-01
#	 2.747572e-02 0.000000e+00 -1.622188e-01
#	 2.508159e-01 1.622188e-01 0.000000e+00
# H0H0W = 
#	 0.000000e+00 1.674376e-03 5.002544e-01
#	 1.674376e-03 0.000000e+00 3.136610e-01
#	 5.002544e-01 3.136610e-01 0.000000e+00
# WH0W = 
#	 8.785745e-02 3.113823e-02 -2.344675e-01
#	 3.113823e-02 2.443438e-03 -1.615372e-01
#	 -2.344675e-01 -1.615372e-01 -9.030089e-02
#################################################
##            CALCULATION COMPLETED            ##
#################################################
# Psi[0]^2 = 0.664771 + I0.000000
# Psi[1]^2 = 0.299967 + I0.000000
# Psi[2]^2 = 0.035262 + I0.000000
# phi0 = 2.248370 
# phi1 = 2.256705 
# phi2 = 2.530855 
# Psi = 
#	6.352239e-01+i(-5.111372e-01)
#	4.238284e-01+i(-3.468956e-01)
#	1.076882e-01+i(-1.538363e-01)
#ProbSurv b 1-|Psi|^2 calls E tol dh dh(prev) dh(last)
0.540309824305	1	-1.3034e-13	9001	2.18197e+06	0.0001	0.0001	0.0001	5e-05
