# a = 0.100000
# b = 1.000000
# E = 6.900000
# tol = 0.000100
# s12 = 0.554977
# s13 = 0.152971
# psi0 = 0.822075 + I0.000000	0.548446 + I0.000000	0.152971 + I0.000000
# dh = 0.000100
# out = data/E6.9e0.0_tol1e-4.log
# model = sun
# scan_steps = 100.000000
# H0 = 
#	 0.000000e+00 0.000000e+00 0.000000e+00
#	 0.000000e+00 1.927098e+04 0.000000e+00
#	 0.000000e+00 0.000000e+00 6.307188e+05
# W = 
#	 6.758072e-01 4.508635e-01 1.257533e-01
#	 4.508635e-01 3.007928e-01 8.389608e-02
#	 1.257533e-01 8.389608e-02 2.340000e-02
# H0W = 
#	 0.000000e+00 -8.688584e+03 -7.931497e+04
#	 8.688584e+03 0.000000e+00 -5.129808e+04
#	 7.931497e+04 5.129808e+04 0.000000e+00
# H0H0W = 
#	 0.000000e+00 1.674376e+08 5.002544e+10
#	 1.674376e+08 0.000000e+00 3.136610e+10
#	 5.002544e+10 3.136610e+10 0.000000e+00
# WH0W = 
#	 2.778297e+04 9.846772e+03 -7.414515e+04
#	 9.846772e+03 7.726829e+02 -5.108256e+04
#	 -7.414515e+04 -5.108256e+04 -2.855565e+04
#################################################
##            CALCULATION COMPLETED            ##
#################################################
# Psi[0]^2 = 0.172922 + I0.000000
# Psi[1]^2 = 0.801937 + I0.000000
# Psi[2]^2 = 0.025142 + I0.000000
# phi0 = 2.008068 
# phi1 = 2.348751 
# phi2 = 2.141167 
# Psi = 
#	3.767124e-01+i(-1.760948e-01)
#	6.379167e-01+i(-6.284895e-01)
#	1.334610e-01+i(-8.561414e-02)
#ProbSurv b 1-|Psi|^2 calls E tol dh dh(prev) dh(last)
0.358666794155	1	-1.35574e-11	28591	6.9	0.0001	0.0001	3.14801e-05	2.27664e-05
