# a = 0.100000
# b = 1.000000
# E = 21819.715855
# tol = 0.000100
# s12 = 0.554977
# s13 = 0.152971
# psi0 = 0.822075 + I0.000000	0.548446 + I0.000000	0.152971 + I0.000000
# dh = 0.000100
# out = data/E6.9e3.5_tol1e-4.log
# model = sun
# scan_steps = 100.000000
# H0 = 
#	 0.000000e+00 0.000000e+00 0.000000e+00
#	 0.000000e+00 6.094020e+00 0.000000e+00
#	 0.000000e+00 0.000000e+00 1.994508e+02
# W = 
#	 6.758072e-01 4.508635e-01 1.257533e-01
#	 4.508635e-01 3.007928e-01 8.389608e-02
#	 1.257533e-01 8.389608e-02 2.340000e-02
# H0W = 
#	 0.000000e+00 -2.747572e+00 -2.508159e+01
#	 2.747572e+00 0.000000e+00 -1.622188e+01
#	 2.508159e+01 1.622188e+01 0.000000e+00
# H0H0W = 
#	 0.000000e+00 1.674376e+01 5.002544e+03
#	 1.674376e+01 0.000000e+00 3.136610e+03
#	 5.002544e+03 3.136610e+03 0.000000e+00
# WH0W = 
#	 8.785745e+00 3.113823e+00 -2.344675e+01
#	 3.113823e+00 2.443438e-01 -1.615372e+01
#	 -2.344675e+01 -1.615372e+01 -9.030089e+00
#################################################
##            CALCULATION COMPLETED            ##
#################################################
# Psi[0]^2 = 0.023375 + I0.000000
# Psi[1]^2 = 0.040284 + I0.000000
# Psi[2]^2 = 0.936341 + I0.000000
# phi0 = -0.535447 
# phi1 = 0.364278 
# phi2 = 2.933860 
# Psi = 
#	-7.800758e-02+i(1.314902e-01)
#	7.150760e-02+i(1.875389e-01)
#	1.995697e-01+i(-9.468437e-01)
#ProbSurv b 1-|Psi|^2 calls E tol dh dh(prev) dh(last)
0.0498244659661	1	-1.23457e-13	9001	21819.7	0.0001	0.0001	0.0001	5e-05
