# a = 0.100000
# b = 1.000000
# E = 0.690000
# tol = 0.000100
# s12 = 0.554977
# s13 = 0.152971
# psi0 = 0.822075 + I0.000000	0.548446 + I0.000000	0.152971 + I0.000000
# dh = 0.000100
# out = data/E6.9e-1.0_tol1e-4.log
# model = sun
# scan_steps = 100.000000
# H0 = 
#	 0.000000e+00 0.000000e+00 0.000000e+00
#	 0.000000e+00 1.927098e+05 0.000000e+00
#	 0.000000e+00 0.000000e+00 6.307188e+06
# W = 
#	 6.758072e-01 4.508635e-01 1.257533e-01
#	 4.508635e-01 3.007928e-01 8.389608e-02
#	 1.257533e-01 8.389608e-02 2.340000e-02
# H0W = 
#	 0.000000e+00 -8.688584e+04 -7.931497e+05
#	 8.688584e+04 0.000000e+00 -5.129808e+05
#	 7.931497e+05 5.129808e+05 0.000000e+00
# H0H0W = 
#	 0.000000e+00 1.674376e+10 5.002544e+12
#	 1.674376e+10 0.000000e+00 3.136610e+12
#	 5.002544e+12 3.136610e+12 0.000000e+00
# WH0W = 
#	 2.778297e+05 9.846772e+04 -7.414515e+05
#	 9.846772e+04 7.726829e+03 -5.108256e+05
#	 -7.414515e+05 -5.108256e+05 -2.855565e+05
#################################################
##            CALCULATION COMPLETED            ##
#################################################
# Psi[0]^2 = 0.624079 + I0.000000
# Psi[1]^2 = 0.352352 + I0.000000
# Psi[2]^2 = 0.023569 + I0.000000
# phi0 = 3.023661 
# phi1 = -2.309881 
# phi2 = -2.655435 
# Psi = 
#	9.294832e-02+i(-7.844998e-01)
#	-4.387154e-01+i(-3.998505e-01)
#	-7.173058e-02+i(-1.357343e-01)
#ProbSurv b 1-|Psi|^2 calls E tol dh dh(prev) dh(last)
0.528293627063	1	-7.84639e-12	788438	0.69	0.0001	0.0001	1.1415e-06	7.05257e-07
