# a = 0.100000
# b = 1.000000
# E = 69.000000
# tol = 0.000100
# s12 = 0.554977
# s13 = 0.152971
# psi0 = 0.822075 + I0.000000	0.548446 + I0.000000	0.152971 + I0.000000
# dh = 0.000100
# out = data/E6.9e1.0_tol1e-4.log
# model = sun
# scan_steps = 100.000000
# H0 = 
#	 0.000000e+00 0.000000e+00 0.000000e+00
#	 0.000000e+00 1.927098e+03 0.000000e+00
#	 0.000000e+00 0.000000e+00 6.307188e+04
# W = 
#	 6.758072e-01 4.508635e-01 1.257533e-01
#	 4.508635e-01 3.007928e-01 8.389608e-02
#	 1.257533e-01 8.389608e-02 2.340000e-02
# H0W = 
#	 0.000000e+00 -8.688584e+02 -7.931497e+03
#	 8.688584e+02 0.000000e+00 -5.129808e+03
#	 7.931497e+03 5.129808e+03 0.000000e+00
# H0H0W = 
#	 0.000000e+00 1.674376e+06 5.002544e+08
#	 1.674376e+06 0.000000e+00 3.136610e+08
#	 5.002544e+08 3.136610e+08 0.000000e+00
# WH0W = 
#	 2.778297e+03 9.846772e+02 -7.414515e+03
#	 9.846772e+02 7.726829e+01 -5.108256e+03
#	 -7.414515e+03 -5.108256e+03 -2.855565e+03
#################################################
##            CALCULATION COMPLETED            ##
#################################################
# Psi[0]^2 = 0.001671 + I0.000000
# Psi[1]^2 = 0.942551 + I0.000000
# Psi[2]^2 = 0.055778 + I0.000000
# phi0 = -1.381642 
# phi1 = -1.167104 
# phi2 = -2.045417 
# Psi = 
#	-4.014508e-02+i(7.685485e-03)
#	-8.928105e-01+i(3.813666e-01)
#	-2.100690e-01+i(-1.079318e-01)
#ProbSurv b 1-|Psi|^2 calls E tol dh dh(prev) dh(last)
0.285946850451	1	-6.32161e-13	9001	69	0.0001	0.0001	0.0001	5e-05
