# a = 0.100000
# b = 1.000000
# E = 700.000000
# tol = 0.000100
# s12 = 0.554977
# s13 = 0.152971
# psi0 = 0.822075 + I0.000000	0.548446 + I0.000000	0.152971 + I0.000000
# dh = 0.000100
# out = data/E7.0e2.0_tol1e-4.log
# model = sun
# scan_steps = 100.000000
# H0 = 
#	 0.000000e+00 0.000000e+00 0.000000e+00
#	 0.000000e+00 1.899568e+02 0.000000e+00
#	 0.000000e+00 0.000000e+00 6.217086e+03
# W = 
#	 6.758072e-01 4.508635e-01 1.257533e-01
#	 4.508635e-01 3.007928e-01 8.389608e-02
#	 1.257533e-01 8.389608e-02 2.340000e-02
# H0W = 
#	 0.000000e+00 -8.564461e+01 -7.818189e+02
#	 8.564461e+01 0.000000e+00 -5.056525e+02
#	 7.818189e+02 5.056525e+02 0.000000e+00
# H0H0W = 
#	 0.000000e+00 1.626878e+04 4.860635e+06
#	 1.626878e+04 0.000000e+00 3.047633e+06
#	 4.860635e+06 3.047633e+06 0.000000e+00
# WH0W = 
#	 2.738607e+02 9.706104e+01 -7.308593e+02
#	 9.706104e+01 7.616445e+00 -5.035281e+02
#	 -7.308593e+02 -5.035281e+02 -2.814771e+02
#################################################
##            CALCULATION COMPLETED            ##
#################################################
# Psi[0]^2 = 0.000015 + I0.000000
# Psi[1]^2 = 0.002933 + I0.000000
# Psi[2]^2 = 0.997052 + I0.000000
# phi0 = -2.133641 
# phi1 = -0.336028 
# phi2 = -0.032577 
# Psi = 
#	-3.222029e-03+i(-2.032841e-03)
#	-1.785810e-02+i(5.112925e-02)
#	-3.252274e-02+i(9.979953e-01)
#ProbSurv b 1-|Psi|^2 calls E tol dh dh(prev) dh(last)
0.0242230931743	1	-8.28226e-14	9001	700	0.0001	0.0001	0.0001	5e-05
