# a = 0.100000
# b = 1.000000
# E = 22135.943621
# tol = 0.000100
# s12 = 0.554977
# s13 = 0.152971
# psi0 = 0.822075 + I0.000000	0.548446 + I0.000000	0.152971 + I0.000000
# dh = 0.000100
# out = data/E7.0e3.5_tol1e-4.log
# model = sun
# scan_steps = 100.000000
# H0 = 
#	 0.000000e+00 0.000000e+00 0.000000e+00
#	 0.000000e+00 6.006963e+00 0.000000e+00
#	 0.000000e+00 0.000000e+00 1.966015e+02
# W = 
#	 6.758072e-01 4.508635e-01 1.257533e-01
#	 4.508635e-01 3.007928e-01 8.389608e-02
#	 1.257533e-01 8.389608e-02 2.340000e-02
# H0W = 
#	 0.000000e+00 -2.708320e+00 -2.472329e+01
#	 2.708320e+00 0.000000e+00 -1.599013e+01
#	 2.472329e+01 1.599013e+01 0.000000e+00
# H0H0W = 
#	 0.000000e+00 1.626878e+01 4.860635e+03
#	 1.626878e+01 0.000000e+00 3.047633e+03
#	 4.860635e+03 3.047633e+03 0.000000e+00
# WH0W = 
#	 8.660235e+00 3.069339e+00 -2.311180e+01
#	 3.069339e+00 2.408531e-01 -1.592296e+01
#	 -2.311180e+01 -1.592296e+01 -8.901088e+00
#################################################
##            CALCULATION COMPLETED            ##
#################################################
# Psi[0]^2 = 0.024636 + I0.000000
# Psi[1]^2 = 0.041722 + I0.000000
# Psi[2]^2 = 0.933642 + I0.000000
# phi0 = -0.577147 
# phi1 = 0.302374 
# phi2 = 1.595225 
# Psi = 
#	-8.564242e-02+i(1.315354e-01)
#	6.082606e-02+i(1.949930e-01)
#	9.659631e-01+i(-2.360209e-02)
#ProbSurv b 1-|Psi|^2 calls E tol dh dh(prev) dh(last)
0.0510462374421	1	-8.74856e-14	9001	22135.9	0.0001	0.0001	0.0001	5e-05
