# a = 0.100000
# b = 1.000000
# E = 7000000.000000
# tol = 0.000100
# s12 = 0.554977
# s13 = 0.152971
# psi0 = 0.822075 + I0.000000	0.548446 + I0.000000	0.152971 + I0.000000
# dh = 0.000100
# out = data/E7.0e6.0_tol1e-4.log
# model = sun
# scan_steps = 100.000000
# H0 = 
#	 0.000000e+00 0.000000e+00 0.000000e+00
#	 0.000000e+00 1.899568e-02 0.000000e+00
#	 0.000000e+00 0.000000e+00 6.217086e-01
# W = 
#	 6.758072e-01 4.508635e-01 1.257533e-01
#	 4.508635e-01 3.007928e-01 8.389608e-02
#	 1.257533e-01 8.389608e-02 2.340000e-02
# H0W = 
#	 0.000000e+00 -8.564461e-03 -7.818189e-02
#	 8.564461e-03 0.000000e+00 -5.056525e-02
#	 7.818189e-02 5.056525e-02 0.000000e+00
# H0H0W = 
#	 0.000000e+00 1.626878e-04 4.860635e-02
#	 1.626878e-04 0.000000e+00 3.047633e-02
#	 4.860635e-02 3.047633e-02 0.000000e+00
# WH0W = 
#	 2.738607e-02 9.706104e-03 -7.308593e-02
#	 9.706104e-03 7.616445e-04 -5.035281e-02
#	 -7.308593e-02 -5.035281e-02 -2.814771e-02
#################################################
##            CALCULATION COMPLETED            ##
#################################################
# Psi[0]^2 = 0.672622 + I0.000000
# Psi[1]^2 = 0.300656 + I0.000000
# Psi[2]^2 = 0.026722 + I0.000000
# phi0 = 2.213935 
# phi1 = 2.216535 
# phi2 = 2.299991 
# Psi = 
#	6.562864e-01+i(-4.918435e-01)
#	4.379194e-01+i(-3.299732e-01)
#	1.219013e-01+i(-1.089150e-01)
#ProbSurv b 1-|Psi|^2 calls E tol dh dh(prev) dh(last)
0.545623098776	1	-8.14904e-14	9001	7e+06	0.0001	0.0001	0.0001	5e-05
