# a = 0.100000
# b = 1.000000
# E = 7000.000000
# tol = 0.000100
# s12 = 0.554977
# s13 = 0.152971
# psi0 = 0.822075 + I0.000000	0.548446 + I0.000000	0.152971 + I0.000000
# dh = 0.000100
# out = data/E7.0e3.0_tol1e-4.log
# model = sun
# scan_steps = 100.000000
# H0 = 
#	 0.000000e+00 0.000000e+00 0.000000e+00
#	 0.000000e+00 1.899568e+01 0.000000e+00
#	 0.000000e+00 0.000000e+00 6.217086e+02
# W = 
#	 6.758072e-01 4.508635e-01 1.257533e-01
#	 4.508635e-01 3.007928e-01 8.389608e-02
#	 1.257533e-01 8.389608e-02 2.340000e-02
# H0W = 
#	 0.000000e+00 -8.564461e+00 -7.818189e+01
#	 8.564461e+00 0.000000e+00 -5.056525e+01
#	 7.818189e+01 5.056525e+01 0.000000e+00
# H0H0W = 
#	 0.000000e+00 1.626878e+02 4.860635e+04
#	 1.626878e+02 0.000000e+00 3.047633e+04
#	 4.860635e+04 3.047633e+04 0.000000e+00
# WH0W = 
#	 2.738607e+01 9.706104e+00 -7.308593e+01
#	 9.706104e+00 7.616445e-01 -5.035281e+01
#	 -7.308593e+01 -5.035281e+01 -2.814771e+01
#################################################
##            CALCULATION COMPLETED            ##
#################################################
# Psi[0]^2 = 0.000004 + I0.000000
# Psi[1]^2 = 0.000222 + I0.000000
# Psi[2]^2 = 0.999774 + I0.000000
# phi0 = -1.242277 
# phi1 = 2.739700 
# phi2 = 1.857487 
# Psi = 
#	-1.929938e-03+i(6.578602e-04)
#	5.823590e-03+i(-1.370171e-02)
#	9.590767e-01+i(-2.827472e-01)
#ProbSurv b 1-|Psi|^2 calls E tol dh dh(prev) dh(last)
0.0234641967511	1	-1.01474e-13	9001	7000	0.0001	0.0001	0.0001	5e-05
