# a = 0.100000
# b = 1.000000
# E = 70000.000000
# tol = 0.000100
# s12 = 0.554977
# s13 = 0.152971
# psi0 = 0.822075 + I0.000000	0.548446 + I0.000000	0.152971 + I0.000000
# dh = 0.000100
# out = data/E7.0e4.0_tol1e-4.log
# model = sun
# scan_steps = 100.000000
# H0 = 
#	 0.000000e+00 0.000000e+00 0.000000e+00
#	 0.000000e+00 1.899568e+00 0.000000e+00
#	 0.000000e+00 0.000000e+00 6.217086e+01
# W = 
#	 6.758072e-01 4.508635e-01 1.257533e-01
#	 4.508635e-01 3.007928e-01 8.389608e-02
#	 1.257533e-01 8.389608e-02 2.340000e-02
# H0W = 
#	 0.000000e+00 -8.564461e-01 -7.818189e+00
#	 8.564461e-01 0.000000e+00 -5.056525e+00
#	 7.818189e+00 5.056525e+00 0.000000e+00
# H0H0W = 
#	 0.000000e+00 1.626878e+00 4.860635e+02
#	 1.626878e+00 0.000000e+00 3.047633e+02
#	 4.860635e+02 3.047633e+02 0.000000e+00
# WH0W = 
#	 2.738607e+00 9.706104e-01 -7.308593e+00
#	 9.706104e-01 7.616445e-02 -5.035281e+00
#	 -7.308593e+00 -5.035281e+00 -2.814771e+00
#################################################
##            CALCULATION COMPLETED            ##
#################################################
# Psi[0]^2 = 0.249956 + I0.000000
# Psi[1]^2 = 0.169959 + I0.000000
# Psi[2]^2 = 0.580084 + I0.000000
# phi0 = -2.823498 
# phi1 = -2.554406 
# phi2 = 0.916810 
# Psi = 
#	-1.563653e-01+i(-4.748750e-01)
#	-2.284012e-01+i(-3.432085e-01)
#	6.044811e-01+i(4.633433e-01)
#ProbSurv b 1-|Psi|^2 calls E tol dh dh(prev) dh(last)
0.233618807705	1	-1.17906e-13	9001	70000	0.0001	0.0001	0.0001	5e-05
