# a = 0.100000
# b = 1.000000
# E = 7.000000
# tol = 0.000100
# s12 = 0.554977
# s13 = 0.152971
# psi0 = 0.822075 + I0.000000	0.548446 + I0.000000	0.152971 + I0.000000
# dh = 0.000100
# out = data/E7.0e0.0_tol1e-4.log
# model = sun
# scan_steps = 100.000000
# H0 = 
#	 0.000000e+00 0.000000e+00 0.000000e+00
#	 0.000000e+00 1.899568e+04 0.000000e+00
#	 0.000000e+00 0.000000e+00 6.217086e+05
# W = 
#	 6.758072e-01 4.508635e-01 1.257533e-01
#	 4.508635e-01 3.007928e-01 8.389608e-02
#	 1.257533e-01 8.389608e-02 2.340000e-02
# H0W = 
#	 0.000000e+00 -8.564461e+03 -7.818189e+04
#	 8.564461e+03 0.000000e+00 -5.056525e+04
#	 7.818189e+04 5.056525e+04 0.000000e+00
# H0H0W = 
#	 0.000000e+00 1.626878e+08 4.860635e+10
#	 1.626878e+08 0.000000e+00 3.047633e+10
#	 4.860635e+10 3.047633e+10 0.000000e+00
# WH0W = 
#	 2.738607e+04 9.706104e+03 -7.308593e+04
#	 9.706104e+03 7.616445e+02 -5.035281e+04
#	 -7.308593e+04 -5.035281e+04 -2.814771e+04
#################################################
##            CALCULATION COMPLETED            ##
#################################################
# Psi[0]^2 = 0.169005 + I0.000000
# Psi[1]^2 = 0.805847 + I0.000000
# Psi[2]^2 = 0.025147 + I0.000000
# phi0 = -2.270348 
# phi1 = -2.395638 
# phi2 = -1.780354 
# Psi = 
#	-3.145474e-01+i(-2.646987e-01)
#	-6.092381e-01+i(-6.592997e-01)
#	-1.551100e-01+i(-3.298879e-02)
#ProbSurv b 1-|Psi|^2 calls E tol dh dh(prev) dh(last)
0.357196581612	1	-1.21616e-11	28252	7	0.0001	0.0001	3.18582e-05	1.87734e-05
