# a = 0.100000
# b = 1.000000
# E = 70.000000
# tol = 0.000100
# s12 = 0.554977
# s13 = 0.152971
# psi0 = 0.822075 + I0.000000	0.548446 + I0.000000	0.152971 + I0.000000
# dh = 0.000100
# out = data/E7.0e1.0_tol1e-4.log
# model = sun
# scan_steps = 100.000000
# H0 = 
#	 0.000000e+00 0.000000e+00 0.000000e+00
#	 0.000000e+00 1.899568e+03 0.000000e+00
#	 0.000000e+00 0.000000e+00 6.217086e+04
# W = 
#	 6.758072e-01 4.508635e-01 1.257533e-01
#	 4.508635e-01 3.007928e-01 8.389608e-02
#	 1.257533e-01 8.389608e-02 2.340000e-02
# H0W = 
#	 0.000000e+00 -8.564461e+02 -7.818189e+03
#	 8.564461e+02 0.000000e+00 -5.056525e+03
#	 7.818189e+03 5.056525e+03 0.000000e+00
# H0H0W = 
#	 0.000000e+00 1.626878e+06 4.860635e+08
#	 1.626878e+06 0.000000e+00 3.047633e+08
#	 4.860635e+08 3.047633e+08 0.000000e+00
# WH0W = 
#	 2.738607e+03 9.706104e+02 -7.308593e+03
#	 9.706104e+02 7.616445e+01 -5.035281e+03
#	 -7.308593e+03 -5.035281e+03 -2.814771e+03
#################################################
##            CALCULATION COMPLETED            ##
#################################################
# Psi[0]^2 = 0.001595 + I0.000000
# Psi[1]^2 = 0.941757 + I0.000000
# Psi[2]^2 = 0.056648 + I0.000000
# phi0 = 1.308681 
# phi1 = 2.555458 
# phi2 = -2.205965 
# Psi = 
#	3.857524e-02+i(1.034926e-02)
#	5.367947e-01+i(-8.084605e-01)
#	-1.915897e-01+i(-1.412133e-01)
#ProbSurv b 1-|Psi|^2 calls E tol dh dh(prev) dh(last)
0.285677308942	1	-6.68798e-13	9001	70	0.0001	0.0001	0.0001	5e-05
