# a = 0.100000
# b = 1.000000
# E = 221359.436212
# tol = 0.000100
# s12 = 0.554977
# s13 = 0.152971
# psi0 = 0.822075 + I0.000000	0.548446 + I0.000000	0.152971 + I0.000000
# dh = 0.000100
# out = data/E7.0e4.5_tol1e-4.log
# model = sun
# scan_steps = 100.000000
# H0 = 
#	 0.000000e+00 0.000000e+00 0.000000e+00
#	 0.000000e+00 6.006963e-01 0.000000e+00
#	 0.000000e+00 0.000000e+00 1.966015e+01
# W = 
#	 6.758072e-01 4.508635e-01 1.257533e-01
#	 4.508635e-01 3.007928e-01 8.389608e-02
#	 1.257533e-01 8.389608e-02 2.340000e-02
# H0W = 
#	 0.000000e+00 -2.708320e-01 -2.472329e+00
#	 2.708320e-01 0.000000e+00 -1.599013e+00
#	 2.472329e+00 1.599013e+00 0.000000e+00
# H0H0W = 
#	 0.000000e+00 1.626878e-01 4.860635e+01
#	 1.626878e-01 0.000000e+00 3.047633e+01
#	 4.860635e+01 3.047633e+01 0.000000e+00
# WH0W = 
#	 8.660235e-01 3.069339e-01 -2.311180e+00
#	 3.069339e-01 2.408531e-02 -1.592296e+00
#	 -2.311180e+00 -1.592296e+00 -8.901088e-01
#################################################
##            CALCULATION COMPLETED            ##
#################################################
# Psi[0]^2 = 0.497797 + I0.000000
# Psi[1]^2 = 0.253932 + I0.000000
# Psi[2]^2 = 0.248272 + I0.000000
# phi0 = 2.649559 
# phi1 = 2.733881 
# phi2 = -0.046875 
# Psi = 
#	3.333142e-01+i(-6.218506e-01)
#	1.998079e-01+i(-4.626108e-01)
#	-2.334800e-02+i(4.977212e-01)
#ProbSurv b 1-|Psi|^2 calls E tol dh dh(prev) dh(last)
0.418604936332	1	-8.65974e-14	9001	221359	0.0001	0.0001	0.0001	5e-05
