# a = 0.100000
# b = 1.000000
# E = 2213594.362118
# tol = 0.000100
# s12 = 0.554977
# s13 = 0.152971
# psi0 = 0.822075 + I0.000000	0.548446 + I0.000000	0.152971 + I0.000000
# dh = 0.000100
# out = data/E7.0e5.5_tol1e-4.log
# model = sun
# scan_steps = 100.000000
# H0 = 
#	 0.000000e+00 0.000000e+00 0.000000e+00
#	 0.000000e+00 6.006963e-02 0.000000e+00
#	 0.000000e+00 0.000000e+00 1.966015e+00
# W = 
#	 6.758072e-01 4.508635e-01 1.257533e-01
#	 4.508635e-01 3.007928e-01 8.389608e-02
#	 1.257533e-01 8.389608e-02 2.340000e-02
# H0W = 
#	 0.000000e+00 -2.708320e-02 -2.472329e-01
#	 2.708320e-02 0.000000e+00 -1.599013e-01
#	 2.472329e-01 1.599013e-01 0.000000e+00
# H0H0W = 
#	 0.000000e+00 1.626878e-03 4.860635e-01
#	 1.626878e-03 0.000000e+00 3.047633e-01
#	 4.860635e-01 3.047633e-01 0.000000e+00
# WH0W = 
#	 8.660235e-02 3.069339e-02 -2.311180e-01
#	 3.069339e-02 2.408531e-03 -1.592296e-01
#	 -2.311180e-01 -1.592296e-01 -8.901088e-02
#################################################
##            CALCULATION COMPLETED            ##
#################################################
# Psi[0]^2 = 0.664945 + I0.000000
# Psi[1]^2 = 0.299987 + I0.000000
# Psi[2]^2 = 0.035068 + I0.000000
# phi0 = 2.247653 
# phi1 = 2.255869 
# phi2 = 2.525973 
# Psi = 
#	6.356739e-01+i(-5.107487e-01)
#	4.241324e-01+i(-3.465526e-01)
#	1.081380e-01+i(-1.528847e-01)
#ProbSurv b 1-|Psi|^2 calls E tol dh dh(prev) dh(last)
0.540429437815	1	-8.26006e-14	9001	2.21359e+06	0.0001	0.0001	0.0001	5e-05
