# a = 0.100000
# b = 1.000000
# E = 221.359436
# tol = 0.000100
# s12 = 0.554977
# s13 = 0.152971
# psi0 = 0.822075 + I0.000000	0.548446 + I0.000000	0.152971 + I0.000000
# dh = 0.000100
# out = data/E7.0e1.5_tol1e-4.log
# model = sun
# scan_steps = 100.000000
# H0 = 
#	 0.000000e+00 0.000000e+00 0.000000e+00
#	 0.000000e+00 6.006963e+02 0.000000e+00
#	 0.000000e+00 0.000000e+00 1.966015e+04
# W = 
#	 6.758072e-01 4.508635e-01 1.257533e-01
#	 4.508635e-01 3.007928e-01 8.389608e-02
#	 1.257533e-01 8.389608e-02 2.340000e-02
# H0W = 
#	 0.000000e+00 -2.708320e+02 -2.472329e+03
#	 2.708320e+02 0.000000e+00 -1.599013e+03
#	 2.472329e+03 1.599013e+03 0.000000e+00
# H0H0W = 
#	 0.000000e+00 1.626878e+05 4.860635e+07
#	 1.626878e+05 0.000000e+00 3.047633e+07
#	 4.860635e+07 3.047633e+07 0.000000e+00
# WH0W = 
#	 8.660235e+02 3.069339e+02 -2.311180e+03
#	 3.069339e+02 2.408531e+01 -1.592296e+03
#	 -2.311180e+03 -1.592296e+03 -8.901088e+02
#################################################
##            CALCULATION COMPLETED            ##
#################################################
# Psi[0]^2 = 0.000145 + I0.000000
# Psi[1]^2 = 0.199379 + I0.000000
# Psi[2]^2 = 0.800476 + I0.000000
# phi0 = -0.010534 
# phi1 = 2.050598 
# phi2 = -1.977720 
# Psi = 
#	-1.269722e-04+i(1.205277e-02)
#	3.961007e-01+i(-2.061146e-01)
#	-8.216349e-01+i(-3.541071e-01)
#ProbSurv b 1-|Psi|^2 calls E tol dh dh(prev) dh(last)
0.078801078673	1	-3.79696e-14	9001	221.359	0.0001	0.0001	0.0001	5e-05
