# a = 0.100000
# b = 1.000000
# E = 0.700000
# tol = 0.000100
# s12 = 0.554977
# s13 = 0.152971
# psi0 = 0.822075 + I0.000000	0.548446 + I0.000000	0.152971 + I0.000000
# dh = 0.000100
# out = data/E7.0e-1.0_tol1e-4.log
# model = sun
# scan_steps = 100.000000
# H0 = 
#	 0.000000e+00 0.000000e+00 0.000000e+00
#	 0.000000e+00 1.899568e+05 0.000000e+00
#	 0.000000e+00 0.000000e+00 6.217086e+06
# W = 
#	 6.758072e-01 4.508635e-01 1.257533e-01
#	 4.508635e-01 3.007928e-01 8.389608e-02
#	 1.257533e-01 8.389608e-02 2.340000e-02
# H0W = 
#	 0.000000e+00 -8.564461e+04 -7.818189e+05
#	 8.564461e+04 0.000000e+00 -5.056525e+05
#	 7.818189e+05 5.056525e+05 0.000000e+00
# H0H0W = 
#	 0.000000e+00 1.626878e+10 4.860635e+12
#	 1.626878e+10 0.000000e+00 3.047633e+12
#	 4.860635e+12 3.047633e+12 0.000000e+00
# WH0W = 
#	 2.738607e+05 9.706104e+04 -7.308593e+05
#	 9.706104e+04 7.616445e+03 -5.035281e+05
#	 -7.308593e+05 -5.035281e+05 -2.814771e+05
#################################################
##            CALCULATION COMPLETED            ##
#################################################
# Psi[0]^2 = 0.623288 + I0.000000
# Psi[1]^2 = 0.353141 + I0.000000
# Psi[2]^2 = 0.023572 + I0.000000
# phi0 = 2.617278 
# phi1 = 2.255485 
# phi2 = 1.996426 
# Psi = 
#	3.952322e-01+i(-6.834319e-01)
#	4.603206e-01+i(-3.758267e-01)
#	1.398322e-01+i(-6.339173e-02)
#ProbSurv b 1-|Psi|^2 calls E tol dh dh(prev) dh(last)
0.527996058533	1	-1.76792e-12	758912	0.7	0.0001	0.0001	1.18591e-06	9.46615e-07
