# a = 0.100000
# b = 1.000000
# E = 2213.594362
# tol = 0.000100
# s12 = 0.554977
# s13 = 0.152971
# psi0 = 0.822075 + I0.000000	0.548446 + I0.000000	0.152971 + I0.000000
# dh = 0.000100
# out = data/E7.0e2.5_tol1e-4.log
# model = sun
# scan_steps = 100.000000
# H0 = 
#	 0.000000e+00 0.000000e+00 0.000000e+00
#	 0.000000e+00 6.006963e+01 0.000000e+00
#	 0.000000e+00 0.000000e+00 1.966015e+03
# W = 
#	 6.758072e-01 4.508635e-01 1.257533e-01
#	 4.508635e-01 3.007928e-01 8.389608e-02
#	 1.257533e-01 8.389608e-02 2.340000e-02
# H0W = 
#	 0.000000e+00 -2.708320e+01 -2.472329e+02
#	 2.708320e+01 0.000000e+00 -1.599013e+02
#	 2.472329e+02 1.599013e+02 0.000000e+00
# H0H0W = 
#	 0.000000e+00 1.626878e+03 4.860635e+05
#	 1.626878e+03 0.000000e+00 3.047633e+05
#	 4.860635e+05 3.047633e+05 0.000000e+00
# WH0W = 
#	 8.660235e+01 3.069339e+01 -2.311180e+02
#	 3.069339e+01 2.408531e+00 -1.592296e+02
#	 -2.311180e+02 -1.592296e+02 -8.901088e+01
#################################################
##            CALCULATION COMPLETED            ##
#################################################
# Psi[0]^2 = 0.000001 + I0.000000
# Psi[1]^2 = 0.000196 + I0.000000
# Psi[2]^2 = 0.999803 + I0.000000
# phi0 = 1.258801 
# phi1 = -0.538498 
# phi2 = -0.581473 
# Psi = 
#	1.045337e-03+i(3.371515e-04)
#	-7.184128e-03+i(1.202586e-02)
#	-5.492009e-01+i(8.355722e-01)
#ProbSurv b 1-|Psi|^2 calls E tol dh dh(prev) dh(last)
0.0234552206537	1	-7.9492e-14	9001	2213.59	0.0001	0.0001	0.0001	5e-05
