# a = 0.100000
# b = 1.000000
# E = 710.000000
# tol = 0.000100
# s12 = 0.554977
# s13 = 0.152971
# psi0 = 0.822075 + I0.000000	0.548446 + I0.000000	0.152971 + I0.000000
# dh = 0.000100
# out = data/E7.1e2.0_tol1e-4.log
# model = sun
# scan_steps = 100.000000
# H0 = 
#	 0.000000e+00 0.000000e+00 0.000000e+00
#	 0.000000e+00 1.872814e+02 0.000000e+00
#	 0.000000e+00 0.000000e+00 6.129521e+03
# W = 
#	 6.758072e-01 4.508635e-01 1.257533e-01
#	 4.508635e-01 3.007928e-01 8.389608e-02
#	 1.257533e-01 8.389608e-02 2.340000e-02
# H0W = 
#	 0.000000e+00 -8.443835e+01 -7.708074e+02
#	 8.443835e+01 0.000000e+00 -4.985306e+02
#	 7.708074e+02 4.985306e+02 0.000000e+00
# H0H0W = 
#	 0.000000e+00 1.581373e+04 4.724680e+06
#	 1.581373e+04 0.000000e+00 2.962388e+06
#	 4.724680e+06 2.962388e+06 0.000000e+00
# WH0W = 
#	 2.700035e+02 9.569398e+01 -7.205655e+02
#	 9.569398e+01 7.509171e+00 -4.964362e+02
#	 -7.205655e+02 -4.964362e+02 -2.775126e+02
#################################################
##            CALCULATION COMPLETED            ##
#################################################
# Psi[0]^2 = 0.000013 + I0.000000
# Psi[1]^2 = 0.002826 + I0.000000
# Psi[2]^2 = 0.997161 + I0.000000
# phi0 = -2.965242 
# phi1 = 0.526522 
# phi2 = 0.317942 
# Psi = 
#	-6.261453e-04+i(-3.513685e-03)
#	2.671479e-02+i(4.596056e-02)
#	3.121685e-01+i(9.485315e-01)
#ProbSurv b 1-|Psi|^2 calls E tol dh dh(prev) dh(last)
0.0241922372016	1	-1.56319e-13	9001	710	0.0001	0.0001	0.0001	5e-05
