# a = 0.100000
# b = 1.000000
# E = 224.521714
# tol = 0.000100
# s12 = 0.554977
# s13 = 0.152971
# psi0 = 0.822075 + I0.000000	0.548446 + I0.000000	0.152971 + I0.000000
# dh = 0.000100
# out = data/E7.1e1.5_tol1e-4.log
# model = sun
# scan_steps = 100.000000
# H0 = 
#	 0.000000e+00 0.000000e+00 0.000000e+00
#	 0.000000e+00 5.922358e+02 0.000000e+00
#	 0.000000e+00 0.000000e+00 1.938325e+04
# W = 
#	 6.758072e-01 4.508635e-01 1.257533e-01
#	 4.508635e-01 3.007928e-01 8.389608e-02
#	 1.257533e-01 8.389608e-02 2.340000e-02
# H0W = 
#	 0.000000e+00 -2.670175e+02 -2.437507e+03
#	 2.670175e+02 0.000000e+00 -1.576492e+03
#	 2.437507e+03 1.576492e+03 0.000000e+00
# H0H0W = 
#	 0.000000e+00 1.581373e+05 4.724680e+07
#	 1.581373e+05 0.000000e+00 2.962388e+07
#	 4.724680e+07 2.962388e+07 0.000000e+00
# WH0W = 
#	 8.538260e+02 3.026109e+02 -2.278628e+03
#	 3.026109e+02 2.374608e+01 -1.569869e+03
#	 -2.278628e+03 -1.569869e+03 -8.775720e+02
#################################################
##            CALCULATION COMPLETED            ##
#################################################
# Psi[0]^2 = 0.000159 + I0.000000
# Psi[1]^2 = 0.185697 + I0.000000
# Psi[2]^2 = 0.814144 + I0.000000
# phi0 = -1.815696 
# phi1 = -2.524476 
# phi2 = -1.170208 
# Psi = 
#	-1.221405e-02+i(-3.052487e-03)
#	-2.493710e-01+i(-3.514422e-01)
#	-8.308658e-01+i(3.518609e-01)
#ProbSurv b 1-|Psi|^2 calls E tol dh dh(prev) dh(last)
0.0750145481702	1	-8.26006e-14	9001	224.522	0.0001	0.0001	0.0001	5e-05
