# a = 0.100000
# b = 1.000000
# E = 2245.217139
# tol = 0.000100
# s12 = 0.554977
# s13 = 0.152971
# psi0 = 0.822075 + I0.000000	0.548446 + I0.000000	0.152971 + I0.000000
# dh = 0.000100
# out = data/E7.1e2.5_tol1e-4.log
# model = sun
# scan_steps = 100.000000
# H0 = 
#	 0.000000e+00 0.000000e+00 0.000000e+00
#	 0.000000e+00 5.922358e+01 0.000000e+00
#	 0.000000e+00 0.000000e+00 1.938325e+03
# W = 
#	 6.758072e-01 4.508635e-01 1.257533e-01
#	 4.508635e-01 3.007928e-01 8.389608e-02
#	 1.257533e-01 8.389608e-02 2.340000e-02
# H0W = 
#	 0.000000e+00 -2.670175e+01 -2.437507e+02
#	 2.670175e+01 0.000000e+00 -1.576492e+02
#	 2.437507e+02 1.576492e+02 0.000000e+00
# H0H0W = 
#	 0.000000e+00 1.581373e+03 4.724680e+05
#	 1.581373e+03 0.000000e+00 2.962388e+05
#	 4.724680e+05 2.962388e+05 0.000000e+00
# WH0W = 
#	 8.538260e+01 3.026109e+01 -2.278628e+02
#	 3.026109e+01 2.374608e+00 -1.569869e+02
#	 -2.278628e+02 -1.569869e+02 -8.775720e+01
#################################################
##            CALCULATION COMPLETED            ##
#################################################
# Psi[0]^2 = 0.000001 + I0.000000
# Psi[1]^2 = 0.000190 + I0.000000
# Psi[2]^2 = 0.999808 + I0.000000
# phi0 = 0.954602 
# phi1 = -0.788064 
# phi2 = -0.579752 
# Psi = 
#	9.332392e-04+i(6.609008e-04)
#	-9.778426e-03+i(9.726431e-03)
#	-5.477642e-01+i(8.365183e-01)
#ProbSurv b 1-|Psi|^2 calls E tol dh dh(prev) dh(last)
0.0234536191269	1	2.9976e-15	9001	2245.22	0.0001	0.0001	0.0001	5e-05
