# a = 0.100000
# b = 1.000000
# E = 22.452171
# tol = 0.000100
# s12 = 0.554977
# s13 = 0.152971
# psi0 = 0.822075 + I0.000000	0.548446 + I0.000000	0.152971 + I0.000000
# dh = 0.000100
# out = data/E7.1e0.5_tol1e-4.log
# model = sun
# scan_steps = 100.000000
# H0 = 
#	 0.000000e+00 0.000000e+00 0.000000e+00
#	 0.000000e+00 5.922358e+03 0.000000e+00
#	 0.000000e+00 0.000000e+00 1.938325e+05
# W = 
#	 6.758072e-01 4.508635e-01 1.257533e-01
#	 4.508635e-01 3.007928e-01 8.389608e-02
#	 1.257533e-01 8.389608e-02 2.340000e-02
# H0W = 
#	 0.000000e+00 -2.670175e+03 -2.437507e+04
#	 2.670175e+03 0.000000e+00 -1.576492e+04
#	 2.437507e+04 1.576492e+04 0.000000e+00
# H0H0W = 
#	 0.000000e+00 1.581373e+07 4.724680e+09
#	 1.581373e+07 0.000000e+00 2.962388e+09
#	 4.724680e+09 2.962388e+09 0.000000e+00
# WH0W = 
#	 8.538260e+03 3.026109e+03 -2.278628e+04
#	 3.026109e+03 2.374608e+02 -1.569869e+04
#	 -2.278628e+04 -1.569869e+04 -8.775720e+03
#################################################
##            CALCULATION COMPLETED            ##
#################################################
# Psi[0]^2 = 0.016975 + I0.000000
# Psi[1]^2 = 0.953054 + I0.000000
# Psi[2]^2 = 0.029971 + I0.000000
# phi0 = 2.391207 
# phi1 = -0.640511 
# phi2 = 2.160040 
# Psi = 
#	8.884527e-02+i(-9.529514e-02)
#	-5.834090e-01+i(7.827441e-01)
#	1.439265e-01+i(-9.620911e-02)
#ProbSurv b 1-|Psi|^2 calls E tol dh dh(prev) dh(last)
0.298844790833	1	-4.95959e-12	9001	22.4522	0.0001	0.0001	0.0001	5e-05
