# a = 0.100000
# b = 1.000000
# E = 0.710000
# tol = 0.000100
# s12 = 0.554977
# s13 = 0.152971
# psi0 = 0.822075 + I0.000000	0.548446 + I0.000000	0.152971 + I0.000000
# dh = 0.000100
# out = data/E7.1e-1.0_tol1e-4.log
# model = sun
# scan_steps = 100.000000
# H0 = 
#	 0.000000e+00 0.000000e+00 0.000000e+00
#	 0.000000e+00 1.872814e+05 0.000000e+00
#	 0.000000e+00 0.000000e+00 6.129521e+06
# W = 
#	 6.758072e-01 4.508635e-01 1.257533e-01
#	 4.508635e-01 3.007928e-01 8.389608e-02
#	 1.257533e-01 8.389608e-02 2.340000e-02
# H0W = 
#	 0.000000e+00 -8.443835e+04 -7.708074e+05
#	 8.443835e+04 0.000000e+00 -4.985306e+05
#	 7.708074e+05 4.985306e+05 0.000000e+00
# H0H0W = 
#	 0.000000e+00 1.581373e+10 4.724680e+12
#	 1.581373e+10 0.000000e+00 2.962388e+12
#	 4.724680e+12 2.962388e+12 0.000000e+00
# WH0W = 
#	 2.700035e+05 9.569398e+04 -7.205655e+05
#	 9.569398e+04 7.509171e+03 -4.964362e+05
#	 -7.205655e+05 -4.964362e+05 -2.775126e+05
#################################################
##            CALCULATION COMPLETED            ##
#################################################
# Psi[0]^2 = 0.622492 + I0.000000
# Psi[1]^2 = 0.353934 + I0.000000
# Psi[2]^2 = 0.023574 + I0.000000
# phi0 = 2.210590 
# phi1 = 1.217240 
# phi2 = -2.420862 
# Psi = 
#	6.329358e-01+i(-4.710459e-01)
#	5.581259e-01+i(2.059843e-01)
#	-1.013252e-01+i(-1.153570e-01)
#ProbSurv b 1-|Psi|^2 calls E tol dh dh(prev) dh(last)
0.527696968495	1	8.83371e-12	722737	0.71	0.0001	0.0001	1.24527e-06	9.55572e-07
