# a = 0.100000
# b = 1.000000
# E = 22452.171387
# tol = 0.000100
# s12 = 0.554977
# s13 = 0.152971
# psi0 = 0.822075 + I0.000000	0.548446 + I0.000000	0.152971 + I0.000000
# dh = 0.000100
# out = data/E7.1e3.5_tol1e-4.log
# model = sun
# scan_steps = 100.000000
# H0 = 
#	 0.000000e+00 0.000000e+00 0.000000e+00
#	 0.000000e+00 5.922358e+00 0.000000e+00
#	 0.000000e+00 0.000000e+00 1.938325e+02
# W = 
#	 6.758072e-01 4.508635e-01 1.257533e-01
#	 4.508635e-01 3.007928e-01 8.389608e-02
#	 1.257533e-01 8.389608e-02 2.340000e-02
# H0W = 
#	 0.000000e+00 -2.670175e+00 -2.437507e+01
#	 2.670175e+00 0.000000e+00 -1.576492e+01
#	 2.437507e+01 1.576492e+01 0.000000e+00
# H0H0W = 
#	 0.000000e+00 1.581373e+01 4.724680e+03
#	 1.581373e+01 0.000000e+00 2.962388e+03
#	 4.724680e+03 2.962388e+03 0.000000e+00
# WH0W = 
#	 8.538260e+00 3.026109e+00 -2.278628e+01
#	 3.026109e+00 2.374608e-01 -1.569869e+01
#	 -2.278628e+01 -1.569869e+01 -8.775720e+00
#################################################
##            CALCULATION COMPLETED            ##
#################################################
# Psi[0]^2 = 0.026048 + I0.000000
# Psi[1]^2 = 0.042803 + I0.000000
# Psi[2]^2 = 0.931149 + I0.000000
# phi0 = -0.620656 
# phi1 = 0.242769 
# phi2 = 0.297192 
# Psi = 
#	-9.386130e-02+i(1.312930e-01)
#	4.973442e-02+i(2.008228e-01)
#	2.825757e-01+i(9.226592e-01)
#ProbSurv b 1-|Psi|^2 calls E tol dh dh(prev) dh(last)
0.0522670927536	1	-1.00364e-13	9001	22452.2	0.0001	0.0001	0.0001	5e-05
