# a = 0.100000
# b = 1.000000
# E = 71.000000
# tol = 0.000100
# s12 = 0.554977
# s13 = 0.152971
# psi0 = 0.822075 + I0.000000	0.548446 + I0.000000	0.152971 + I0.000000
# dh = 0.000100
# out = data/E7.1e1.0_tol1e-4.log
# model = sun
# scan_steps = 100.000000
# H0 = 
#	 0.000000e+00 0.000000e+00 0.000000e+00
#	 0.000000e+00 1.872814e+03 0.000000e+00
#	 0.000000e+00 0.000000e+00 6.129521e+04
# W = 
#	 6.758072e-01 4.508635e-01 1.257533e-01
#	 4.508635e-01 3.007928e-01 8.389608e-02
#	 1.257533e-01 8.389608e-02 2.340000e-02
# H0W = 
#	 0.000000e+00 -8.443835e+02 -7.708074e+03
#	 8.443835e+02 0.000000e+00 -4.985306e+03
#	 7.708074e+03 4.985306e+03 0.000000e+00
# H0H0W = 
#	 0.000000e+00 1.581373e+06 4.724680e+08
#	 1.581373e+06 0.000000e+00 2.962388e+08
#	 4.724680e+08 2.962388e+08 0.000000e+00
# WH0W = 
#	 2.700035e+03 9.569398e+02 -7.205655e+03
#	 9.569398e+02 7.509171e+01 -4.964362e+03
#	 -7.205655e+03 -4.964362e+03 -2.775126e+03
#################################################
##            CALCULATION COMPLETED            ##
#################################################
# Psi[0]^2 = 0.001509 + I0.000000
# Psi[1]^2 = 0.940962 + I0.000000
# Psi[2]^2 = 0.057528 + I0.000000
# phi0 = -2.219467 
# phi1 = 0.612812 
# phi2 = 1.629138 
# Psi = 
#	-3.095657e-02+i(-2.346846e-02)
#	5.579335e-01+i(7.935192e-01)
#	2.394429e-01+i(-1.398546e-02)
#ProbSurv b 1-|Psi|^2 calls E tol dh dh(prev) dh(last)
0.285400734498	1	-6.03961e-13	9001	71	0.0001	0.0001	0.0001	5e-05
