# a = 0.100000
# b = 1.000000
# E = 720000.000000
# tol = 0.000100
# s12 = 0.554977
# s13 = 0.152971
# psi0 = 0.822075 + I0.000000	0.548446 + I0.000000	0.152971 + I0.000000
# dh = 0.000100
# out = data/E7.2e5.0_tol1e-4.log
# model = sun
# scan_steps = 100.000000
# H0 = 
#	 0.000000e+00 0.000000e+00 0.000000e+00
#	 0.000000e+00 1.846803e-01 0.000000e+00
#	 0.000000e+00 0.000000e+00 6.044389e+00
# W = 
#	 6.758072e-01 4.508635e-01 1.257533e-01
#	 4.508635e-01 3.007928e-01 8.389608e-02
#	 1.257533e-01 8.389608e-02 2.340000e-02
# H0W = 
#	 0.000000e+00 -8.326560e-02 -7.601018e-01
#	 8.326560e-02 0.000000e+00 -4.916066e-01
#	 7.601018e-01 4.916066e-01 0.000000e+00
# H0H0W = 
#	 0.000000e+00 1.537751e-02 4.594351e+00
#	 1.537751e-02 0.000000e+00 2.880671e+00
#	 4.594351e+00 2.880671e+00 0.000000e+00
# WH0W = 
#	 2.662534e-01 9.436490e-02 -7.105577e-01
#	 9.436490e-02 7.404877e-03 -4.895412e-01
#	 -7.105577e-01 -4.895412e-01 -2.736583e-01
#################################################
##            CALCULATION COMPLETED            ##
#################################################
# Psi[0]^2 = 0.634560 + I0.000000
# Psi[1]^2 = 0.294506 + I0.000000
# Psi[2]^2 = 0.070934 + I0.000000
# phi0 = 2.350399 
# phi1 = 2.375655 
# phi2 = -3.021428 
# Psi = 
#	5.665313e-01+i(-5.600018e-01)
#	3.761957e-01+i(-3.911300e-01)
#	-3.192708e-02+i(-2.644147e-01)
#ProbSurv b 1-|Psi|^2 calls E tol dh dh(prev) dh(last)
0.519085117376	1	-1.35669e-13	9001	720000	0.0001	0.0001	0.0001	5e-05
