# a = 0.100000
# b = 1.000000
# E = 22768.399153
# tol = 0.000100
# s12 = 0.554977
# s13 = 0.152971
# psi0 = 0.822075 + I0.000000	0.548446 + I0.000000	0.152971 + I0.000000
# dh = 0.000100
# out = data/E7.2e3.5_tol1e-4.log
# model = sun
# scan_steps = 100.000000
# H0 = 
#	 0.000000e+00 0.000000e+00 0.000000e+00
#	 0.000000e+00 5.840103e+00 0.000000e+00
#	 0.000000e+00 0.000000e+00 1.911404e+02
# W = 
#	 6.758072e-01 4.508635e-01 1.257533e-01
#	 4.508635e-01 3.007928e-01 8.389608e-02
#	 1.257533e-01 8.389608e-02 2.340000e-02
# H0W = 
#	 0.000000e+00 -2.633089e+00 -2.403653e+01
#	 2.633089e+00 0.000000e+00 -1.554596e+01
#	 2.403653e+01 1.554596e+01 0.000000e+00
# H0H0W = 
#	 0.000000e+00 1.537751e+01 4.594351e+03
#	 1.537751e+01 0.000000e+00 2.880671e+03
#	 4.594351e+03 2.880671e+03 0.000000e+00
# WH0W = 
#	 8.419673e+00 2.984080e+00 -2.246981e+01
#	 2.984080e+00 2.341628e-01 -1.548065e+01
#	 -2.246981e+01 -1.548065e+01 -8.653835e+00
#################################################
##            CALCULATION COMPLETED            ##
#################################################
# Psi[0]^2 = 0.027370 + I0.000000
# Psi[1]^2 = 0.043779 + I0.000000
# Psi[2]^2 = 0.928851 + I0.000000
# phi0 = -0.665723 
# phi1 = 0.188906 
# phi2 = -0.961786 
# Psi = 
#	-1.021802e-01+i(1.301135e-01)
#	3.929094e-02+i(2.055119e-01)
#	-7.904976e-01+i(5.513296e-01)
#ProbSurv b 1-|Psi|^2 calls E tol dh dh(prev) dh(last)
0.0534005569811	1	-9.70335e-14	9001	22768.4	0.0001	0.0001	0.0001	5e-05
