# a = 0.100000
# b = 1.000000
# E = 227.683992
# tol = 0.000100
# s12 = 0.554977
# s13 = 0.152971
# psi0 = 0.822075 + I0.000000	0.548446 + I0.000000	0.152971 + I0.000000
# dh = 0.000100
# out = data/E7.2e1.5_tol1e-4.log
# model = sun
# scan_steps = 100.000000
# H0 = 
#	 0.000000e+00 0.000000e+00 0.000000e+00
#	 0.000000e+00 5.840103e+02 0.000000e+00
#	 0.000000e+00 0.000000e+00 1.911404e+04
# W = 
#	 6.758072e-01 4.508635e-01 1.257533e-01
#	 4.508635e-01 3.007928e-01 8.389608e-02
#	 1.257533e-01 8.389608e-02 2.340000e-02
# H0W = 
#	 0.000000e+00 -2.633089e+02 -2.403653e+03
#	 2.633089e+02 0.000000e+00 -1.554596e+03
#	 2.403653e+03 1.554596e+03 0.000000e+00
# H0H0W = 
#	 0.000000e+00 1.537751e+05 4.594351e+07
#	 1.537751e+05 0.000000e+00 2.880671e+07
#	 4.594351e+07 2.880671e+07 0.000000e+00
# WH0W = 
#	 8.419673e+02 2.984080e+02 -2.246981e+03
#	 2.984080e+02 2.341628e+01 -1.548065e+03
#	 -2.246981e+03 -1.548065e+03 -8.653835e+02
#################################################
##            CALCULATION COMPLETED            ##
#################################################
# Psi[0]^2 = 0.000132 + I0.000000
# Psi[1]^2 = 0.173125 + I0.000000
# Psi[2]^2 = 0.826744 + I0.000000
# phi0 = 2.826023 
# phi1 = -0.750085 
# phi2 = 0.381378 
# Psi = 
#	3.560920e-03+i(-1.090703e-02)
#	-2.836441e-01+i(3.044188e-01)
#	3.384247e-01+i(8.439267e-01)
#ProbSurv b 1-|Psi|^2 calls E tol dh dh(prev) dh(last)
0.0715094457103	1	-1.60982e-13	9001	227.684	0.0001	0.0001	0.0001	5e-05
