# a = 0.100000
# b = 1.000000
# E = 7200.000000
# tol = 0.000100
# s12 = 0.554977
# s13 = 0.152971
# psi0 = 0.822075 + I0.000000	0.548446 + I0.000000	0.152971 + I0.000000
# dh = 0.000100
# out = data/E7.2e3.0_tol1e-4.log
# model = sun
# scan_steps = 100.000000
# H0 = 
#	 0.000000e+00 0.000000e+00 0.000000e+00
#	 0.000000e+00 1.846803e+01 0.000000e+00
#	 0.000000e+00 0.000000e+00 6.044389e+02
# W = 
#	 6.758072e-01 4.508635e-01 1.257533e-01
#	 4.508635e-01 3.007928e-01 8.389608e-02
#	 1.257533e-01 8.389608e-02 2.340000e-02
# H0W = 
#	 0.000000e+00 -8.326560e+00 -7.601018e+01
#	 8.326560e+00 0.000000e+00 -4.916066e+01
#	 7.601018e+01 4.916066e+01 0.000000e+00
# H0H0W = 
#	 0.000000e+00 1.537751e+02 4.594351e+04
#	 1.537751e+02 0.000000e+00 2.880671e+04
#	 4.594351e+04 2.880671e+04 0.000000e+00
# WH0W = 
#	 2.662534e+01 9.436490e+00 -7.105577e+01
#	 9.436490e+00 7.404877e-01 -4.895412e+01
#	 -7.105577e+01 -4.895412e+01 -2.736583e+01
#################################################
##            CALCULATION COMPLETED            ##
#################################################
# Psi[0]^2 = 0.000007 + I0.000000
# Psi[1]^2 = 0.000175 + I0.000000
# Psi[2]^2 = 0.999818 + I0.000000
# phi0 = -1.489806 
# phi1 = 2.400321 
# phi2 = -1.781283 
# Psi = 
#	-2.614005e-03+i(2.121737e-04)
#	8.939297e-03+i(-9.765197e-03)
#	-9.778403e-01+i(-2.089169e-01)
#ProbSurv b 1-|Psi|^2 calls E tol dh dh(prev) dh(last)
0.0234531059504	1	-8.57092e-14	9001	7200	0.0001	0.0001	0.0001	5e-05
