# a = 0.100000
# b = 1.000000
# E = 720.000000
# tol = 0.000100
# s12 = 0.554977
# s13 = 0.152971
# psi0 = 0.822075 + I0.000000	0.548446 + I0.000000	0.152971 + I0.000000
# dh = 0.000100
# out = data/E7.2e2.0_tol1e-4.log
# model = sun
# scan_steps = 100.000000
# H0 = 
#	 0.000000e+00 0.000000e+00 0.000000e+00
#	 0.000000e+00 1.846803e+02 0.000000e+00
#	 0.000000e+00 0.000000e+00 6.044389e+03
# W = 
#	 6.758072e-01 4.508635e-01 1.257533e-01
#	 4.508635e-01 3.007928e-01 8.389608e-02
#	 1.257533e-01 8.389608e-02 2.340000e-02
# H0W = 
#	 0.000000e+00 -8.326560e+01 -7.601018e+02
#	 8.326560e+01 0.000000e+00 -4.916066e+02
#	 7.601018e+02 4.916066e+02 0.000000e+00
# H0H0W = 
#	 0.000000e+00 1.537751e+04 4.594351e+06
#	 1.537751e+04 0.000000e+00 2.880671e+06
#	 4.594351e+06 2.880671e+06 0.000000e+00
# WH0W = 
#	 2.662534e+02 9.436490e+01 -7.105577e+02
#	 9.436490e+01 7.404877e+00 -4.895412e+02
#	 -7.105577e+02 -4.895412e+02 -2.736583e+02
#################################################
##            CALCULATION COMPLETED            ##
#################################################
# Psi[0]^2 = 0.000015 + I0.000000
# Psi[1]^2 = 0.002720 + I0.000000
# Psi[2]^2 = 0.997265 + I0.000000
# phi0 = 2.557580 
# phi1 = 1.609547 
# phi2 = 2.686533 
# Psi = 
#	2.159507e-03+i(-3.267434e-03)
#	5.211255e-02+i(-2.020389e-03)
#	4.389146e-01+i(-8.970055e-01)
#ProbSurv b 1-|Psi|^2 calls E tol dh dh(prev) dh(last)
0.0241644605517	1	-1.46105e-13	9001	720	0.0001	0.0001	0.0001	5e-05
