# a = 0.100000
# b = 1.000000
# E = 7.200000
# tol = 0.000100
# s12 = 0.554977
# s13 = 0.152971
# psi0 = 0.822075 + I0.000000	0.548446 + I0.000000	0.152971 + I0.000000
# dh = 0.000100
# out = data/E7.2e0.0_tol1e-4.log
# model = sun
# scan_steps = 100.000000
# H0 = 
#	 0.000000e+00 0.000000e+00 0.000000e+00
#	 0.000000e+00 1.846803e+04 0.000000e+00
#	 0.000000e+00 0.000000e+00 6.044389e+05
# W = 
#	 6.758072e-01 4.508635e-01 1.257533e-01
#	 4.508635e-01 3.007928e-01 8.389608e-02
#	 1.257533e-01 8.389608e-02 2.340000e-02
# H0W = 
#	 0.000000e+00 -8.326560e+03 -7.601018e+04
#	 8.326560e+03 0.000000e+00 -4.916066e+04
#	 7.601018e+04 4.916066e+04 0.000000e+00
# H0H0W = 
#	 0.000000e+00 1.537751e+08 4.594351e+10
#	 1.537751e+08 0.000000e+00 2.880671e+10
#	 4.594351e+10 2.880671e+10 0.000000e+00
# WH0W = 
#	 2.662534e+04 9.436490e+03 -7.105577e+04
#	 9.436490e+03 7.404877e+02 -4.895412e+04
#	 -7.105577e+04 -4.895412e+04 -2.736583e+04
#################################################
##            CALCULATION COMPLETED            ##
#################################################
# Psi[0]^2 = 0.161477 + I0.000000
# Psi[1]^2 = 0.813212 + I0.000000
# Psi[2]^2 = 0.025311 + I0.000000
# phi0 = 1.800811 
# phi1 = 2.418560 
# phi2 = 0.133976 
# Psi = 
#	3.912583e-01+i(-9.161668e-02)
#	5.966752e-01+i(-6.761592e-01)
#	2.125102e-02+i(1.576681e-01)
#ProbSurv b 1-|Psi|^2 calls E tol dh dh(prev) dh(last)
0.354327836262	1	-1.29308e-11	27567	7.2	0.0001	0.0001	3.26495e-05	2.5111e-05
