# a = 0.100000
# b = 1.000000
# E = 2308.462692
# tol = 0.000100
# s12 = 0.554977
# s13 = 0.152971
# psi0 = 0.822075 + I0.000000	0.548446 + I0.000000	0.152971 + I0.000000
# dh = 0.000100
# out = data/E7.3e2.5_tol1e-4.log
# model = sun
# scan_steps = 100.000000
# H0 = 
#	 0.000000e+00 0.000000e+00 0.000000e+00
#	 0.000000e+00 5.760101e+01 0.000000e+00
#	 0.000000e+00 0.000000e+00 1.885220e+03
# W = 
#	 6.758072e-01 4.508635e-01 1.257533e-01
#	 4.508635e-01 3.007928e-01 8.389608e-02
#	 1.257533e-01 8.389608e-02 2.340000e-02
# H0W = 
#	 0.000000e+00 -2.597020e+01 -2.370726e+02
#	 2.597020e+01 0.000000e+00 -1.533301e+02
#	 2.370726e+02 1.533301e+02 0.000000e+00
# H0H0W = 
#	 0.000000e+00 1.495910e+03 4.469340e+05
#	 1.495910e+03 0.000000e+00 2.802289e+05
#	 4.469340e+05 2.802289e+05 0.000000e+00
# WH0W = 
#	 8.304335e+01 2.943202e+01 -2.216200e+02
#	 2.943202e+01 2.309551e+00 -1.526859e+02
#	 -2.216200e+02 -1.526859e+02 -8.535290e+01
#################################################
##            CALCULATION COMPLETED            ##
#################################################
# Psi[0]^2 = 0.000002 + I0.000000
# Psi[1]^2 = 0.000176 + I0.000000
# Psi[2]^2 = 0.999822 + I0.000000
# phi0 = 0.554370 
# phi1 = -0.847473 
# phi2 = 1.074435 
# Psi = 
#	7.002843e-04+i(1.131071e-03)
#	-9.947137e-03+i(8.782978e-03)
#	8.792429e-01+i(4.761870e-01)
#ProbSurv b 1-|Psi|^2 calls E tol dh dh(prev) dh(last)
 0.02344999963	1	-8.85958e-14	9001	2308.46	0.0001	0.0001	0.0001	5e-05
