# a = 0.100000
# b = 1.000000
# E = 0.730000
# tol = 0.000100
# s12 = 0.554977
# s13 = 0.152971
# psi0 = 0.822075 + I0.000000	0.548446 + I0.000000	0.152971 + I0.000000
# dh = 0.000100
# out = data/E7.3e-1.0_tol1e-4.log
# model = sun
# scan_steps = 100.000000
# H0 = 
#	 0.000000e+00 0.000000e+00 0.000000e+00
#	 0.000000e+00 1.821504e+05 0.000000e+00
#	 0.000000e+00 0.000000e+00 5.961589e+06
# W = 
#	 6.758072e-01 4.508635e-01 1.257533e-01
#	 4.508635e-01 3.007928e-01 8.389608e-02
#	 1.257533e-01 8.389608e-02 2.340000e-02
# H0W = 
#	 0.000000e+00 -8.212497e+04 -7.496894e+05
#	 8.212497e+04 0.000000e+00 -4.848722e+05
#	 7.496894e+05 4.848722e+05 0.000000e+00
# H0H0W = 
#	 0.000000e+00 1.495910e+10 4.469340e+12
#	 1.495910e+10 0.000000e+00 2.802289e+12
#	 4.469340e+12 2.802289e+12 0.000000e+00
# WH0W = 
#	 2.626061e+05 9.307223e+04 -7.008240e+05
#	 9.307223e+04 7.303441e+03 -4.828352e+05
#	 -7.008240e+05 -4.828352e+05 -2.699096e+05
#################################################
##            CALCULATION COMPLETED            ##
#################################################
# Psi[0]^2 = 0.620901 + I0.000000
# Psi[1]^2 = 0.355521 + I0.000000
# Psi[2]^2 = 0.023579 + I0.000000
# phi0 = 1.396307 
# phi1 = 2.272816 
# phi2 = 0.727261 
# Psi = 
#	7.760073e-01+i(1.367961e-01)
#	4.552646e-01+i(-3.850385e-01)
#	1.020870e-01+i(1.147048e-01)
#ProbSurv b 1-|Psi|^2 calls E tol dh dh(prev) dh(last)
0.527098800951	1	4.78573e-11	635999	0.73	0.0001	0.0001	1.4151e-06	1.27586e-06
