# a = 0.100000
# b = 1.000000
# E = 7300000.000000
# tol = 0.000100
# s12 = 0.554977
# s13 = 0.152971
# psi0 = 0.822075 + I0.000000	0.548446 + I0.000000	0.152971 + I0.000000
# dh = 0.000100
# out = data/E7.3e6.0_tol1e-4.log
# model = sun
# scan_steps = 100.000000
# H0 = 
#	 0.000000e+00 0.000000e+00 0.000000e+00
#	 0.000000e+00 1.821504e-02 0.000000e+00
#	 0.000000e+00 0.000000e+00 5.961589e-01
# W = 
#	 6.758072e-01 4.508635e-01 1.257533e-01
#	 4.508635e-01 3.007928e-01 8.389608e-02
#	 1.257533e-01 8.389608e-02 2.340000e-02
# H0W = 
#	 0.000000e+00 -8.212497e-03 -7.496894e-02
#	 8.212497e-03 0.000000e+00 -4.848722e-02
#	 7.496894e-02 4.848722e-02 0.000000e+00
# H0H0W = 
#	 0.000000e+00 1.495910e-04 4.469340e-02
#	 1.495910e-04 0.000000e+00 2.802289e-02
#	 4.469340e-02 2.802289e-02 0.000000e+00
# WH0W = 
#	 2.626061e-02 9.307223e-03 -7.008240e-02
#	 9.307223e-03 7.303441e-04 -4.828352e-02
#	 -7.008240e-02 -4.828352e-02 -2.699096e-02
#################################################
##            CALCULATION COMPLETED            ##
#################################################
# Psi[0]^2 = 0.672757 + I0.000000
# Psi[1]^2 = 0.300663 + I0.000000
# Psi[2]^2 = 0.026579 + I0.000000
# phi0 = 2.213297 
# phi1 = 2.215790 
# phi2 = 2.295780 
# Psi = 
#	6.566663e-01+i(-4.914739e-01)
#	4.381707e-01+i(-3.296511e-01)
#	1.220310e-01+i(-1.081103e-01)
#ProbSurv b 1-|Psi|^2 calls E tol dh dh(prev) dh(last)
0.545713512908	1	-9.4369e-14	9001	7.3e+06	0.0001	0.0001	0.0001	5e-05
