# a = 0.100000
# b = 1.000000
# E = 2308462.691923
# tol = 0.000100
# s12 = 0.554977
# s13 = 0.152971
# psi0 = 0.822075 + I0.000000	0.548446 + I0.000000	0.152971 + I0.000000
# dh = 0.000100
# out = data/E7.3e5.5_tol1e-4.log
# model = sun
# scan_steps = 100.000000
# H0 = 
#	 0.000000e+00 0.000000e+00 0.000000e+00
#	 0.000000e+00 5.760101e-02 0.000000e+00
#	 0.000000e+00 0.000000e+00 1.885220e+00
# W = 
#	 6.758072e-01 4.508635e-01 1.257533e-01
#	 4.508635e-01 3.007928e-01 8.389608e-02
#	 1.257533e-01 8.389608e-02 2.340000e-02
# H0W = 
#	 0.000000e+00 -2.597020e-02 -2.370726e-01
#	 2.597020e-02 0.000000e+00 -1.533301e-01
#	 2.370726e-01 1.533301e-01 0.000000e+00
# H0H0W = 
#	 0.000000e+00 1.495910e-03 4.469340e-01
#	 1.495910e-03 0.000000e+00 2.802289e-01
#	 4.469340e-01 2.802289e-01 0.000000e+00
# WH0W = 
#	 8.304335e-02 2.943202e-02 -2.216200e-01
#	 2.943202e-02 2.309551e-03 -1.526859e-01
#	 -2.216200e-01 -1.526859e-01 -8.535290e-02
#################################################
##            CALCULATION COMPLETED            ##
#################################################
# Psi[0]^2 = 0.665438 + I0.000000
# Psi[1]^2 = 0.300042 + I0.000000
# Psi[2]^2 = 0.034519 + I0.000000
# phi0 = 2.245620 
# phi1 = 2.253499 
# phi2 = 2.512150 
# Psi = 
#	6.369469e-01+i(-5.096441e-01)
#	4.249918e-01+i(-3.455781e-01)
#	1.093757e-01+i(-1.501874e-01)
#ProbSurv b 1-|Psi|^2 calls E tol dh dh(prev) dh(last)
0.540766415926	1	-8.10463e-14	9001	2.30846e+06	0.0001	0.0001	0.0001	5e-05
