# a = 0.100000
# b = 1.000000
# E = 730000.000000
# tol = 0.000100
# s12 = 0.554977
# s13 = 0.152971
# psi0 = 0.822075 + I0.000000	0.548446 + I0.000000	0.152971 + I0.000000
# dh = 0.000100
# out = data/E7.3e5.0_tol1e-4.log
# model = sun
# scan_steps = 100.000000
# H0 = 
#	 0.000000e+00 0.000000e+00 0.000000e+00
#	 0.000000e+00 1.821504e-01 0.000000e+00
#	 0.000000e+00 0.000000e+00 5.961589e+00
# W = 
#	 6.758072e-01 4.508635e-01 1.257533e-01
#	 4.508635e-01 3.007928e-01 8.389608e-02
#	 1.257533e-01 8.389608e-02 2.340000e-02
# H0W = 
#	 0.000000e+00 -8.212497e-02 -7.496894e-01
#	 8.212497e-02 0.000000e+00 -4.848722e-01
#	 7.496894e-01 4.848722e-01 0.000000e+00
# H0H0W = 
#	 0.000000e+00 1.495910e-02 4.469340e+00
#	 1.495910e-02 0.000000e+00 2.802289e+00
#	 4.469340e+00 2.802289e+00 0.000000e+00
# WH0W = 
#	 2.626061e-01 9.307223e-02 -7.008240e-01
#	 9.307223e-02 7.303441e-03 -4.828352e-01
#	 -7.008240e-01 -4.828352e-01 -2.699096e-01
#################################################
##            CALCULATION COMPLETED            ##
#################################################
# Psi[0]^2 = 0.635282 + I0.000000
# Psi[1]^2 = 0.294670 + I0.000000
# Psi[2]^2 = 0.070048 + I0.000000
# phi0 = 2.348326 
# phi1 = 2.373236 
# phi2 = -3.037083 
# Psi = 
#	5.680135e-01+i(-5.591446e-01)
#	3.772460e-01+i(-3.903276e-01)
#	-2.760989e-02+i(-2.632213e-01)
#ProbSurv b 1-|Psi|^2 calls E tol dh dh(prev) dh(last)
0.519601990603	1	-1.22347e-13	9001	730000	0.0001	0.0001	0.0001	5e-05
