# a = 0.100000
# b = 1.000000
# E = 23084.626919
# tol = 0.000100
# s12 = 0.554977
# s13 = 0.152971
# psi0 = 0.822075 + I0.000000	0.548446 + I0.000000	0.152971 + I0.000000
# dh = 0.000100
# out = data/E7.3e3.5_tol1e-4.log
# model = sun
# scan_steps = 100.000000
# H0 = 
#	 0.000000e+00 0.000000e+00 0.000000e+00
#	 0.000000e+00 5.760101e+00 0.000000e+00
#	 0.000000e+00 0.000000e+00 1.885220e+02
# W = 
#	 6.758072e-01 4.508635e-01 1.257533e-01
#	 4.508635e-01 3.007928e-01 8.389608e-02
#	 1.257533e-01 8.389608e-02 2.340000e-02
# H0W = 
#	 0.000000e+00 -2.597020e+00 -2.370726e+01
#	 2.597020e+00 0.000000e+00 -1.533301e+01
#	 2.370726e+01 1.533301e+01 0.000000e+00
# H0H0W = 
#	 0.000000e+00 1.495910e+01 4.469340e+03
#	 1.495910e+01 0.000000e+00 2.802289e+03
#	 4.469340e+03 2.802289e+03 0.000000e+00
# WH0W = 
#	 8.304335e+00 2.943202e+00 -2.216200e+01
#	 2.943202e+00 2.309551e-01 -1.526859e+01
#	 -2.216200e+01 -1.526859e+01 -8.535290e+00
#################################################
##            CALCULATION COMPLETED            ##
#################################################
# Psi[0]^2 = 0.028545 + I0.000000
# Psi[1]^2 = 0.045041 + I0.000000
# Psi[2]^2 = 0.926414 + I0.000000
# phi0 = -0.708132 
# phi1 = 0.139216 
# phi2 = -2.182528 
# Psi = 
#	-1.098889e-01+i(1.283320e-01)
#	2.945035e-02+i(2.101762e-01)
#	-7.879586e-01+i(-5.527523e-01)
#ProbSurv b 1-|Psi|^2 calls E tol dh dh(prev) dh(last)
0.0545169063423	1	-1.06581e-13	9001	23084.6	0.0001	0.0001	0.0001	5e-05
