# a = 0.100000
# b = 1.000000
# E = 23.084627
# tol = 0.000100
# s12 = 0.554977
# s13 = 0.152971
# psi0 = 0.822075 + I0.000000	0.548446 + I0.000000	0.152971 + I0.000000
# dh = 0.000100
# out = data/E7.3e0.5_tol1e-4.log
# model = sun
# scan_steps = 100.000000
# H0 = 
#	 0.000000e+00 0.000000e+00 0.000000e+00
#	 0.000000e+00 5.760101e+03 0.000000e+00
#	 0.000000e+00 0.000000e+00 1.885220e+05
# W = 
#	 6.758072e-01 4.508635e-01 1.257533e-01
#	 4.508635e-01 3.007928e-01 8.389608e-02
#	 1.257533e-01 8.389608e-02 2.340000e-02
# H0W = 
#	 0.000000e+00 -2.597020e+03 -2.370726e+04
#	 2.597020e+03 0.000000e+00 -1.533301e+04
#	 2.370726e+04 1.533301e+04 0.000000e+00
# H0H0W = 
#	 0.000000e+00 1.495910e+07 4.469340e+09
#	 1.495910e+07 0.000000e+00 2.802289e+09
#	 4.469340e+09 2.802289e+09 0.000000e+00
# WH0W = 
#	 8.304335e+03 2.943202e+03 -2.216200e+04
#	 2.943202e+03 2.309551e+02 -1.526859e+04
#	 -2.216200e+04 -1.526859e+04 -8.535290e+03
#################################################
##            CALCULATION COMPLETED            ##
#################################################
# Psi[0]^2 = 0.016017 + I0.000000
# Psi[1]^2 = 0.953790 + I0.000000
# Psi[2]^2 = 0.030193 + I0.000000
# phi0 = -1.908814 
# phi1 = 2.042498 
# phi2 = -1.951130 
# Psi = 
#	-1.193951e-01+i(-4.196834e-02)
#	8.699709e-01+i(-4.437800e-01)
#	-1.613454e-01+i(-6.450592e-02)
#ProbSurv b 1-|Psi|^2 calls E tol dh dh(prev) dh(last)
 0.29842380861	1	-4.63118e-12	9001	23.0846	0.0001	0.0001	0.0001	5e-05
