# a = 0.100000
# b = 1.000000
# E = 2.308463
# tol = 0.000100
# s12 = 0.554977
# s13 = 0.152971
# psi0 = 0.822075 + I0.000000	0.548446 + I0.000000	0.152971 + I0.000000
# dh = 0.000100
# out = data/E7.3e-0.5_tol1e-4.log
# model = sun
# scan_steps = 100.000000
# H0 = 
#	 0.000000e+00 0.000000e+00 0.000000e+00
#	 0.000000e+00 5.760101e+04 0.000000e+00
#	 0.000000e+00 0.000000e+00 1.885220e+06
# W = 
#	 6.758072e-01 4.508635e-01 1.257533e-01
#	 4.508635e-01 3.007928e-01 8.389608e-02
#	 1.257533e-01 8.389608e-02 2.340000e-02
# H0W = 
#	 0.000000e+00 -2.597020e+04 -2.370726e+05
#	 2.597020e+04 0.000000e+00 -1.533301e+05
#	 2.370726e+05 1.533301e+05 0.000000e+00
# H0H0W = 
#	 0.000000e+00 1.495910e+09 4.469340e+11
#	 1.495910e+09 0.000000e+00 2.802289e+11
#	 4.469340e+11 2.802289e+11 0.000000e+00
# WH0W = 
#	 8.304335e+04 2.943202e+04 -2.216200e+05
#	 2.943202e+04 2.309551e+03 -1.526859e+05
#	 -2.216200e+05 -1.526859e+05 -8.535290e+04
#################################################
##            CALCULATION COMPLETED            ##
#################################################
# Psi[0]^2 = 0.485033 + I0.000000
# Psi[1]^2 = 0.490994 + I0.000000
# Psi[2]^2 = 0.023973 + I0.000000
# phi0 = 2.812606 
# phi1 = -1.771642 
# phi2 = 1.839429 
# Psi = 
#	2.250097e-01+i(-6.590931e-01)
#	-6.866242e-01+i(-1.397901e-01)
#	1.492784e-01+i(-4.109440e-02)
#ProbSurv b 1-|Psi|^2 calls E tol dh dh(prev) dh(last)
0.476037312056	1	5.48739e-12	146018	2.30846	0.0001	0.0001	6.16367e-06	5.91452e-06
