# a = 0.100000
# b = 1.000000
# E = 7300.000000
# tol = 0.000100
# s12 = 0.554977
# s13 = 0.152971
# psi0 = 0.822075 + I0.000000	0.548446 + I0.000000	0.152971 + I0.000000
# dh = 0.000100
# out = data/E7.3e3.0_tol1e-4.log
# model = sun
# scan_steps = 100.000000
# H0 = 
#	 0.000000e+00 0.000000e+00 0.000000e+00
#	 0.000000e+00 1.821504e+01 0.000000e+00
#	 0.000000e+00 0.000000e+00 5.961589e+02
# W = 
#	 6.758072e-01 4.508635e-01 1.257533e-01
#	 4.508635e-01 3.007928e-01 8.389608e-02
#	 1.257533e-01 8.389608e-02 2.340000e-02
# H0W = 
#	 0.000000e+00 -8.212497e+00 -7.496894e+01
#	 8.212497e+00 0.000000e+00 -4.848722e+01
#	 7.496894e+01 4.848722e+01 0.000000e+00
# H0H0W = 
#	 0.000000e+00 1.495910e+02 4.469340e+04
#	 1.495910e+02 0.000000e+00 2.802289e+04
#	 4.469340e+04 2.802289e+04 0.000000e+00
# WH0W = 
#	 2.626061e+01 9.307223e+00 -7.008240e+01
#	 9.307223e+00 7.303441e-01 -4.828352e+01
#	 -7.008240e+01 -4.828352e+01 -2.699096e+01
#################################################
##            CALCULATION COMPLETED            ##
#################################################
# Psi[0]^2 = 0.000011 + I0.000000
# Psi[1]^2 = 0.000378 + I0.000000
# Psi[2]^2 = 0.999611 + I0.000000
# phi0 = -1.690077 
# phi1 = 1.860566 
# phi2 = -0.239122 
# Psi = 
#	-3.331565e-03+i(-3.992868e-04)
#	1.863432e-02+i(-5.556047e-03)
#	-2.368040e-01+i(9.713570e-01)
#ProbSurv b 1-|Psi|^2 calls E tol dh dh(prev) dh(last)
0.0235122295705	1	-4.66294e-14	9001	7300	0.0001	0.0001	0.0001	5e-05
