# a = 0.100000
# b = 1.000000
# E = 230846.269192
# tol = 0.000100
# s12 = 0.554977
# s13 = 0.152971
# psi0 = 0.822075 + I0.000000	0.548446 + I0.000000	0.152971 + I0.000000
# dh = 0.000100
# out = data/E7.3e4.5_tol1e-4.log
# model = sun
# scan_steps = 100.000000
# H0 = 
#	 0.000000e+00 0.000000e+00 0.000000e+00
#	 0.000000e+00 5.760101e-01 0.000000e+00
#	 0.000000e+00 0.000000e+00 1.885220e+01
# W = 
#	 6.758072e-01 4.508635e-01 1.257533e-01
#	 4.508635e-01 3.007928e-01 8.389608e-02
#	 1.257533e-01 8.389608e-02 2.340000e-02
# H0W = 
#	 0.000000e+00 -2.597020e-01 -2.370726e+00
#	 2.597020e-01 0.000000e+00 -1.533301e+00
#	 2.370726e+00 1.533301e+00 0.000000e+00
# H0H0W = 
#	 0.000000e+00 1.495910e-01 4.469340e+01
#	 1.495910e-01 0.000000e+00 2.802289e+01
#	 4.469340e+01 2.802289e+01 0.000000e+00
# WH0W = 
#	 8.304335e-01 2.943202e-01 -2.216200e+00
#	 2.943202e-01 2.309551e-02 -1.526859e+00
#	 -2.216200e+00 -1.526859e+00 -8.535290e-01
#################################################
##            CALCULATION COMPLETED            ##
#################################################
# Psi[0]^2 = 0.504546 + I0.000000
# Psi[1]^2 = 0.256012 + I0.000000
# Psi[2]^2 = 0.239442 + I0.000000
# phi0 = 2.634259 
# phi1 = 2.715016 
# phi2 = -0.247153 
# Psi = 
#	3.451049e-01+i(-6.208451e-01)
#	2.093511e-01+i(-4.606345e-01)
#	-1.197116e-01+i(4.744588e-01)
#ProbSurv b 1-|Psi|^2 calls E tol dh dh(prev) dh(last)
0.423585315309	1	-1.18128e-13	9001	230846	0.0001	0.0001	0.0001	5e-05
