# a = 0.100000
# b = 1.000000
# E = 73000.000000
# tol = 0.000100
# s12 = 0.554977
# s13 = 0.152971
# psi0 = 0.822075 + I0.000000	0.548446 + I0.000000	0.152971 + I0.000000
# dh = 0.000100
# out = data/E7.3e4.0_tol1e-4.log
# model = sun
# scan_steps = 100.000000
# H0 = 
#	 0.000000e+00 0.000000e+00 0.000000e+00
#	 0.000000e+00 1.821504e+00 0.000000e+00
#	 0.000000e+00 0.000000e+00 5.961589e+01
# W = 
#	 6.758072e-01 4.508635e-01 1.257533e-01
#	 4.508635e-01 3.007928e-01 8.389608e-02
#	 1.257533e-01 8.389608e-02 2.340000e-02
# H0W = 
#	 0.000000e+00 -8.212497e-01 -7.496894e+00
#	 8.212497e-01 0.000000e+00 -4.848722e+00
#	 7.496894e+00 4.848722e+00 0.000000e+00
# H0H0W = 
#	 0.000000e+00 1.495910e+00 4.469340e+02
#	 1.495910e+00 0.000000e+00 2.802289e+02
#	 4.469340e+02 2.802289e+02 0.000000e+00
# WH0W = 
#	 2.626061e+00 9.307223e-01 -7.008240e+00
#	 9.307223e-01 7.303441e-02 -4.828352e+00
#	 -7.008240e+00 -4.828352e+00 -2.699096e+00
#################################################
##            CALCULATION COMPLETED            ##
#################################################
# Psi[0]^2 = 0.260458 + I0.000000
# Psi[1]^2 = 0.174428 + I0.000000
# Psi[2]^2 = 0.565114 + I0.000000
# phi0 = -2.865342 
# phi1 = -2.608352 
# phi2 = 0.000770 
# Psi = 
#	-1.391985e-01+i(-4.910009e-01)
#	-2.123004e-01+i(-3.596612e-01)
#	5.786496e-04+i(7.517406e-01)
#ProbSurv b 1-|Psi|^2 calls E tol dh dh(prev) dh(last)
0.241709678841	1	-7.70495e-14	9001	73000	0.0001	0.0001	0.0001	5e-05
