# a = 0.100000
# b = 1.000000
# E = 230.846269
# tol = 0.000100
# s12 = 0.554977
# s13 = 0.152971
# psi0 = 0.822075 + I0.000000	0.548446 + I0.000000	0.152971 + I0.000000
# dh = 0.000100
# out = data/E7.3e1.5_tol1e-4.log
# model = sun
# scan_steps = 100.000000
# H0 = 
#	 0.000000e+00 0.000000e+00 0.000000e+00
#	 0.000000e+00 5.760101e+02 0.000000e+00
#	 0.000000e+00 0.000000e+00 1.885220e+04
# W = 
#	 6.758072e-01 4.508635e-01 1.257533e-01
#	 4.508635e-01 3.007928e-01 8.389608e-02
#	 1.257533e-01 8.389608e-02 2.340000e-02
# H0W = 
#	 0.000000e+00 -2.597020e+02 -2.370726e+03
#	 2.597020e+02 0.000000e+00 -1.533301e+03
#	 2.370726e+03 1.533301e+03 0.000000e+00
# H0H0W = 
#	 0.000000e+00 1.495910e+05 4.469340e+07
#	 1.495910e+05 0.000000e+00 2.802289e+07
#	 4.469340e+07 2.802289e+07 0.000000e+00
# WH0W = 
#	 8.304335e+02 2.943202e+02 -2.216200e+03
#	 2.943202e+02 2.309551e+01 -1.526859e+03
#	 -2.216200e+03 -1.526859e+03 -8.535290e+02
#################################################
##            CALCULATION COMPLETED            ##
#################################################
# Psi[0]^2 = 0.000153 + I0.000000
# Psi[1]^2 = 0.161503 + I0.000000
# Psi[2]^2 = 0.838344 + I0.000000
# phi0 = 1.150268 
# phi1 = 1.088924 
# phi2 = 2.386836 
# Psi = 
#	1.129579e-02+i(5.051556e-03)
#	3.561120e-01+i(1.862443e-01)
#	6.272956e-01+i(-6.669666e-01)
#ProbSurv b 1-|Psi|^2 calls E tol dh dh(prev) dh(last)
0.0682995721116	1	-2.05613e-13	9001	230.846	0.0001	0.0001	0.0001	5e-05
