# a = 0.100000
# b = 1.000000
# E = 73.000000
# tol = 0.000100
# s12 = 0.554977
# s13 = 0.152971
# psi0 = 0.822075 + I0.000000	0.548446 + I0.000000	0.152971 + I0.000000
# dh = 0.000100
# out = data/E7.3e1.0_tol1e-4.log
# model = sun
# scan_steps = 100.000000
# H0 = 
#	 0.000000e+00 0.000000e+00 0.000000e+00
#	 0.000000e+00 1.821504e+03 0.000000e+00
#	 0.000000e+00 0.000000e+00 5.961589e+04
# W = 
#	 6.758072e-01 4.508635e-01 1.257533e-01
#	 4.508635e-01 3.007928e-01 8.389608e-02
#	 1.257533e-01 8.389608e-02 2.340000e-02
# H0W = 
#	 0.000000e+00 -8.212497e+02 -7.496894e+03
#	 8.212497e+02 0.000000e+00 -4.848722e+03
#	 7.496894e+03 4.848722e+03 0.000000e+00
# H0H0W = 
#	 0.000000e+00 1.495910e+06 4.469340e+08
#	 1.495910e+06 0.000000e+00 2.802289e+08
#	 4.469340e+08 2.802289e+08 0.000000e+00
# WH0W = 
#	 2.626061e+03 9.307223e+02 -7.008240e+03
#	 9.307223e+02 7.303441e+01 -4.828352e+03
#	 -7.008240e+03 -4.828352e+03 -2.699096e+03
#################################################
##            CALCULATION COMPLETED            ##
#################################################
# Psi[0]^2 = 0.001465 + I0.000000
# Psi[1]^2 = 0.939186 + I0.000000
# Psi[2]^2 = 0.059349 + I0.000000
# phi0 = -2.750104 
# phi1 = -1.523027 
# phi2 = -1.318141 
# Psi = 
#	-1.460336e-02+i(-3.537669e-02)
#	-9.680106e-01+i(4.627624e-02)
#	-2.358825e-01+i(6.089825e-02)
#ProbSurv b 1-|Psi|^2 calls E tol dh dh(prev) dh(last)
0.284879078254	1	-3.7903e-13	9001	73	0.0001	0.0001	0.0001	5e-05
