# a = 0.100000
# b = 1.000000
# E = 7.300000
# tol = 0.000100
# s12 = 0.554977
# s13 = 0.152971
# psi0 = 0.822075 + I0.000000	0.548446 + I0.000000	0.152971 + I0.000000
# dh = 0.000100
# out = data/E7.3e0.0_tol1e-4.log
# model = sun
# scan_steps = 100.000000
# H0 = 
#	 0.000000e+00 0.000000e+00 0.000000e+00
#	 0.000000e+00 1.821504e+04 0.000000e+00
#	 0.000000e+00 0.000000e+00 5.961589e+05
# W = 
#	 6.758072e-01 4.508635e-01 1.257533e-01
#	 4.508635e-01 3.007928e-01 8.389608e-02
#	 1.257533e-01 8.389608e-02 2.340000e-02
# H0W = 
#	 0.000000e+00 -8.212497e+03 -7.496894e+04
#	 8.212497e+03 0.000000e+00 -4.848722e+04
#	 7.496894e+04 4.848722e+04 0.000000e+00
# H0H0W = 
#	 0.000000e+00 1.495910e+08 4.469340e+10
#	 1.495910e+08 0.000000e+00 2.802289e+10
#	 4.469340e+10 2.802289e+10 0.000000e+00
# WH0W = 
#	 2.626061e+04 9.307223e+03 -7.008240e+04
#	 9.307223e+03 7.303441e+02 -4.828352e+04
#	 -7.008240e+04 -4.828352e+04 -2.699096e+04
#################################################
##            CALCULATION COMPLETED            ##
#################################################
# Psi[0]^2 = 0.157850 + I0.000000
# Psi[1]^2 = 0.816913 + I0.000000
# Psi[2]^2 = 0.025237 + I0.000000
# phi0 = -2.415480 
# phi1 = -1.155492 
# phi2 = 0.022094 
# Psi = 
#	-2.637967e-01+i(-2.970883e-01)
#	-8.270008e-01+i(3.646677e-01)
#	3.509679e-03+i(1.588228e-01)
#ProbSurv b 1-|Psi|^2 calls E tol dh dh(prev) dh(last)
0.352988330452	1	-1.18159e-11	27225	7.3	0.0001	0.0001	3.30596e-05	2.56839e-05
