# a = 0.100000
# b = 1.000000
# E = 234008.546852
# tol = 0.000100
# s12 = 0.554977
# s13 = 0.152971
# psi0 = 0.822075 + I0.000000	0.548446 + I0.000000	0.152971 + I0.000000
# dh = 0.000100
# out = data/E7.4e4.5_tol1e-4.log
# model = sun
# scan_steps = 100.000000
# H0 = 
#	 0.000000e+00 0.000000e+00 0.000000e+00
#	 0.000000e+00 5.682262e-01 0.000000e+00
#	 0.000000e+00 0.000000e+00 1.859744e+01
# W = 
#	 6.758072e-01 4.508635e-01 1.257533e-01
#	 4.508635e-01 3.007928e-01 8.389608e-02
#	 1.257533e-01 8.389608e-02 2.340000e-02
# H0W = 
#	 0.000000e+00 -2.561925e-01 -2.338689e+00
#	 2.561925e-01 0.000000e+00 -1.512580e+00
#	 2.338689e+00 1.512580e+00 0.000000e+00
# H0H0W = 
#	 0.000000e+00 1.455753e-01 4.349363e+01
#	 1.455753e-01 0.000000e+00 2.727063e+01
#	 4.349363e+01 2.727063e+01 0.000000e+00
# WH0W = 
#	 8.192114e-01 2.903429e-01 -2.186251e+00
#	 2.903429e-01 2.278341e-02 -1.506226e+00
#	 -2.186251e+00 -1.506226e+00 -8.419948e-01
#################################################
##            CALCULATION COMPLETED            ##
#################################################
# Psi[0]^2 = 0.506752 + I0.000000
# Psi[1]^2 = 0.256698 + I0.000000
# Psi[2]^2 = 0.236550 + I0.000000
# phi0 = 2.629406 
# phi1 = 2.709035 
# phi2 = -0.309630 
# Psi = 
#	3.488741e-01+i(-6.205148e-01)
#	2.123863e-01+i(-4.599894e-01)
#	-1.481980e-01+i(4.632358e-01)
#ProbSurv b 1-|Psi|^2 calls E tol dh dh(prev) dh(last)
0.425214749333	1	-1.37224e-13	9001	234009	0.0001	0.0001	0.0001	5e-05
