# a = 0.100000
# b = 1.000000
# E = 2340.085469
# tol = 0.000100
# s12 = 0.554977
# s13 = 0.152971
# psi0 = 0.822075 + I0.000000	0.548446 + I0.000000	0.152971 + I0.000000
# dh = 0.000100
# out = data/E7.4e2.5_tol1e-4.log
# model = sun
# scan_steps = 100.000000
# H0 = 
#	 0.000000e+00 0.000000e+00 0.000000e+00
#	 0.000000e+00 5.682262e+01 0.000000e+00
#	 0.000000e+00 0.000000e+00 1.859744e+03
# W = 
#	 6.758072e-01 4.508635e-01 1.257533e-01
#	 4.508635e-01 3.007928e-01 8.389608e-02
#	 1.257533e-01 8.389608e-02 2.340000e-02
# H0W = 
#	 0.000000e+00 -2.561925e+01 -2.338689e+02
#	 2.561925e+01 0.000000e+00 -1.512580e+02
#	 2.338689e+02 1.512580e+02 0.000000e+00
# H0H0W = 
#	 0.000000e+00 1.455753e+03 4.349363e+05
#	 1.455753e+03 0.000000e+00 2.727063e+05
#	 4.349363e+05 2.727063e+05 0.000000e+00
# WH0W = 
#	 8.192114e+01 2.903429e+01 -2.186251e+02
#	 2.903429e+01 2.278341e+00 -1.506226e+02
#	 -2.186251e+02 -1.506226e+02 -8.419948e+01
#################################################
##            CALCULATION COMPLETED            ##
#################################################
# Psi[0]^2 = 0.000001 + I0.000000
# Psi[1]^2 = 0.000169 + I0.000000
# Psi[2]^2 = 0.999829 + I0.000000
# phi0 = 0.345556 
# phi1 = -0.677221 
# phi2 = 2.680467 
# Psi = 
#	4.009519e-04+i(1.113752e-03)
#	-8.157598e-03+i(1.014531e-02)
#	4.449185e-01+i(-8.954756e-01)
#ProbSurv b 1-|Psi|^2 calls E tol dh dh(prev) dh(last)
0.0234479249319	1	-6.86118e-14	9001	2340.09	0.0001	0.0001	0.0001	5e-05
