# a = 0.100000
# b = 1.000000
# E = 740000.000000
# tol = 0.000100
# s12 = 0.554977
# s13 = 0.152971
# psi0 = 0.822075 + I0.000000	0.548446 + I0.000000	0.152971 + I0.000000
# dh = 0.000100
# out = data/E7.4e5.0_tol1e-4.log
# model = sun
# scan_steps = 100.000000
# H0 = 
#	 0.000000e+00 0.000000e+00 0.000000e+00
#	 0.000000e+00 1.796889e-01 0.000000e+00
#	 0.000000e+00 0.000000e+00 5.881027e+00
# W = 
#	 6.758072e-01 4.508635e-01 1.257533e-01
#	 4.508635e-01 3.007928e-01 8.389608e-02
#	 1.257533e-01 8.389608e-02 2.340000e-02
# H0W = 
#	 0.000000e+00 -8.101518e-02 -7.395585e-01
#	 8.101518e-02 0.000000e+00 -4.783199e-01
#	 7.395585e-01 4.783199e-01 0.000000e+00
# H0H0W = 
#	 0.000000e+00 1.455753e-02 4.349363e+00
#	 1.455753e-02 0.000000e+00 2.727063e+00
#	 4.349363e+00 2.727063e+00 0.000000e+00
# WH0W = 
#	 2.590574e-01 9.181449e-02 -6.913534e-01
#	 9.181449e-02 7.204746e-03 -4.763104e-01
#	 -6.913534e-01 -4.763104e-01 -2.662621e-01
#################################################
##            CALCULATION COMPLETED            ##
#################################################
# Psi[0]^2 = 0.635981 + I0.000000
# Psi[1]^2 = 0.294828 + I0.000000
# Psi[2]^2 = 0.069191 + I0.000000
# phi0 = 2.346309 
# phi1 = 2.370881 
# phi2 = -3.052286 
# Psi = 
#	5.694534e-01+i(-5.583044e-01)
#	3.782654e-01+i(-3.895424e-01)
#	-2.346010e-02+i(-2.619936e-01)
#ProbSurv b 1-|Psi|^2 calls E tol dh dh(prev) dh(last)
0.520101730595	1	-1.20792e-13	9001	740000	0.0001	0.0001	0.0001	5e-05
