# a = 0.100000
# b = 1.000000
# E = 23.400855
# tol = 0.000100
# s12 = 0.554977
# s13 = 0.152971
# psi0 = 0.822075 + I0.000000	0.548446 + I0.000000	0.152971 + I0.000000
# dh = 0.000100
# out = data/E7.4e0.5_tol1e-4.log
# model = sun
# scan_steps = 100.000000
# H0 = 
#	 0.000000e+00 0.000000e+00 0.000000e+00
#	 0.000000e+00 5.682262e+03 0.000000e+00
#	 0.000000e+00 0.000000e+00 1.859744e+05
# W = 
#	 6.758072e-01 4.508635e-01 1.257533e-01
#	 4.508635e-01 3.007928e-01 8.389608e-02
#	 1.257533e-01 8.389608e-02 2.340000e-02
# H0W = 
#	 0.000000e+00 -2.561925e+03 -2.338689e+04
#	 2.561925e+03 0.000000e+00 -1.512580e+04
#	 2.338689e+04 1.512580e+04 0.000000e+00
# H0H0W = 
#	 0.000000e+00 1.455753e+07 4.349363e+09
#	 1.455753e+07 0.000000e+00 2.727063e+09
#	 4.349363e+09 2.727063e+09 0.000000e+00
# WH0W = 
#	 8.192114e+03 2.903429e+03 -2.186251e+04
#	 2.903429e+03 2.278341e+02 -1.506226e+04
#	 -2.186251e+04 -1.506226e+04 -8.419948e+03
#################################################
##            CALCULATION COMPLETED            ##
#################################################
# Psi[0]^2 = 0.015611 + I0.000000
# Psi[1]^2 = 0.954083 + I0.000000
# Psi[2]^2 = 0.030305 + I0.000000
# phi0 = -0.787914 
# phi1 = -0.066830 
# phi2 = -1.374007 
# Psi = 
#	-8.857170e-02+i(8.812709e-02)
#	-6.522906e-02+i(9.745915e-01)
#	-1.707240e-01+i(3.403722e-02)
#ProbSurv b 1-|Psi|^2 calls E tol dh dh(prev) dh(last)
0.298240820055	1	-3.90377e-12	9001	23.4009	0.0001	0.0001	0.0001	5e-05
