# a = 0.100000
# b = 1.000000
# E = 23400.854685
# tol = 0.000100
# s12 = 0.554977
# s13 = 0.152971
# psi0 = 0.822075 + I0.000000	0.548446 + I0.000000	0.152971 + I0.000000
# dh = 0.000100
# out = data/E7.4e3.5_tol1e-4.log
# model = sun
# scan_steps = 100.000000
# H0 = 
#	 0.000000e+00 0.000000e+00 0.000000e+00
#	 0.000000e+00 5.682262e+00 0.000000e+00
#	 0.000000e+00 0.000000e+00 1.859744e+02
# W = 
#	 6.758072e-01 4.508635e-01 1.257533e-01
#	 4.508635e-01 3.007928e-01 8.389608e-02
#	 1.257533e-01 8.389608e-02 2.340000e-02
# H0W = 
#	 0.000000e+00 -2.561925e+00 -2.338689e+01
#	 2.561925e+00 0.000000e+00 -1.512580e+01
#	 2.338689e+01 1.512580e+01 0.000000e+00
# H0H0W = 
#	 0.000000e+00 1.455753e+01 4.349363e+03
#	 1.455753e+01 0.000000e+00 2.727063e+03
#	 4.349363e+03 2.727063e+03 0.000000e+00
# WH0W = 
#	 8.192114e+00 2.903429e+00 -2.186251e+01
#	 2.903429e+00 2.278341e-01 -1.506226e+01
#	 -2.186251e+01 -1.506226e+01 -8.419948e+00
#################################################
##            CALCULATION COMPLETED            ##
#################################################
# Psi[0]^2 = 0.029764 + I0.000000
# Psi[1]^2 = 0.046659 + I0.000000
# Psi[2]^2 = 0.923577 + I0.000000
# phi0 = -0.746202 
# phi1 = 0.089086 
# phi2 = 2.916926 
# Psi = 
#	-1.171183e-01+i(1.266791e-01)
#	1.921775e-02+i(2.151494e-01)
#	2.140998e-01+i(-9.368770e-01)
#ProbSurv b 1-|Psi|^2 calls E tol dh dh(prev) dh(last)
0.0557611830946	1	-7.37188e-14	9001	23400.9	0.0001	0.0001	0.0001	5e-05
