# a = 0.100000
# b = 1.000000
# E = 74000.000000
# tol = 0.000100
# s12 = 0.554977
# s13 = 0.152971
# psi0 = 0.822075 + I0.000000	0.548446 + I0.000000	0.152971 + I0.000000
# dh = 0.000100
# out = data/E7.4e4.0_tol1e-4.log
# model = sun
# scan_steps = 100.000000
# H0 = 
#	 0.000000e+00 0.000000e+00 0.000000e+00
#	 0.000000e+00 1.796889e+00 0.000000e+00
#	 0.000000e+00 0.000000e+00 5.881027e+01
# W = 
#	 6.758072e-01 4.508635e-01 1.257533e-01
#	 4.508635e-01 3.007928e-01 8.389608e-02
#	 1.257533e-01 8.389608e-02 2.340000e-02
# H0W = 
#	 0.000000e+00 -8.101518e-01 -7.395585e+00
#	 8.101518e-01 0.000000e+00 -4.783199e+00
#	 7.395585e+00 4.783199e+00 0.000000e+00
# H0H0W = 
#	 0.000000e+00 1.455753e+00 4.349363e+02
#	 1.455753e+00 0.000000e+00 2.727063e+02
#	 4.349363e+02 2.727063e+02 0.000000e+00
# WH0W = 
#	 2.590574e+00 9.181449e-01 -6.913534e+00
#	 9.181449e-01 7.204746e-02 -4.763104e+00
#	 -6.913534e+00 -4.763104e+00 -2.662621e+00
#################################################
##            CALCULATION COMPLETED            ##
#################################################
# Psi[0]^2 = 0.264317 + I0.000000
# Psi[1]^2 = 0.176090 + I0.000000
# Psi[2]^2 = 0.559593 + I0.000000
# phi0 = -2.878646 
# phi1 = -2.625588 
# phi2 = -0.286207 
# Psi = 
#	-1.336330e-01+i(-4.964468e-01)
#	-2.070496e-01+i(-3.649941e-01)
#	-2.111887e-01+i(7.176293e-01)
#ProbSurv b 1-|Psi|^2 calls E tol dh dh(prev) dh(last)
0.244688633927	1	-8.41549e-14	9001	74000	0.0001	0.0001	0.0001	5e-05
