# a = 0.100000
# b = 1.000000
# E = 0.740000
# tol = 0.000100
# s12 = 0.554977
# s13 = 0.152971
# psi0 = 0.822075 + I0.000000	0.548446 + I0.000000	0.152971 + I0.000000
# dh = 0.000100
# out = data/E7.4e-1.0_tol1e-4.log
# model = sun
# scan_steps = 100.000000
# H0 = 
#	 0.000000e+00 0.000000e+00 0.000000e+00
#	 0.000000e+00 1.796889e+05 0.000000e+00
#	 0.000000e+00 0.000000e+00 5.881027e+06
# W = 
#	 6.758072e-01 4.508635e-01 1.257533e-01
#	 4.508635e-01 3.007928e-01 8.389608e-02
#	 1.257533e-01 8.389608e-02 2.340000e-02
# H0W = 
#	 0.000000e+00 -8.101518e+04 -7.395585e+05
#	 8.101518e+04 0.000000e+00 -4.783199e+05
#	 7.395585e+05 4.783199e+05 0.000000e+00
# H0H0W = 
#	 0.000000e+00 1.455753e+10 4.349363e+12
#	 1.455753e+10 0.000000e+00 2.727063e+12
#	 4.349363e+12 2.727063e+12 0.000000e+00
# WH0W = 
#	 2.590574e+05 9.181449e+04 -6.913534e+05
#	 9.181449e+04 7.204746e+03 -4.763104e+05
#	 -6.913534e+05 -4.763104e+05 -2.662621e+05
#################################################
##            CALCULATION COMPLETED            ##
#################################################
# Psi[0]^2 = 0.620099 + I0.000000
# Psi[1]^2 = 0.356320 + I0.000000
# Psi[2]^2 = 0.023581 + I0.000000
# phi0 = 0.988700 
# phi1 = -0.982299 
# phi2 = 2.874403 
# Psi = 
#	6.577776e-01+i(4.329288e-01)
#	-4.965081e-01+i(3.313603e-01)
#	4.054390e-02+i(-1.481135e-01)
#ProbSurv b 1-|Psi|^2 calls E tol dh dh(prev) dh(last)
0.526797408234	1	6.94993e-11	586964	0.74	0.0001	0.0001	1.53332e-06	1.50812e-06
