# a = 0.100000
# b = 1.000000
# E = 2340085.468525
# tol = 0.000100
# s12 = 0.554977
# s13 = 0.152971
# psi0 = 0.822075 + I0.000000	0.548446 + I0.000000	0.152971 + I0.000000
# dh = 0.000100
# out = data/E7.4e5.5_tol1e-4.log
# model = sun
# scan_steps = 100.000000
# H0 = 
#	 0.000000e+00 0.000000e+00 0.000000e+00
#	 0.000000e+00 5.682262e-02 0.000000e+00
#	 0.000000e+00 0.000000e+00 1.859744e+00
# W = 
#	 6.758072e-01 4.508635e-01 1.257533e-01
#	 4.508635e-01 3.007928e-01 8.389608e-02
#	 1.257533e-01 8.389608e-02 2.340000e-02
# H0W = 
#	 0.000000e+00 -2.561925e-02 -2.338689e-01
#	 2.561925e-02 0.000000e+00 -1.512580e-01
#	 2.338689e-01 1.512580e-01 0.000000e+00
# H0H0W = 
#	 0.000000e+00 1.455753e-03 4.349363e-01
#	 1.455753e-03 0.000000e+00 2.727063e-01
#	 4.349363e-01 2.727063e-01 0.000000e+00
# WH0W = 
#	 8.192114e-02 2.903429e-02 -2.186251e-01
#	 2.903429e-02 2.278341e-03 -1.506226e-01
#	 -2.186251e-01 -1.506226e-01 -8.419948e-02
#################################################
##            CALCULATION COMPLETED            ##
#################################################
# Psi[0]^2 = 0.665593 + I0.000000
# Psi[1]^2 = 0.300059 + I0.000000
# Psi[2]^2 = 0.034348 + I0.000000
# phi0 = 2.244979 
# phi1 = 2.252751 
# phi2 = 2.507798 
# Psi = 
#	6.373474e-01+i(-5.092949e-01)
#	4.252619e-01+i(-3.452702e-01)
#	1.097544e-01+i(-1.493373e-01)
#ProbSurv b 1-|Psi|^2 calls E tol dh dh(prev) dh(last)
0.540871997156	1	-1.13909e-13	9001	2.34009e+06	0.0001	0.0001	0.0001	5e-05
