# a = 0.100000
# b = 1.000000
# E = 740.000000
# tol = 0.000100
# s12 = 0.554977
# s13 = 0.152971
# psi0 = 0.822075 + I0.000000	0.548446 + I0.000000	0.152971 + I0.000000
# dh = 0.000100
# out = data/E7.4e2.0_tol1e-4.log
# model = sun
# scan_steps = 100.000000
# H0 = 
#	 0.000000e+00 0.000000e+00 0.000000e+00
#	 0.000000e+00 1.796889e+02 0.000000e+00
#	 0.000000e+00 0.000000e+00 5.881027e+03
# W = 
#	 6.758072e-01 4.508635e-01 1.257533e-01
#	 4.508635e-01 3.007928e-01 8.389608e-02
#	 1.257533e-01 8.389608e-02 2.340000e-02
# H0W = 
#	 0.000000e+00 -8.101518e+01 -7.395585e+02
#	 8.101518e+01 0.000000e+00 -4.783199e+02
#	 7.395585e+02 4.783199e+02 0.000000e+00
# H0H0W = 
#	 0.000000e+00 1.455753e+04 4.349363e+06
#	 1.455753e+04 0.000000e+00 2.727063e+06
#	 4.349363e+06 2.727063e+06 0.000000e+00
# WH0W = 
#	 2.590574e+02 9.181449e+01 -6.913534e+02
#	 9.181449e+01 7.204746e+00 -4.763104e+02
#	 -6.913534e+02 -4.763104e+02 -2.662621e+02
#################################################
##            CALCULATION COMPLETED            ##
#################################################
# Psi[0]^2 = 0.000012 + I0.000000
# Psi[1]^2 = 0.002530 + I0.000000
# Psi[2]^2 = 0.997458 + I0.000000
# phi0 = 1.192007 
# phi1 = -1.874004 
# phi2 = 0.572987 
# Psi = 
#	3.227167e-03+i(1.284443e-03)
#	-4.800581e-02+i(-1.501882e-02)
#	5.414547e-01+i(8.392167e-01)
#ProbSurv b 1-|Psi|^2 calls E tol dh dh(prev) dh(last)
0.0241097087666	1	-1.14353e-13	9001	740	0.0001	0.0001	0.0001	5e-05
