# a = 0.100000
# b = 1.000000
# E = 7.500000
# tol = 0.000100
# s12 = 0.554977
# s13 = 0.152971
# psi0 = 0.822075 + I0.000000	0.548446 + I0.000000	0.152971 + I0.000000
# dh = 0.000100
# out = data/E7.5e0.0_tol1e-4.log
# model = sun
# scan_steps = 100.000000
# H0 = 
#	 0.000000e+00 0.000000e+00 0.000000e+00
#	 0.000000e+00 1.772930e+04 0.000000e+00
#	 0.000000e+00 0.000000e+00 5.802613e+05
# W = 
#	 6.758072e-01 4.508635e-01 1.257533e-01
#	 4.508635e-01 3.007928e-01 8.389608e-02
#	 1.257533e-01 8.389608e-02 2.340000e-02
# H0W = 
#	 0.000000e+00 -7.993497e+03 -7.296977e+04
#	 7.993497e+03 0.000000e+00 -4.719423e+04
#	 7.296977e+04 4.719423e+04 0.000000e+00
# H0H0W = 
#	 0.000000e+00 1.417191e+08 4.234154e+10
#	 1.417191e+08 0.000000e+00 2.654827e+10
#	 4.234154e+10 2.654827e+10 0.000000e+00
# WH0W = 
#	 2.556033e+04 9.059030e+03 -6.821354e+04
#	 9.059030e+03 7.108682e+02 -4.699596e+04
#	 -6.821354e+04 -4.699596e+04 -2.627120e+04
#################################################
##            CALCULATION COMPLETED            ##
#################################################
# Psi[0]^2 = 0.150902 + I0.000000
# Psi[1]^2 = 0.823744 + I0.000000
# Psi[2]^2 = 0.025354 + I0.000000
# phi0 = 1.782134 
# phi1 = -2.719027 
# phi2 = -0.950496 
# Psi = 
#	3.798183e-01+i(-8.148670e-02)
#	-3.722096e-01+i(-8.277707e-01)
#	-1.295648e-01+i(9.255629e-02)
#ProbSurv b 1-|Psi|^2 calls E tol dh dh(prev) dh(last)
0.350350290068	1	-9.08917e-12	26556	7.5	0.0001	0.0001	3.38925e-05	2.5944e-05
