# a = 0.100000
# b = 1.000000
# E = 0.750000
# tol = 0.000100
# s12 = 0.554977
# s13 = 0.152971
# psi0 = 0.822075 + I0.000000	0.548446 + I0.000000	0.152971 + I0.000000
# dh = 0.000100
# out = data/E7.5e-1.0_tol1e-4.log
# model = sun
# scan_steps = 100.000000
# H0 = 
#	 0.000000e+00 0.000000e+00 0.000000e+00
#	 0.000000e+00 1.772930e+05 0.000000e+00
#	 0.000000e+00 0.000000e+00 5.802613e+06
# W = 
#	 6.758072e-01 4.508635e-01 1.257533e-01
#	 4.508635e-01 3.007928e-01 8.389608e-02
#	 1.257533e-01 8.389608e-02 2.340000e-02
# H0W = 
#	 0.000000e+00 -7.993497e+04 -7.296977e+05
#	 7.993497e+04 0.000000e+00 -4.719423e+05
#	 7.296977e+05 4.719423e+05 0.000000e+00
# H0H0W = 
#	 0.000000e+00 1.417191e+10 4.234154e+12
#	 1.417191e+10 0.000000e+00 2.654827e+12
#	 4.234154e+12 2.654827e+12 0.000000e+00
# WH0W = 
#	 2.556033e+05 9.059030e+04 -6.821354e+05
#	 9.059030e+04 7.108682e+03 -4.699596e+05
#	 -6.821354e+05 -4.699596e+05 -2.627120e+05
#################################################
##            CALCULATION COMPLETED            ##
#################################################
# Psi[0]^2 = 0.619299 + I0.000000
# Psi[1]^2 = 0.357117 + I0.000000
# Psi[2]^2 = 0.023584 + I0.000000
# phi0 = 0.580794 
# phi1 = -1.709968 
# phi2 = -2.994505 
# Psi = 
#	4.317932e-01+i(6.579159e-01)
#	-5.918150e-01+i(-8.289991e-02)
#	-2.250692e-02+i(-1.519122e-01)
#ProbSurv b 1-|Psi|^2 calls E tol dh dh(prev) dh(last)
0.526496741358	1	8.21671e-11	536265	0.75	0.0001	0.0001	1.67828e-06	1.35708e-06
