# a = 0.100000
# b = 1.000000
# E = 237170.824513
# tol = 0.000100
# s12 = 0.554977
# s13 = 0.152971
# psi0 = 0.822075 + I0.000000	0.548446 + I0.000000	0.152971 + I0.000000
# dh = 0.000100
# out = data/E7.5e4.5_tol1e-4.log
# model = sun
# scan_steps = 100.000000
# H0 = 
#	 0.000000e+00 0.000000e+00 0.000000e+00
#	 0.000000e+00 5.606498e-01 0.000000e+00
#	 0.000000e+00 0.000000e+00 1.834947e+01
# W = 
#	 6.758072e-01 4.508635e-01 1.257533e-01
#	 4.508635e-01 3.007928e-01 8.389608e-02
#	 1.257533e-01 8.389608e-02 2.340000e-02
# H0W = 
#	 0.000000e+00 -2.527766e-01 -2.307507e+00
#	 2.527766e-01 0.000000e+00 -1.492413e+00
#	 2.307507e+00 1.492413e+00 0.000000e+00
# H0H0W = 
#	 0.000000e+00 1.417191e-01 4.234154e+01
#	 1.417191e-01 0.000000e+00 2.654827e+01
#	 4.234154e+01 2.654827e+01 0.000000e+00
# WH0W = 
#	 8.082886e-01 2.864717e-01 -2.157101e+00
#	 2.864717e-01 2.247963e-02 -1.486143e+00
#	 -2.157101e+00 -1.486143e+00 -8.307682e-01
#################################################
##            CALCULATION COMPLETED            ##
#################################################
# Psi[0]^2 = 0.508934 + I0.000000
# Psi[1]^2 = 0.257380 + I0.000000
# Psi[2]^2 = 0.233686 + I0.000000
# phi0 = 2.624665 
# phi1 = 2.703197 
# phi2 = -0.370133 
# Psi = 
#	3.525686e-01+i(-6.201853e-01)
#	2.153537e-01+i(-4.593501e-01)
#	-1.748687e-01+i(4.506737e-01)
#ProbSurv b 1-|Psi|^2 calls E tol dh dh(prev) dh(last)
0.426827786384	1	-9.81437e-14	9001	237171	0.0001	0.0001	0.0001	5e-05
