# a = 0.100000
# b = 1.000000
# E = 7500.000000
# tol = 0.000100
# s12 = 0.554977
# s13 = 0.152971
# psi0 = 0.822075 + I0.000000	0.548446 + I0.000000	0.152971 + I0.000000
# dh = 0.000100
# out = data/E7.5e3.0_tol1e-4.log
# model = sun
# scan_steps = 100.000000
# H0 = 
#	 0.000000e+00 0.000000e+00 0.000000e+00
#	 0.000000e+00 1.772930e+01 0.000000e+00
#	 0.000000e+00 0.000000e+00 5.802613e+02
# W = 
#	 6.758072e-01 4.508635e-01 1.257533e-01
#	 4.508635e-01 3.007928e-01 8.389608e-02
#	 1.257533e-01 8.389608e-02 2.340000e-02
# H0W = 
#	 0.000000e+00 -7.993497e+00 -7.296977e+01
#	 7.993497e+00 0.000000e+00 -4.719423e+01
#	 7.296977e+01 4.719423e+01 0.000000e+00
# H0H0W = 
#	 0.000000e+00 1.417191e+02 4.234154e+04
#	 1.417191e+02 0.000000e+00 2.654827e+04
#	 4.234154e+04 2.654827e+04 0.000000e+00
# WH0W = 
#	 2.556033e+01 9.059030e+00 -6.821354e+01
#	 9.059030e+00 7.108682e-01 -4.699596e+01
#	 -6.821354e+01 -4.699596e+01 -2.627120e+01
#################################################
##            CALCULATION COMPLETED            ##
#################################################
# Psi[0]^2 = 0.000015 + I0.000000
# Psi[1]^2 = 0.000446 + I0.000000
# Psi[2]^2 = 0.999540 + I0.000000
# phi0 = -1.856911 
# phi1 = 1.775000 
# phi2 = -3.029159 
# Psi = 
#	-3.656564e-03+i(-1.075709e-03)
#	2.067229e-02+i(-4.281025e-03)
#	-1.121714e-01+i(-9.934573e-01)
#ProbSurv b 1-|Psi|^2 calls E tol dh dh(prev) dh(last)
0.0235331038073	1	-8.28226e-14	9001	7500	0.0001	0.0001	0.0001	5e-05
