# a = 0.100000
# b = 1.000000
# E = 750000.000000
# tol = 0.000100
# s12 = 0.554977
# s13 = 0.152971
# psi0 = 0.822075 + I0.000000	0.548446 + I0.000000	0.152971 + I0.000000
# dh = 0.000100
# out = data/E7.5e5.0_tol1e-4.log
# model = sun
# scan_steps = 100.000000
# H0 = 
#	 0.000000e+00 0.000000e+00 0.000000e+00
#	 0.000000e+00 1.772930e-01 0.000000e+00
#	 0.000000e+00 0.000000e+00 5.802613e+00
# W = 
#	 6.758072e-01 4.508635e-01 1.257533e-01
#	 4.508635e-01 3.007928e-01 8.389608e-02
#	 1.257533e-01 8.389608e-02 2.340000e-02
# H0W = 
#	 0.000000e+00 -7.993497e-02 -7.296977e-01
#	 7.993497e-02 0.000000e+00 -4.719423e-01
#	 7.296977e-01 4.719423e-01 0.000000e+00
# H0H0W = 
#	 0.000000e+00 1.417191e-02 4.234154e+00
#	 1.417191e-02 0.000000e+00 2.654827e+00
#	 4.234154e+00 2.654827e+00 0.000000e+00
# WH0W = 
#	 2.556033e-01 9.059030e-02 -6.821354e-01
#	 9.059030e-02 7.108682e-03 -4.699596e-01
#	 -6.821354e-01 -4.699596e-01 -2.627120e-01
#################################################
##            CALCULATION COMPLETED            ##
#################################################
# Psi[0]^2 = 0.636657 + I0.000000
# Psi[1]^2 = 0.294980 + I0.000000
# Psi[2]^2 = 0.068363 + I0.000000
# phi0 = 2.344344 
# phi1 = 2.368588 
# phi2 = -3.067059 
# Psi = 
#	5.708526e-01+i(-5.574807e-01)
#	3.792552e-01+i(-3.887739e-01)
#	-1.946988e-02+i(-2.607371e-01)
#ProbSurv b 1-|Psi|^2 calls E tol dh dh(prev) dh(last)
0.520585131718	1	-1.09246e-13	9001	750000	0.0001	0.0001	0.0001	5e-05
