# a = 0.100000
# b = 1.000000
# E = 2371.708245
# tol = 0.000100
# s12 = 0.554977
# s13 = 0.152971
# psi0 = 0.822075 + I0.000000	0.548446 + I0.000000	0.152971 + I0.000000
# dh = 0.000100
# out = data/E7.5e2.5_tol1e-4.log
# model = sun
# scan_steps = 100.000000
# H0 = 
#	 0.000000e+00 0.000000e+00 0.000000e+00
#	 0.000000e+00 5.606498e+01 0.000000e+00
#	 0.000000e+00 0.000000e+00 1.834947e+03
# W = 
#	 6.758072e-01 4.508635e-01 1.257533e-01
#	 4.508635e-01 3.007928e-01 8.389608e-02
#	 1.257533e-01 8.389608e-02 2.340000e-02
# H0W = 
#	 0.000000e+00 -2.527766e+01 -2.307507e+02
#	 2.527766e+01 0.000000e+00 -1.492413e+02
#	 2.307507e+02 1.492413e+02 0.000000e+00
# H0H0W = 
#	 0.000000e+00 1.417191e+03 4.234154e+05
#	 1.417191e+03 0.000000e+00 2.654827e+05
#	 4.234154e+05 2.654827e+05 0.000000e+00
# WH0W = 
#	 8.082886e+01 2.864717e+01 -2.157101e+02
#	 2.864717e+01 2.247963e+00 -1.486143e+02
#	 -2.157101e+02 -1.486143e+02 -8.307682e+01
#################################################
##            CALCULATION COMPLETED            ##
#################################################
# Psi[0]^2 = 0.000002 + I0.000000
# Psi[1]^2 = 0.000168 + I0.000000
# Psi[2]^2 = 0.999831 + I0.000000
# phi0 = -0.024024 
# phi1 = -0.371446 
# phi2 = -1.506224 
# Psi = 
#	-3.065972e-05+i(1.275987e-03)
#	-4.697732e-03+i(1.206008e-02)
#	-9.978315e-01+i(6.452227e-02)
#ProbSurv b 1-|Psi|^2 calls E tol dh dh(prev) dh(last)
0.0234475300796	1	-6.35048e-14	9001	2371.71	0.0001	0.0001	0.0001	5e-05
