# a = 0.100000
# b = 1.000000
# E = 2371708.245126
# tol = 0.000100
# s12 = 0.554977
# s13 = 0.152971
# psi0 = 0.822075 + I0.000000	0.548446 + I0.000000	0.152971 + I0.000000
# dh = 0.000100
# out = data/E7.5e5.5_tol1e-4.log
# model = sun
# scan_steps = 100.000000
# H0 = 
#	 0.000000e+00 0.000000e+00 0.000000e+00
#	 0.000000e+00 5.606498e-02 0.000000e+00
#	 0.000000e+00 0.000000e+00 1.834947e+00
# W = 
#	 6.758072e-01 4.508635e-01 1.257533e-01
#	 4.508635e-01 3.007928e-01 8.389608e-02
#	 1.257533e-01 8.389608e-02 2.340000e-02
# H0W = 
#	 0.000000e+00 -2.527766e-02 -2.307507e-01
#	 2.527766e-02 0.000000e+00 -1.492413e-01
#	 2.307507e-01 1.492413e-01 0.000000e+00
# H0H0W = 
#	 0.000000e+00 1.417191e-03 4.234154e-01
#	 1.417191e-03 0.000000e+00 2.654827e-01
#	 4.234154e-01 2.654827e-01 0.000000e+00
# WH0W = 
#	 8.082886e-02 2.864717e-02 -2.157101e-01
#	 2.864717e-02 2.247963e-03 -1.486143e-01
#	 -2.157101e-01 -1.486143e-01 -8.307682e-02
#################################################
##            CALCULATION COMPLETED            ##
#################################################
# Psi[0]^2 = 0.665743 + I0.000000
# Psi[1]^2 = 0.300076 + I0.000000
# Psi[2]^2 = 0.034181 + I0.000000
# phi0 = 2.244356 
# phi1 = 2.252024 
# phi2 = 2.503565 
# Psi = 
#	6.377369e-01+i(-5.089547e-01)
#	4.255245e-01+i(-3.449702e-01)
#	1.101178e-01+i(-1.485102e-01)
#ProbSurv b 1-|Psi|^2 calls E tol dh dh(prev) dh(last)
0.540974453582	1	-8.88178e-14	9001	2.37171e+06	0.0001	0.0001	0.0001	5e-05
