# a = 0.100000
# b = 1.000000
# E = 75.000000
# tol = 0.000100
# s12 = 0.554977
# s13 = 0.152971
# psi0 = 0.822075 + I0.000000	0.548446 + I0.000000	0.152971 + I0.000000
# dh = 0.000100
# out = data/E7.5e1.0_tol1e-4.log
# model = sun
# scan_steps = 100.000000
# H0 = 
#	 0.000000e+00 0.000000e+00 0.000000e+00
#	 0.000000e+00 1.772930e+03 0.000000e+00
#	 0.000000e+00 0.000000e+00 5.802613e+04
# W = 
#	 6.758072e-01 4.508635e-01 1.257533e-01
#	 4.508635e-01 3.007928e-01 8.389608e-02
#	 1.257533e-01 8.389608e-02 2.340000e-02
# H0W = 
#	 0.000000e+00 -7.993497e+02 -7.296977e+03
#	 7.993497e+02 0.000000e+00 -4.719423e+03
#	 7.296977e+03 4.719423e+03 0.000000e+00
# H0H0W = 
#	 0.000000e+00 1.417191e+06 4.234154e+08
#	 1.417191e+06 0.000000e+00 2.654827e+08
#	 4.234154e+08 2.654827e+08 0.000000e+00
# WH0W = 
#	 2.556033e+03 9.059030e+02 -6.821354e+03
#	 9.059030e+02 7.108682e+01 -4.699596e+03
#	 -6.821354e+03 -4.699596e+03 -2.627120e+03
#################################################
##            CALCULATION COMPLETED            ##
#################################################
# Psi[0]^2 = 0.001377 + I0.000000
# Psi[1]^2 = 0.937368 + I0.000000
# Psi[2]^2 = 0.061255 + I0.000000
# phi0 = -3.005726 
# phi1 = -1.486468 
# phi2 = 0.953262 
# Psi = 
#	-5.026271e-03+i(-3.676632e-02)
#	-9.647374e-01+i(8.154784e-02)
#	2.017863e-01+i(1.433073e-01)
#ProbSurv b 1-|Psi|^2 calls E tol dh dh(prev) dh(last)
0.284317586833	1	-2.24709e-13	9001	75	0.0001	0.0001	0.0001	5e-05
