# a = 0.100000
# b = 1.000000
# E = 75000.000000
# tol = 0.000100
# s12 = 0.554977
# s13 = 0.152971
# psi0 = 0.822075 + I0.000000	0.548446 + I0.000000	0.152971 + I0.000000
# dh = 0.000100
# out = data/E7.5e4.0_tol1e-4.log
# model = sun
# scan_steps = 100.000000
# H0 = 
#	 0.000000e+00 0.000000e+00 0.000000e+00
#	 0.000000e+00 1.772930e+00 0.000000e+00
#	 0.000000e+00 0.000000e+00 5.802613e+01
# W = 
#	 6.758072e-01 4.508635e-01 1.257533e-01
#	 4.508635e-01 3.007928e-01 8.389608e-02
#	 1.257533e-01 8.389608e-02 2.340000e-02
# H0W = 
#	 0.000000e+00 -7.993497e-01 -7.296977e+00
#	 7.993497e-01 0.000000e+00 -4.719423e+00
#	 7.296977e+00 4.719423e+00 0.000000e+00
# H0H0W = 
#	 0.000000e+00 1.417191e+00 4.234154e+02
#	 1.417191e+00 0.000000e+00 2.654827e+02
#	 4.234154e+02 2.654827e+02 0.000000e+00
# WH0W = 
#	 2.556033e+00 9.059030e-01 -6.821354e+00
#	 9.059030e-01 7.108682e-02 -4.699596e+00
#	 -6.821354e+00 -4.699596e+00 -2.627120e+00
#################################################
##            CALCULATION COMPLETED            ##
#################################################
# Psi[0]^2 = 0.268321 + I0.000000
# Psi[1]^2 = 0.177811 + I0.000000
# Psi[2]^2 = 0.553868 + I0.000000
# phi0 = -2.891848 
# phi1 = -2.642620 
# phi2 = -0.564751 
# Psi = 
#	-1.280263e-01+i(-5.019262e-01)
#	-2.017824e-01+i(-3.702634e-01)
#	-3.983125e-01+i(6.286616e-01)
#ProbSurv b 1-|Psi|^2 calls E tol dh dh(prev) dh(last)
0.247777817578	1	-7.72715e-14	9001	75000	0.0001	0.0001	0.0001	5e-05
