# a = 0.100000
# b = 1.000000
# E = 237.170825
# tol = 0.000100
# s12 = 0.554977
# s13 = 0.152971
# psi0 = 0.822075 + I0.000000	0.548446 + I0.000000	0.152971 + I0.000000
# dh = 0.000100
# out = data/E7.5e1.5_tol1e-4.log
# model = sun
# scan_steps = 100.000000
# H0 = 
#	 0.000000e+00 0.000000e+00 0.000000e+00
#	 0.000000e+00 5.606498e+02 0.000000e+00
#	 0.000000e+00 0.000000e+00 1.834947e+04
# W = 
#	 6.758072e-01 4.508635e-01 1.257533e-01
#	 4.508635e-01 3.007928e-01 8.389608e-02
#	 1.257533e-01 8.389608e-02 2.340000e-02
# H0W = 
#	 0.000000e+00 -2.527766e+02 -2.307507e+03
#	 2.527766e+02 0.000000e+00 -1.492413e+03
#	 2.307507e+03 1.492413e+03 0.000000e+00
# H0H0W = 
#	 0.000000e+00 1.417191e+05 4.234154e+07
#	 1.417191e+05 0.000000e+00 2.654827e+07
#	 4.234154e+07 2.654827e+07 0.000000e+00
# WH0W = 
#	 8.082886e+02 2.864717e+02 -2.157101e+03
#	 2.864717e+02 2.247963e+01 -1.486143e+03
#	 -2.157101e+03 -1.486143e+03 -8.307682e+02
#################################################
##            CALCULATION COMPLETED            ##
#################################################
# Psi[0]^2 = 0.000142 + I0.000000
# Psi[1]^2 = 0.141022 + I0.000000
# Psi[2]^2 = 0.858836 + I0.000000
# phi0 = -2.011836 
# phi1 = -1.326078 
# phi2 = 0.391095 
# Psi = 
#	-1.076670e-02+i(-5.082429e-03)
#	-3.643408e-01+i(9.098446e-02)
#	3.532721e-01+i(8.567582e-01)
#ProbSurv b 1-|Psi|^2 calls E tol dh dh(prev) dh(last)
0.0626110828412	1	-2.53797e-13	9001	237.171	0.0001	0.0001	0.0001	5e-05
