# a = 0.100000
# b = 1.000000
# E = 2.371708
# tol = 0.000100
# s12 = 0.554977
# s13 = 0.152971
# psi0 = 0.822075 + I0.000000	0.548446 + I0.000000	0.152971 + I0.000000
# dh = 0.000100
# out = data/E7.5e-0.5_tol1e-4.log
# model = sun
# scan_steps = 100.000000
# H0 = 
#	 0.000000e+00 0.000000e+00 0.000000e+00
#	 0.000000e+00 5.606498e+04 0.000000e+00
#	 0.000000e+00 0.000000e+00 1.834947e+06
# W = 
#	 6.758072e-01 4.508635e-01 1.257533e-01
#	 4.508635e-01 3.007928e-01 8.389608e-02
#	 1.257533e-01 8.389608e-02 2.340000e-02
# H0W = 
#	 0.000000e+00 -2.527766e+04 -2.307507e+05
#	 2.527766e+04 0.000000e+00 -1.492413e+05
#	 2.307507e+05 1.492413e+05 0.000000e+00
# H0H0W = 
#	 0.000000e+00 1.417191e+09 4.234154e+11
#	 1.417191e+09 0.000000e+00 2.654827e+11
#	 4.234154e+11 2.654827e+11 0.000000e+00
# WH0W = 
#	 8.082886e+04 2.864717e+04 -2.157101e+05
#	 2.864717e+04 2.247963e+03 -1.486143e+05
#	 -2.157101e+05 -1.486143e+05 -8.307682e+04
#################################################
##            CALCULATION COMPLETED            ##
#################################################
# Psi[0]^2 = 0.479396 + I0.000000
# Psi[1]^2 = 0.496615 + I0.000000
# Psi[2]^2 = 0.023989 + I0.000000
# phi0 = -0.019022 
# phi1 = 0.927939 
# phi2 = 1.785748 
# Psi = 
#	-1.316960e-02+i(6.922589e-01)
#	5.640396e-01+i(4.224627e-01)
#	1.513187e-01+i(-3.303656e-02)
#ProbSurv b 1-|Psi|^2 calls E tol dh dh(prev) dh(last)
 0.47391882664	1	-9.24816e-13	137216	2.37171	0.0001	0.0001	6.55909e-06	4.09173e-06
