# a = 0.100000
# b = 1.000000
# E = 23717.082451
# tol = 0.000100
# s12 = 0.554977
# s13 = 0.152971
# psi0 = 0.822075 + I0.000000	0.548446 + I0.000000	0.152971 + I0.000000
# dh = 0.000100
# out = data/E7.5e3.5_tol1e-4.log
# model = sun
# scan_steps = 100.000000
# H0 = 
#	 0.000000e+00 0.000000e+00 0.000000e+00
#	 0.000000e+00 5.606498e+00 0.000000e+00
#	 0.000000e+00 0.000000e+00 1.834947e+02
# W = 
#	 6.758072e-01 4.508635e-01 1.257533e-01
#	 4.508635e-01 3.007928e-01 8.389608e-02
#	 1.257533e-01 8.389608e-02 2.340000e-02
# H0W = 
#	 0.000000e+00 -2.527766e+00 -2.307507e+01
#	 2.527766e+00 0.000000e+00 -1.492413e+01
#	 2.307507e+01 1.492413e+01 0.000000e+00
# H0H0W = 
#	 0.000000e+00 1.417191e+01 4.234154e+03
#	 1.417191e+01 0.000000e+00 2.654827e+03
#	 4.234154e+03 2.654827e+03 0.000000e+00
# WH0W = 
#	 8.082886e+00 2.864717e+00 -2.157101e+01
#	 2.864717e+00 2.247963e-01 -1.486143e+01
#	 -2.157101e+01 -1.486143e+01 -8.307682e+00
#################################################
##            CALCULATION COMPLETED            ##
#################################################
# Psi[0]^2 = 0.031197 + I0.000000
# Psi[1]^2 = 0.048308 + I0.000000
# Psi[2]^2 = 0.920495 + I0.000000
# phi0 = -0.782695 
# phi1 = 0.036174 
# phi2 = 1.768180 
# Psi = 
#	-1.245567e-01+i(1.252320e-01)
#	7.949007e-03+i(2.196464e-01)
#	9.407951e-01+i(-1.881473e-01)
#ProbSurv b 1-|Psi|^2 calls E tol dh dh(prev) dh(last)
0.0571536417836	1	-9.41469e-14	9001	23717.1	0.0001	0.0001	0.0001	5e-05
