# a = 0.100000
# b = 1.000000
# E = 23.717082
# tol = 0.000100
# s12 = 0.554977
# s13 = 0.152971
# psi0 = 0.822075 + I0.000000	0.548446 + I0.000000	0.152971 + I0.000000
# dh = 0.000100
# out = data/E7.5e0.5_tol1e-4.log
# model = sun
# scan_steps = 100.000000
# H0 = 
#	 0.000000e+00 0.000000e+00 0.000000e+00
#	 0.000000e+00 5.606498e+03 0.000000e+00
#	 0.000000e+00 0.000000e+00 1.834947e+05
# W = 
#	 6.758072e-01 4.508635e-01 1.257533e-01
#	 4.508635e-01 3.007928e-01 8.389608e-02
#	 1.257533e-01 8.389608e-02 2.340000e-02
# H0W = 
#	 0.000000e+00 -2.527766e+03 -2.307507e+04
#	 2.527766e+03 0.000000e+00 -1.492413e+04
#	 2.307507e+04 1.492413e+04 0.000000e+00
# H0H0W = 
#	 0.000000e+00 1.417191e+07 4.234154e+09
#	 1.417191e+07 0.000000e+00 2.654827e+09
#	 4.234154e+09 2.654827e+09 0.000000e+00
# WH0W = 
#	 8.082886e+03 2.864717e+03 -2.157101e+04
#	 2.864717e+03 2.247963e+02 -1.486143e+04
#	 -2.157101e+04 -1.486143e+04 -8.307682e+03
#################################################
##            CALCULATION COMPLETED            ##
#################################################
# Psi[0]^2 = 0.015174 + I0.000000
# Psi[1]^2 = 0.954408 + I0.000000
# Psi[2]^2 = 0.030418 + I0.000000
# phi0 = 0.412378 
# phi1 = -0.390513 
# phi2 = -2.486311 
# Psi = 
#	4.937032e-02+i(1.128563e-01)
#	-3.718844e-01+i(9.033879e-01)
#	-1.062814e-01+i(-1.382842e-01)
#ProbSurv b 1-|Psi|^2 calls E tol dh dh(prev) dh(last)
0.298045456158	1	-4.22884e-12	9001	23.7171	0.0001	0.0001	0.0001	5e-05
