# a = 0.100000
# b = 1.000000
# E = 2403331.021728
# tol = 0.000100
# s12 = 0.554977
# s13 = 0.152971
# psi0 = 0.822075 + I0.000000	0.548446 + I0.000000	0.152971 + I0.000000
# dh = 0.000100
# out = data/E7.6e5.5_tol1e-4.log
# model = sun
# scan_steps = 100.000000
# H0 = 
#	 0.000000e+00 0.000000e+00 0.000000e+00
#	 0.000000e+00 5.532729e-02 0.000000e+00
#	 0.000000e+00 0.000000e+00 1.810803e+00
# W = 
#	 6.758072e-01 4.508635e-01 1.257533e-01
#	 4.508635e-01 3.007928e-01 8.389608e-02
#	 1.257533e-01 8.389608e-02 2.340000e-02
# H0W = 
#	 0.000000e+00 -2.494506e-02 -2.277145e-01
#	 2.494506e-02 0.000000e+00 -1.472776e-01
#	 2.277145e-01 1.472776e-01 0.000000e+00
# H0H0W = 
#	 0.000000e+00 1.380142e-03 4.123461e-01
#	 1.380142e-03 0.000000e+00 2.585422e-01
#	 4.123461e-01 2.585422e-01 0.000000e+00
# WH0W = 
#	 7.976532e-02 2.827023e-02 -2.128719e-01
#	 2.827023e-02 2.218384e-03 -1.466588e-01
#	 -2.128719e-01 -1.466588e-01 -8.198370e-02
#################################################
##            CALCULATION COMPLETED            ##
#################################################
# Psi[0]^2 = 0.665889 + I0.000000
# Psi[1]^2 = 0.300091 + I0.000000
# Psi[2]^2 = 0.034020 + I0.000000
# phi0 = 2.243748 
# phi1 = 2.251316 
# phi2 = 2.499446 
# Psi = 
#	6.381157e-01+i(-5.086230e-01)
#	4.257799e-01+i(-3.446779e-01)
#	1.104667e-01+i(-1.477052e-01)
#ProbSurv b 1-|Psi|^2 calls E tol dh dh(prev) dh(last)
0.541073920948	1	-1.00808e-13	9001	2.40333e+06	0.0001	0.0001	0.0001	5e-05
