# a = 0.100000
# b = 1.000000
# E = 7600.000000
# tol = 0.000100
# s12 = 0.554977
# s13 = 0.152971
# psi0 = 0.822075 + I0.000000	0.548446 + I0.000000	0.152971 + I0.000000
# dh = 0.000100
# out = data/E7.6e3.0_tol1e-4.log
# model = sun
# scan_steps = 100.000000
# H0 = 
#	 0.000000e+00 0.000000e+00 0.000000e+00
#	 0.000000e+00 1.749602e+01 0.000000e+00
#	 0.000000e+00 0.000000e+00 5.726263e+02
# W = 
#	 6.758072e-01 4.508635e-01 1.257533e-01
#	 4.508635e-01 3.007928e-01 8.389608e-02
#	 1.257533e-01 8.389608e-02 2.340000e-02
# H0W = 
#	 0.000000e+00 -7.888320e+00 -7.200964e+01
#	 7.888320e+00 0.000000e+00 -4.657325e+01
#	 7.200964e+01 4.657325e+01 0.000000e+00
# H0H0W = 
#	 0.000000e+00 1.380142e+02 4.123461e+04
#	 1.380142e+02 0.000000e+00 2.585422e+04
#	 4.123461e+04 2.585422e+04 0.000000e+00
# WH0W = 
#	 2.522401e+01 8.939832e+00 -6.731599e+01
#	 8.939832e+00 7.015147e-01 -4.637759e+01
#	 -6.731599e+01 -4.637759e+01 -2.592552e+01
#################################################
##            CALCULATION COMPLETED            ##
#################################################
# Psi[0]^2 = 0.000013 + I0.000000
# Psi[1]^2 = 0.000323 + I0.000000
# Psi[2]^2 = 0.999664 + I0.000000
# phi0 = -2.030832 
# phi1 = 1.293585 
# phi2 = -1.089203 
# Psi = 
#	-3.196707e-03+i(-1.583946e-03)
#	1.729448e-02+i(4.920922e-03)
#	-8.861093e-01+i(4.631136e-01)
#ProbSurv b 1-|Psi|^2 calls E tol dh dh(prev) dh(last)
0.0234979888652	1	-1.01696e-13	9001	7600	0.0001	0.0001	0.0001	5e-05
