# a = 0.100000
# b = 1.000000
# E = 76000.000000
# tol = 0.000100
# s12 = 0.554977
# s13 = 0.152971
# psi0 = 0.822075 + I0.000000	0.548446 + I0.000000	0.152971 + I0.000000
# dh = 0.000100
# out = data/E7.6e4.0_tol1e-4.log
# model = sun
# scan_steps = 100.000000
# H0 = 
#	 0.000000e+00 0.000000e+00 0.000000e+00
#	 0.000000e+00 1.749602e+00 0.000000e+00
#	 0.000000e+00 0.000000e+00 5.726263e+01
# W = 
#	 6.758072e-01 4.508635e-01 1.257533e-01
#	 4.508635e-01 3.007928e-01 8.389608e-02
#	 1.257533e-01 8.389608e-02 2.340000e-02
# H0W = 
#	 0.000000e+00 -7.888320e-01 -7.200964e+00
#	 7.888320e-01 0.000000e+00 -4.657325e+00
#	 7.200964e+00 4.657325e+00 0.000000e+00
# H0H0W = 
#	 0.000000e+00 1.380142e+00 4.123461e+02
#	 1.380142e+00 0.000000e+00 2.585422e+02
#	 4.123461e+02 2.585422e+02 0.000000e+00
# WH0W = 
#	 2.522401e+00 8.939832e-01 -6.731599e+00
#	 8.939832e-01 7.015147e-02 -4.637759e+00
#	 -6.731599e+00 -4.637759e+00 -2.592552e+00
#################################################
##            CALCULATION COMPLETED            ##
#################################################
# Psi[0]^2 = 0.272423 + I0.000000
# Psi[1]^2 = 0.179563 + I0.000000
# Psi[2]^2 = 0.548014 + I0.000000
# phi0 = -2.905034 
# phi1 = -2.659508 
# phi2 = -0.835246 
# Psi = 
#	-1.223216e-01+i(-5.074055e-01)
#	-1.964613e-01+i(-3.754540e-01)
#	-5.488893e-01+i(4.967241e-01)
#ProbSurv b 1-|Psi|^2 calls E tol dh dh(prev) dh(last)
0.250940105755	1	-1.07914e-13	9001	76000	0.0001	0.0001	0.0001	5e-05
