# a = 0.100000
# b = 1.000000
# E = 240333.102173
# tol = 0.000100
# s12 = 0.554977
# s13 = 0.152971
# psi0 = 0.822075 + I0.000000	0.548446 + I0.000000	0.152971 + I0.000000
# dh = 0.000100
# out = data/E7.6e4.5_tol1e-4.log
# model = sun
# scan_steps = 100.000000
# H0 = 
#	 0.000000e+00 0.000000e+00 0.000000e+00
#	 0.000000e+00 5.532729e-01 0.000000e+00
#	 0.000000e+00 0.000000e+00 1.810803e+01
# W = 
#	 6.758072e-01 4.508635e-01 1.257533e-01
#	 4.508635e-01 3.007928e-01 8.389608e-02
#	 1.257533e-01 8.389608e-02 2.340000e-02
# H0W = 
#	 0.000000e+00 -2.494506e-01 -2.277145e+00
#	 2.494506e-01 0.000000e+00 -1.472776e+00
#	 2.277145e+00 1.472776e+00 0.000000e+00
# H0H0W = 
#	 0.000000e+00 1.380142e-01 4.123461e+01
#	 1.380142e-01 0.000000e+00 2.585422e+01
#	 4.123461e+01 2.585422e+01 0.000000e+00
# WH0W = 
#	 7.976532e-01 2.827023e-01 -2.128719e+00
#	 2.827023e-01 2.218384e-02 -1.466588e+00
#	 -2.128719e+00 -1.466588e+00 -8.198370e-01
#################################################
##            CALCULATION COMPLETED            ##
#################################################
# Psi[0]^2 = 0.511093 + I0.000000
# Psi[1]^2 = 0.258056 + I0.000000
# Psi[2]^2 = 0.230851 + I0.000000
# phi0 = 2.620032 
# phi1 = 2.697494 
# phi2 = -0.428755 
# Psi = 
#	3.561911e-01+i(-6.198558e-01)
#	2.182560e-01+i(-4.587161e-01)
#	-1.997498e-01+i(4.369790e-01)
#ProbSurv b 1-|Psi|^2 calls E tol dh dh(prev) dh(last)
0.428423849298	1	-9.52571e-14	9001	240333	0.0001	0.0001	0.0001	5e-05
