# a = 0.100000
# b = 1.000000
# E = 760.000000
# tol = 0.000100
# s12 = 0.554977
# s13 = 0.152971
# psi0 = 0.822075 + I0.000000	0.548446 + I0.000000	0.152971 + I0.000000
# dh = 0.000100
# out = data/E7.6e2.0_tol1e-4.log
# model = sun
# scan_steps = 100.000000
# H0 = 
#	 0.000000e+00 0.000000e+00 0.000000e+00
#	 0.000000e+00 1.749602e+02 0.000000e+00
#	 0.000000e+00 0.000000e+00 5.726263e+03
# W = 
#	 6.758072e-01 4.508635e-01 1.257533e-01
#	 4.508635e-01 3.007928e-01 8.389608e-02
#	 1.257533e-01 8.389608e-02 2.340000e-02
# H0W = 
#	 0.000000e+00 -7.888320e+01 -7.200964e+02
#	 7.888320e+01 0.000000e+00 -4.657325e+02
#	 7.200964e+02 4.657325e+02 0.000000e+00
# H0H0W = 
#	 0.000000e+00 1.380142e+04 4.123461e+06
#	 1.380142e+04 0.000000e+00 2.585422e+06
#	 4.123461e+06 2.585422e+06 0.000000e+00
# WH0W = 
#	 2.522401e+02 8.939832e+01 -6.731599e+02
#	 8.939832e+01 7.015147e+00 -4.637759e+02
#	 -6.731599e+02 -4.637759e+02 -2.592552e+02
#################################################
##            CALCULATION COMPLETED            ##
#################################################
# Psi[0]^2 = 0.000013 + I0.000000
# Psi[1]^2 = 0.002359 + I0.000000
# Psi[2]^2 = 0.997628 + I0.000000
# phi0 = -0.088842 
# phi1 = 1.731815 
# phi2 = -0.721527 
# Psi = 
#	-3.151110e-04+i(3.537541e-03)
#	4.794081e-02+i(-7.786791e-03)
#	-6.597483e-01+i(7.499070e-01)
#ProbSurv b 1-|Psi|^2 calls E tol dh dh(prev) dh(last)
0.0240625863072	1	-1.39e-13	9001	760	0.0001	0.0001	0.0001	5e-05
