# a = 0.100000
# b = 1.000000
# E = 2403.331022
# tol = 0.000100
# s12 = 0.554977
# s13 = 0.152971
# psi0 = 0.822075 + I0.000000	0.548446 + I0.000000	0.152971 + I0.000000
# dh = 0.000100
# out = data/E7.6e2.5_tol1e-4.log
# model = sun
# scan_steps = 100.000000
# H0 = 
#	 0.000000e+00 0.000000e+00 0.000000e+00
#	 0.000000e+00 5.532729e+01 0.000000e+00
#	 0.000000e+00 0.000000e+00 1.810803e+03
# W = 
#	 6.758072e-01 4.508635e-01 1.257533e-01
#	 4.508635e-01 3.007928e-01 8.389608e-02
#	 1.257533e-01 8.389608e-02 2.340000e-02
# H0W = 
#	 0.000000e+00 -2.494506e+01 -2.277145e+02
#	 2.494506e+01 0.000000e+00 -1.472776e+02
#	 2.277145e+02 1.472776e+02 0.000000e+00
# H0H0W = 
#	 0.000000e+00 1.380142e+03 4.123461e+05
#	 1.380142e+03 0.000000e+00 2.585422e+05
#	 4.123461e+05 2.585422e+05 0.000000e+00
# WH0W = 
#	 7.976532e+01 2.827023e+01 -2.128719e+02
#	 2.827023e+01 2.218384e+00 -1.466588e+02
#	 -2.128719e+02 -1.466588e+02 -8.198370e+01
#################################################
##            CALCULATION COMPLETED            ##
#################################################
# Psi[0]^2 = 0.000002 + I0.000000
# Psi[1]^2 = 0.000163 + I0.000000
# Psi[2]^2 = 0.999835 + I0.000000
# phi0 = -0.047116 
# phi1 = 0.078319 
# phi2 = 1.060577 
# Psi = 
#	-6.046065e-05+i(1.282272e-03)
#	9.996510e-04+i(1.273766e-02)
#	8.725656e-01+i(4.883282e-01)
#ProbSurv b 1-|Psi|^2 calls E tol dh dh(prev) dh(last)
0.0234463586769	1	-7.4829e-14	9001	2403.33	0.0001	0.0001	0.0001	5e-05
