# a = 0.100000
# b = 1.000000
# E = 24033.310217
# tol = 0.000100
# s12 = 0.554977
# s13 = 0.152971
# psi0 = 0.822075 + I0.000000	0.548446 + I0.000000	0.152971 + I0.000000
# dh = 0.000100
# out = data/E7.6e3.5_tol1e-4.log
# model = sun
# scan_steps = 100.000000
# H0 = 
#	 0.000000e+00 0.000000e+00 0.000000e+00
#	 0.000000e+00 5.532729e+00 0.000000e+00
#	 0.000000e+00 0.000000e+00 1.810803e+02
# W = 
#	 6.758072e-01 4.508635e-01 1.257533e-01
#	 4.508635e-01 3.007928e-01 8.389608e-02
#	 1.257533e-01 8.389608e-02 2.340000e-02
# H0W = 
#	 0.000000e+00 -2.494506e+00 -2.277145e+01
#	 2.494506e+00 0.000000e+00 -1.472776e+01
#	 2.277145e+01 1.472776e+01 0.000000e+00
# H0H0W = 
#	 0.000000e+00 1.380142e+01 4.123461e+03
#	 1.380142e+01 0.000000e+00 2.585422e+03
#	 4.123461e+03 2.585422e+03 0.000000e+00
# WH0W = 
#	 7.976532e+00 2.827023e+00 -2.128719e+01
#	 2.827023e+00 2.218384e-01 -1.466588e+01
#	 -2.128719e+01 -1.466588e+01 -8.198370e+00
#################################################
##            CALCULATION COMPLETED            ##
#################################################
# Psi[0]^2 = 0.032775 + I0.000000
# Psi[1]^2 = 0.049638 + I0.000000
# Psi[2]^2 = 0.917586 + I0.000000
# phi0 = -0.820922 
# phi1 = -0.017508 
# phi2 = 0.652219 
# Psi = 
#	-1.324801e-01+i(1.233870e-01)
#	-3.900507e-03+i(2.227622e-01)
#	5.814032e-01+i(7.612863e-01)
#ProbSurv b 1-|Psi|^2 calls E tol dh dh(prev) dh(last)
0.0585521276363	1	-9.65894e-14	9001	24033.3	0.0001	0.0001	0.0001	5e-05
