# a = 0.100000
# b = 1.000000
# E = 2.403331
# tol = 0.000100
# s12 = 0.554977
# s13 = 0.152971
# psi0 = 0.822075 + I0.000000	0.548446 + I0.000000	0.152971 + I0.000000
# dh = 0.000100
# out = data/E7.6e-0.5_tol1e-4.log
# model = sun
# scan_steps = 100.000000
# H0 = 
#	 0.000000e+00 0.000000e+00 0.000000e+00
#	 0.000000e+00 5.532729e+04 0.000000e+00
#	 0.000000e+00 0.000000e+00 1.810803e+06
# W = 
#	 6.758072e-01 4.508635e-01 1.257533e-01
#	 4.508635e-01 3.007928e-01 8.389608e-02
#	 1.257533e-01 8.389608e-02 2.340000e-02
# H0W = 
#	 0.000000e+00 -2.494506e+04 -2.277145e+05
#	 2.494506e+04 0.000000e+00 -1.472776e+05
#	 2.277145e+05 1.472776e+05 0.000000e+00
# H0H0W = 
#	 0.000000e+00 1.380142e+09 4.123461e+11
#	 1.380142e+09 0.000000e+00 2.585422e+11
#	 4.123461e+11 2.585422e+11 0.000000e+00
# WH0W = 
#	 7.976532e+04 2.827023e+04 -2.128719e+05
#	 2.827023e+04 2.218384e+03 -1.466588e+05
#	 -2.128719e+05 -1.466588e+05 -8.198370e+04
#################################################
##            CALCULATION COMPLETED            ##
#################################################
# Psi[0]^2 = 0.476578 + I0.000000
# Psi[1]^2 = 0.499425 + I0.000000
# Psi[2]^2 = 0.023997 + I0.000000
# phi0 = -1.437536 
# phi1 = -1.850841 
# phi2 = -0.596063 
# Psi = 
#	-6.842259e-01+i(9.172389e-02)
#	-6.791691e-01+i(-1.953310e-01)
#	-8.696411e-02+i(1.281951e-01)
#ProbSurv b 1-|Psi|^2 calls E tol dh dh(prev) dh(last)
0.472860013668	1	-4.91829e-12	132875	2.40333	0.0001	0.0001	6.77334e-06	6.2604e-06
