# a = 0.100000
# b = 1.000000
# E = 7.600000
# tol = 0.000100
# s12 = 0.554977
# s13 = 0.152971
# psi0 = 0.822075 + I0.000000	0.548446 + I0.000000	0.152971 + I0.000000
# dh = 0.000100
# out = data/E7.6e0.0_tol1e-4.log
# model = sun
# scan_steps = 100.000000
# H0 = 
#	 0.000000e+00 0.000000e+00 0.000000e+00
#	 0.000000e+00 1.749602e+04 0.000000e+00
#	 0.000000e+00 0.000000e+00 5.726263e+05
# W = 
#	 6.758072e-01 4.508635e-01 1.257533e-01
#	 4.508635e-01 3.007928e-01 8.389608e-02
#	 1.257533e-01 8.389608e-02 2.340000e-02
# H0W = 
#	 0.000000e+00 -7.888320e+03 -7.200964e+04
#	 7.888320e+03 0.000000e+00 -4.657325e+04
#	 7.200964e+04 4.657325e+04 0.000000e+00
# H0H0W = 
#	 0.000000e+00 1.380142e+08 4.123461e+10
#	 1.380142e+08 0.000000e+00 2.585422e+10
#	 4.123461e+10 2.585422e+10 0.000000e+00
# WH0W = 
#	 2.522401e+04 8.939832e+03 -6.731599e+04
#	 8.939832e+03 7.015147e+02 -4.637759e+04
#	 -6.731599e+04 -4.637759e+04 -2.592552e+04
#################################################
##            CALCULATION COMPLETED            ##
#################################################
# Psi[0]^2 = 0.147594 + I0.000000
# Psi[1]^2 = 0.827117 + I0.000000
# Psi[2]^2 = 0.025288 + I0.000000
# phi0 = -2.369850 
# phi1 = -1.188269 
# phi2 = 1.350989 
# Psi = 
#	-2.679215e-01+i(-2.753404e-01)
#	-8.437279e-01+i(3.394711e-01)
#	1.551973e-01+i(3.467367e-02)
#ProbSurv b 1-|Psi|^2 calls E tol dh dh(prev) dh(last)
0.349127923187	1	-1.04365e-11	26231	7.6	0.0001	0.0001	3.43128e-05	2.15969e-05
