# a = 0.100000
# b = 1.000000
# E = 240.333102
# tol = 0.000100
# s12 = 0.554977
# s13 = 0.152971
# psi0 = 0.822075 + I0.000000	0.548446 + I0.000000	0.152971 + I0.000000
# dh = 0.000100
# out = data/E7.6e1.5_tol1e-4.log
# model = sun
# scan_steps = 100.000000
# H0 = 
#	 0.000000e+00 0.000000e+00 0.000000e+00
#	 0.000000e+00 5.532729e+02 0.000000e+00
#	 0.000000e+00 0.000000e+00 1.810803e+04
# W = 
#	 6.758072e-01 4.508635e-01 1.257533e-01
#	 4.508635e-01 3.007928e-01 8.389608e-02
#	 1.257533e-01 8.389608e-02 2.340000e-02
# H0W = 
#	 0.000000e+00 -2.494506e+02 -2.277145e+03
#	 2.494506e+02 0.000000e+00 -1.472776e+03
#	 2.277145e+03 1.472776e+03 0.000000e+00
# H0H0W = 
#	 0.000000e+00 1.380142e+05 4.123461e+07
#	 1.380142e+05 0.000000e+00 2.585422e+07
#	 4.123461e+07 2.585422e+07 0.000000e+00
# WH0W = 
#	 7.976532e+02 2.827023e+02 -2.128719e+03
#	 2.827023e+02 2.218384e+01 -1.466588e+03
#	 -2.128719e+03 -1.466588e+03 -8.198370e+02
#################################################
##            CALCULATION COMPLETED            ##
#################################################
# Psi[0]^2 = 0.000124 + I0.000000
# Psi[1]^2 = 0.132013 + I0.000000
# Psi[2]^2 = 0.867863 + I0.000000
# phi0 = 2.656376 
# phi1 = 0.701839 
# phi2 = 2.165553 
# Psi = 
#	5.199798e-03+i(-9.861940e-03)
#	2.345777e-01+i(2.774632e-01)
#	7.716234e-01+i(-5.219775e-01)
#ProbSurv b 1-|Psi|^2 calls E tol dh dh(prev) dh(last)
0.0601004105793	1	-2.34035e-13	9001	240.333	0.0001	0.0001	0.0001	5e-05
