# a = 0.100000
# b = 1.000000
# E = 0.760000
# tol = 0.000100
# s12 = 0.554977
# s13 = 0.152971
# psi0 = 0.822075 + I0.000000	0.548446 + I0.000000	0.152971 + I0.000000
# dh = 0.000100
# out = data/E7.6e-1.0_tol1e-4.log
# model = sun
# scan_steps = 100.000000
# H0 = 
#	 0.000000e+00 0.000000e+00 0.000000e+00
#	 0.000000e+00 1.749602e+05 0.000000e+00
#	 0.000000e+00 0.000000e+00 5.726263e+06
# W = 
#	 6.758072e-01 4.508635e-01 1.257533e-01
#	 4.508635e-01 3.007928e-01 8.389608e-02
#	 1.257533e-01 8.389608e-02 2.340000e-02
# H0W = 
#	 0.000000e+00 -7.888320e+04 -7.200964e+05
#	 7.888320e+04 0.000000e+00 -4.657325e+05
#	 7.200964e+05 4.657325e+05 0.000000e+00
# H0H0W = 
#	 0.000000e+00 1.380142e+10 4.123461e+12
#	 1.380142e+10 0.000000e+00 2.585422e+12
#	 4.123461e+12 2.585422e+12 0.000000e+00
# WH0W = 
#	 2.522401e+05 8.939832e+04 -6.731599e+05
#	 8.939832e+04 7.015147e+03 -4.637759e+05
#	 -6.731599e+05 -4.637759e+05 -2.592552e+05
#################################################
##            CALCULATION COMPLETED            ##
#################################################
# Psi[0]^2 = 0.618498 + I0.000000
# Psi[1]^2 = 0.357915 + I0.000000
# Psi[2]^2 = 0.023586 + I0.000000
# phi0 = 0.172585 
# phi1 = -2.242135 
# phi2 = 1.046668 
# Psi = 
#	1.350562e-01+i(7.747634e-01)
#	-4.684316e-01+i(-3.721385e-01)
#	1.329622e-01+i(7.685964e-02)
#ProbSurv b 1-|Psi|^2 calls E tol dh dh(prev) dh(last)
 0.52619593886	1	6.59359e-11	484763	0.76	0.0001	0.0001	1.85658e-06	1.53966e-06
