# a = 0.100000
# b = 1.000000
# E = 7700000.000000
# tol = 0.000100
# s12 = 0.554977
# s13 = 0.152971
# psi0 = 0.822075 + I0.000000	0.548446 + I0.000000	0.152971 + I0.000000
# dh = 0.000100
# out = data/E7.7e6.0_tol1e-4.log
# model = sun
# scan_steps = 100.000000
# H0 = 
#	 0.000000e+00 0.000000e+00 0.000000e+00
#	 0.000000e+00 1.726880e-02 0.000000e+00
#	 0.000000e+00 0.000000e+00 5.651896e-01
# W = 
#	 6.758072e-01 4.508635e-01 1.257533e-01
#	 4.508635e-01 3.007928e-01 8.389608e-02
#	 1.257533e-01 8.389608e-02 2.340000e-02
# H0W = 
#	 0.000000e+00 -7.785874e-03 -7.107445e-02
#	 7.785874e-03 0.000000e+00 -4.596841e-02
#	 7.107445e-02 4.596841e-02 0.000000e+00
# H0H0W = 
#	 0.000000e+00 1.344527e-04 4.017054e-02
#	 1.344527e-04 0.000000e+00 2.518705e-02
#	 4.017054e-02 2.518705e-02 0.000000e+00
# WH0W = 
#	 2.489642e-02 8.823731e-03 -6.644176e-02
#	 8.823731e-03 6.924041e-04 -4.577528e-02
#	 -6.644176e-02 -4.577528e-02 -2.558883e-02
#################################################
##            CALCULATION COMPLETED            ##
#################################################
# Psi[0]^2 = 0.672921 + I0.000000
# Psi[1]^2 = 0.300673 + I0.000000
# Psi[2]^2 = 0.026407 + I0.000000
# phi0 = 2.212524 
# phi1 = 2.214887 
# phi2 = 2.290680 
# Psi = 
#	6.571260e-01+i(-4.910256e-01)
#	4.384748e-01+i(-3.292603e-01)
#	1.221821e-01+i(-1.071369e-01)
#ProbSurv b 1-|Psi|^2 calls E tol dh dh(prev) dh(last)
0.545822703735	1	-8.90399e-14	9001	7.7e+06	0.0001	0.0001	0.0001	5e-05
