# a = 0.100000
# b = 1.000000
# E = 2434.953798
# tol = 0.000100
# s12 = 0.554977
# s13 = 0.152971
# psi0 = 0.822075 + I0.000000	0.548446 + I0.000000	0.152971 + I0.000000
# dh = 0.000100
# out = data/E7.7e2.5_tol1e-4.log
# model = sun
# scan_steps = 100.000000
# H0 = 
#	 0.000000e+00 0.000000e+00 0.000000e+00
#	 0.000000e+00 5.460875e+01 0.000000e+00
#	 0.000000e+00 0.000000e+00 1.787286e+03
# W = 
#	 6.758072e-01 4.508635e-01 1.257533e-01
#	 4.508635e-01 3.007928e-01 8.389608e-02
#	 1.257533e-01 8.389608e-02 2.340000e-02
# H0W = 
#	 0.000000e+00 -2.462110e+01 -2.247571e+02
#	 2.462110e+01 0.000000e+00 -1.453649e+02
#	 2.247571e+02 1.453649e+02 0.000000e+00
# H0H0W = 
#	 0.000000e+00 1.344527e+03 4.017054e+05
#	 1.344527e+03 0.000000e+00 2.518705e+05
#	 4.017054e+05 2.518705e+05 0.000000e+00
# WH0W = 
#	 7.872941e+01 2.790309e+01 -2.101073e+02
#	 2.790309e+01 2.189574e+00 -1.447542e+02
#	 -2.101073e+02 -1.447542e+02 -8.091898e+01
#################################################
##            CALCULATION COMPLETED            ##
#################################################
# Psi[0]^2 = 0.000001 + I0.000000
# Psi[1]^2 = 0.000156 + I0.000000
# Psi[2]^2 = 0.999843 + I0.000000
# phi0 = -0.458851 
# phi1 = 0.633157 
# phi2 = -2.204589 
# Psi = 
#	-5.036771e-04+i(1.019551e-03)
#	7.382782e-03+i(1.005881e-02)
#	-8.057242e-01+i(-5.921584e-01)
#ProbSurv b 1-|Psi|^2 calls E tol dh dh(prev) dh(last)
0.023444029601	1	-4.17444e-14	9001	2434.95	0.0001	0.0001	0.0001	5e-05
