# a = 0.100000
# b = 1.000000
# E = 0.770000
# tol = 0.000100
# s12 = 0.554977
# s13 = 0.152971
# psi0 = 0.822075 + I0.000000	0.548446 + I0.000000	0.152971 + I0.000000
# dh = 0.000100
# out = data/E7.7e-1.0_tol1e-4.log
# model = sun
# scan_steps = 100.000000
# H0 = 
#	 0.000000e+00 0.000000e+00 0.000000e+00
#	 0.000000e+00 1.726880e+05 0.000000e+00
#	 0.000000e+00 0.000000e+00 5.651896e+06
# W = 
#	 6.758072e-01 4.508635e-01 1.257533e-01
#	 4.508635e-01 3.007928e-01 8.389608e-02
#	 1.257533e-01 8.389608e-02 2.340000e-02
# H0W = 
#	 0.000000e+00 -7.785874e+04 -7.107445e+05
#	 7.785874e+04 0.000000e+00 -4.596841e+05
#	 7.107445e+05 4.596841e+05 0.000000e+00
# H0H0W = 
#	 0.000000e+00 1.344527e+10 4.017054e+12
#	 1.344527e+10 0.000000e+00 2.518705e+12
#	 4.017054e+12 2.518705e+12 0.000000e+00
# WH0W = 
#	 2.489642e+05 8.823731e+04 -6.644176e+05
#	 8.823731e+04 6.924041e+03 -4.577528e+05
#	 -6.644176e+05 -4.577528e+05 -2.558883e+05
#################################################
##            CALCULATION COMPLETED            ##
#################################################
# Psi[0]^2 = 0.617700 + I0.000000
# Psi[1]^2 = 0.358711 + I0.000000
# Psi[2]^2 = 0.023589 + I0.000000
# phi0 = -0.235922 
# phi1 = 1.493590 
# phi2 = -0.810728 
# Psi = 
#	-1.837051e-01+i(7.641677e-01)
#	5.971410e-01+i(4.619465e-02)
#	-1.113178e-01+i(1.058166e-01)
#ProbSurv b 1-|Psi|^2 calls E tol dh dh(prev) dh(last)
0.525895795345	1	2.15592e-11	433765	0.77	0.0001	0.0001	2.07486e-06	1.48192e-06
