# a = 0.100000
# b = 1.000000
# E = 77.000000
# tol = 0.000100
# s12 = 0.554977
# s13 = 0.152971
# psi0 = 0.822075 + I0.000000	0.548446 + I0.000000	0.152971 + I0.000000
# dh = 0.000100
# out = data/E7.7e1.0_tol1e-4.log
# model = sun
# scan_steps = 100.000000
# H0 = 
#	 0.000000e+00 0.000000e+00 0.000000e+00
#	 0.000000e+00 1.726880e+03 0.000000e+00
#	 0.000000e+00 0.000000e+00 5.651896e+04
# W = 
#	 6.758072e-01 4.508635e-01 1.257533e-01
#	 4.508635e-01 3.007928e-01 8.389608e-02
#	 1.257533e-01 8.389608e-02 2.340000e-02
# H0W = 
#	 0.000000e+00 -7.785874e+02 -7.107445e+03
#	 7.785874e+02 0.000000e+00 -4.596841e+03
#	 7.107445e+03 4.596841e+03 0.000000e+00
# H0H0W = 
#	 0.000000e+00 1.344527e+06 4.017054e+08
#	 1.344527e+06 0.000000e+00 2.518705e+08
#	 4.017054e+08 2.518705e+08 0.000000e+00
# WH0W = 
#	 2.489642e+03 8.823731e+02 -6.644176e+03
#	 8.823731e+02 6.924041e+01 -4.577528e+03
#	 -6.644176e+03 -4.577528e+03 -2.558883e+03
#################################################
##            CALCULATION COMPLETED            ##
#################################################
# Psi[0]^2 = 0.001274 + I0.000000
# Psi[1]^2 = 0.935482 + I0.000000
# Psi[2]^2 = 0.063244 + I0.000000
# phi0 = -3.015872 
# phi1 = 0.548019 
# phi2 = 2.162551 
# Psi = 
#	-4.475773e-03+i(-3.541326e-02)
#	5.039103e-01+i(8.255644e-01)
#	2.087218e-01+i(-1.402819e-01)
#ProbSurv b 1-|Psi|^2 calls E tol dh dh(prev) dh(last)
0.283727237477	1	-4.44089e-16	9001	77	0.0001	0.0001	0.0001	5e-05
