# a = 0.100000
# b = 1.000000
# E = 24.349538
# tol = 0.000100
# s12 = 0.554977
# s13 = 0.152971
# psi0 = 0.822075 + I0.000000	0.548446 + I0.000000	0.152971 + I0.000000
# dh = 0.000100
# out = data/E7.7e0.5_tol1e-4.log
# model = sun
# scan_steps = 100.000000
# H0 = 
#	 0.000000e+00 0.000000e+00 0.000000e+00
#	 0.000000e+00 5.460875e+03 0.000000e+00
#	 0.000000e+00 0.000000e+00 1.787286e+05
# W = 
#	 6.758072e-01 4.508635e-01 1.257533e-01
#	 4.508635e-01 3.007928e-01 8.389608e-02
#	 1.257533e-01 8.389608e-02 2.340000e-02
# H0W = 
#	 0.000000e+00 -2.462110e+03 -2.247571e+04
#	 2.462110e+03 0.000000e+00 -1.453649e+04
#	 2.247571e+04 1.453649e+04 0.000000e+00
# H0H0W = 
#	 0.000000e+00 1.344527e+07 4.017054e+09
#	 1.344527e+07 0.000000e+00 2.518705e+09
#	 4.017054e+09 2.518705e+09 0.000000e+00
# WH0W = 
#	 7.872941e+03 2.790309e+03 -2.101073e+04
#	 2.790309e+03 2.189574e+02 -1.447542e+04
#	 -2.101073e+04 -1.447542e+04 -8.091898e+03
#################################################
##            CALCULATION COMPLETED            ##
#################################################
# Psi[0]^2 = 0.014351 + I0.000000
# Psi[1]^2 = 0.955003 + I0.000000
# Psi[2]^2 = 0.030645 + I0.000000
# phi0 = 3.056946 
# phi1 = -2.247237 
# phi2 = -0.458415 
# Psi = 
#	1.012821e-02+i(-1.193673e-01)
#	-7.620594e-01+i(-6.117752e-01)
#	-7.746806e-02+i(1.569845e-01)
#ProbSurv b 1-|Psi|^2 calls E tol dh dh(prev) dh(last)
0.297673857559	1	-3.20521e-12	9001	24.3495	0.0001	0.0001	0.0001	5e-05
