# a = 0.100000
# b = 1.000000
# E = 77000.000000
# tol = 0.000100
# s12 = 0.554977
# s13 = 0.152971
# psi0 = 0.822075 + I0.000000	0.548446 + I0.000000	0.152971 + I0.000000
# dh = 0.000100
# out = data/E7.7e4.0_tol1e-4.log
# model = sun
# scan_steps = 100.000000
# H0 = 
#	 0.000000e+00 0.000000e+00 0.000000e+00
#	 0.000000e+00 1.726880e+00 0.000000e+00
#	 0.000000e+00 0.000000e+00 5.651896e+01
# W = 
#	 6.758072e-01 4.508635e-01 1.257533e-01
#	 4.508635e-01 3.007928e-01 8.389608e-02
#	 1.257533e-01 8.389608e-02 2.340000e-02
# H0W = 
#	 0.000000e+00 -7.785874e-01 -7.107445e+00
#	 7.785874e-01 0.000000e+00 -4.596841e+00
#	 7.107445e+00 4.596841e+00 0.000000e+00
# H0H0W = 
#	 0.000000e+00 1.344527e+00 4.017054e+02
#	 1.344527e+00 0.000000e+00 2.518705e+02
#	 4.017054e+02 2.518705e+02 0.000000e+00
# WH0W = 
#	 2.489642e+00 8.823731e-01 -6.644176e+00
#	 8.823731e-01 6.924041e-02 -4.577528e+00
#	 -6.644176e+00 -4.577528e+00 -2.558883e+00
#################################################
##            CALCULATION COMPLETED            ##
#################################################
# Psi[0]^2 = 0.276570 + I0.000000
# Psi[1]^2 = 0.181315 + I0.000000
# Psi[2]^2 = 0.542115 + I0.000000
# phi0 = -2.918255 
# phi1 = -2.676288 
# phi2 = -1.098038 
# Psi = 
#	-1.164790e-01+i(-5.128382e-01)
#	-1.910589e-01+i(-3.805404e-01)
#	-6.555258e-01+i(3.352628e-01)
#ProbSurv b 1-|Psi|^2 calls E tol dh dh(prev) dh(last)
0.254131825335	1	-1.04583e-13	9001	77000	0.0001	0.0001	0.0001	5e-05
