# a = 0.100000
# b = 1.000000
# E = 770.000000
# tol = 0.000100
# s12 = 0.554977
# s13 = 0.152971
# psi0 = 0.822075 + I0.000000	0.548446 + I0.000000	0.152971 + I0.000000
# dh = 0.000100
# out = data/E7.7e2.0_tol1e-4.log
# model = sun
# scan_steps = 100.000000
# H0 = 
#	 0.000000e+00 0.000000e+00 0.000000e+00
#	 0.000000e+00 1.726880e+02 0.000000e+00
#	 0.000000e+00 0.000000e+00 5.651896e+03
# W = 
#	 6.758072e-01 4.508635e-01 1.257533e-01
#	 4.508635e-01 3.007928e-01 8.389608e-02
#	 1.257533e-01 8.389608e-02 2.340000e-02
# H0W = 
#	 0.000000e+00 -7.785874e+01 -7.107445e+02
#	 7.785874e+01 0.000000e+00 -4.596841e+02
#	 7.107445e+02 4.596841e+02 0.000000e+00
# H0H0W = 
#	 0.000000e+00 1.344527e+04 4.017054e+06
#	 1.344527e+04 0.000000e+00 2.518705e+06
#	 4.017054e+06 2.518705e+06 0.000000e+00
# WH0W = 
#	 2.489642e+02 8.823731e+01 -6.644176e+02
#	 8.823731e+01 6.924041e+00 -4.577528e+02
#	 -6.644176e+02 -4.577528e+02 -2.558883e+02
#################################################
##            CALCULATION COMPLETED            ##
#################################################
# Psi[0]^2 = 0.000012 + I0.000000
# Psi[1]^2 = 0.002284 + I0.000000
# Psi[2]^2 = 0.997703 + I0.000000
# phi0 = -0.862317 
# phi1 = -2.459606 
# phi2 = -2.026008 
# Psi = 
#	-2.663575e-03+i(2.282385e-03)
#	-3.012778e-02+i(-3.710537e-02)
#	-8.971357e-01+i(-4.391476e-01)
#ProbSurv b 1-|Psi|^2 calls E tol dh dh(prev) dh(last)
0.0240417286035	1	-1.41887e-13	9001	770	0.0001	0.0001	0.0001	5e-05
