# a = 0.100000
# b = 1.000000
# E = 2.434954
# tol = 0.000100
# s12 = 0.554977
# s13 = 0.152971
# psi0 = 0.822075 + I0.000000	0.548446 + I0.000000	0.152971 + I0.000000
# dh = 0.000100
# out = data/E7.7e-0.5_tol1e-4.log
# model = sun
# scan_steps = 100.000000
# H0 = 
#	 0.000000e+00 0.000000e+00 0.000000e+00
#	 0.000000e+00 5.460875e+04 0.000000e+00
#	 0.000000e+00 0.000000e+00 1.787286e+06
# W = 
#	 6.758072e-01 4.508635e-01 1.257533e-01
#	 4.508635e-01 3.007928e-01 8.389608e-02
#	 1.257533e-01 8.389608e-02 2.340000e-02
# H0W = 
#	 0.000000e+00 -2.462110e+04 -2.247571e+05
#	 2.462110e+04 0.000000e+00 -1.453649e+05
#	 2.247571e+05 1.453649e+05 0.000000e+00
# H0H0W = 
#	 0.000000e+00 1.344527e+09 4.017054e+11
#	 1.344527e+09 0.000000e+00 2.518705e+11
#	 4.017054e+11 2.518705e+11 0.000000e+00
# WH0W = 
#	 7.872941e+04 2.790309e+04 -2.101073e+05
#	 2.790309e+04 2.189574e+03 -1.447542e+05
#	 -2.101073e+05 -1.447542e+05 -8.091898e+04
#################################################
##            CALCULATION COMPLETED            ##
#################################################
# Psi[0]^2 = 0.473731 + I0.000000
# Psi[1]^2 = 0.502264 + I0.000000
# Psi[2]^2 = 0.024005 + I0.000000
# phi0 = -2.857769 
# phi1 = 0.050648 
# phi2 = 2.224893 
# Psi = 
#	-1.927380e-01+i(-6.607443e-01)
#	3.587902e-02+i(7.077973e-01)
#	1.229559e-01+i(-9.426889e-02)
#ProbSurv b 1-|Psi|^2 calls E tol dh dh(prev) dh(last)
 0.47178997408	1	-6.92646e-12	128663	2.43495	0.0001	0.0001	6.99512e-06	3.70075e-06
