# a = 0.100000
# b = 1.000000
# E = 2434953.798330
# tol = 0.000100
# s12 = 0.554977
# s13 = 0.152971
# psi0 = 0.822075 + I0.000000	0.548446 + I0.000000	0.152971 + I0.000000
# dh = 0.000100
# out = data/E7.7e5.5_tol1e-4.log
# model = sun
# scan_steps = 100.000000
# H0 = 
#	 0.000000e+00 0.000000e+00 0.000000e+00
#	 0.000000e+00 5.460875e-02 0.000000e+00
#	 0.000000e+00 0.000000e+00 1.787286e+00
# W = 
#	 6.758072e-01 4.508635e-01 1.257533e-01
#	 4.508635e-01 3.007928e-01 8.389608e-02
#	 1.257533e-01 8.389608e-02 2.340000e-02
# H0W = 
#	 0.000000e+00 -2.462110e-02 -2.247571e-01
#	 2.462110e-02 0.000000e+00 -1.453649e-01
#	 2.247571e-01 1.453649e-01 0.000000e+00
# H0H0W = 
#	 0.000000e+00 1.344527e-03 4.017054e-01
#	 1.344527e-03 0.000000e+00 2.518705e-01
#	 4.017054e-01 2.518705e-01 0.000000e+00
# WH0W = 
#	 7.872941e-02 2.790309e-02 -2.101073e-01
#	 2.790309e-02 2.189574e-03 -1.447542e-01
#	 -2.101073e-01 -1.447542e-01 -8.091898e-02
#################################################
##            CALCULATION COMPLETED            ##
#################################################
# Psi[0]^2 = 0.666031 + I0.000000
# Psi[1]^2 = 0.300107 + I0.000000
# Psi[2]^2 = 0.033863 + I0.000000
# phi0 = 2.243157 
# phi1 = 2.250626 
# phi2 = 2.495436 
# Psi = 
#	6.384843e-01+i(-5.082995e-01)
#	4.260283e-01+i(-3.443929e-01)
#	1.108018e-01+i(-1.469213e-01)
#ProbSurv b 1-|Psi|^2 calls E tol dh dh(prev) dh(last)
0.541170527296	1	-1.12799e-13	9001	2.43495e+06	0.0001	0.0001	0.0001	5e-05
