# a = 0.100000
# b = 1.000000
# E = 243.495380
# tol = 0.000100
# s12 = 0.554977
# s13 = 0.152971
# psi0 = 0.822075 + I0.000000	0.548446 + I0.000000	0.152971 + I0.000000
# dh = 0.000100
# out = data/E7.7e1.5_tol1e-4.log
# model = sun
# scan_steps = 100.000000
# H0 = 
#	 0.000000e+00 0.000000e+00 0.000000e+00
#	 0.000000e+00 5.460875e+02 0.000000e+00
#	 0.000000e+00 0.000000e+00 1.787286e+04
# W = 
#	 6.758072e-01 4.508635e-01 1.257533e-01
#	 4.508635e-01 3.007928e-01 8.389608e-02
#	 1.257533e-01 8.389608e-02 2.340000e-02
# H0W = 
#	 0.000000e+00 -2.462110e+02 -2.247571e+03
#	 2.462110e+02 0.000000e+00 -1.453649e+03
#	 2.247571e+03 1.453649e+03 0.000000e+00
# H0H0W = 
#	 0.000000e+00 1.344527e+05 4.017054e+07
#	 1.344527e+05 0.000000e+00 2.518705e+07
#	 4.017054e+07 2.518705e+07 0.000000e+00
# WH0W = 
#	 7.872941e+02 2.790309e+02 -2.101073e+03
#	 2.790309e+02 2.189574e+01 -1.447542e+03
#	 -2.101073e+03 -1.447542e+03 -8.091898e+02
#################################################
##            CALCULATION COMPLETED            ##
#################################################
# Psi[0]^2 = 0.000125 + I0.000000
# Psi[1]^2 = 0.123708 + I0.000000
# Psi[2]^2 = 0.876167 + I0.000000
# phi0 = 1.235315 
# phi1 = 2.792174 
# phi2 = -2.906101 
# Psi = 
#	1.057733e-02+i(3.687898e-03)
#	1.204124e-01+i(-3.304674e-01)
#	-2.183969e-01+i(-9.102030e-01)
#ProbSurv b 1-|Psi|^2 calls E tol dh dh(prev) dh(last)
0.0577975278253	1	-2.86215e-13	9001	243.495	0.0001	0.0001	0.0001	5e-05
