# a = 0.100000
# b = 1.000000
# E = 24349.537983
# tol = 0.000100
# s12 = 0.554977
# s13 = 0.152971
# psi0 = 0.822075 + I0.000000	0.548446 + I0.000000	0.152971 + I0.000000
# dh = 0.000100
# out = data/E7.7e3.5_tol1e-4.log
# model = sun
# scan_steps = 100.000000
# H0 = 
#	 0.000000e+00 0.000000e+00 0.000000e+00
#	 0.000000e+00 5.460875e+00 0.000000e+00
#	 0.000000e+00 0.000000e+00 1.787286e+02
# W = 
#	 6.758072e-01 4.508635e-01 1.257533e-01
#	 4.508635e-01 3.007928e-01 8.389608e-02
#	 1.257533e-01 8.389608e-02 2.340000e-02
# H0W = 
#	 0.000000e+00 -2.462110e+00 -2.247571e+01
#	 2.462110e+00 0.000000e+00 -1.453649e+01
#	 2.247571e+01 1.453649e+01 0.000000e+00
# H0H0W = 
#	 0.000000e+00 1.344527e+01 4.017054e+03
#	 1.344527e+01 0.000000e+00 2.518705e+03
#	 4.017054e+03 2.518705e+03 0.000000e+00
# WH0W = 
#	 7.872941e+00 2.790309e+00 -2.101073e+01
#	 2.790309e+00 2.189574e-01 -1.447542e+01
#	 -2.101073e+01 -1.447542e+01 -8.091898e+00
#################################################
##            CALCULATION COMPLETED            ##
#################################################
# Psi[0]^2 = 0.034283 + I0.000000
# Psi[1]^2 = 0.050623 + I0.000000
# Psi[2]^2 = 0.915094 + I0.000000
# phi0 = -0.860943 
# phi1 = -0.068184 
# phi2 = -0.432554 
# Psi = 
#	-1.404326e-01+i(1.206700e-01)
#	-1.532922e-02+i(2.244737e-01)
#	-4.010001e-01+i(8.685004e-01)
#ProbSurv b 1-|Psi|^2 calls E tol dh dh(prev) dh(last)
0.0598087649443	1	-9.01501e-14	9001	24349.5	0.0001	0.0001	0.0001	5e-05
