# a = 0.100000
# b = 1.000000
# E = 2.466577
# tol = 0.000100
# s12 = 0.554977
# s13 = 0.152971
# psi0 = 0.822075 + I0.000000	0.548446 + I0.000000	0.152971 + I0.000000
# dh = 0.000100
# out = data/E7.8e-0.5_tol1e-4.log
# model = sun
# scan_steps = 100.000000
# H0 = 
#	 0.000000e+00 0.000000e+00 0.000000e+00
#	 0.000000e+00 5.390864e+04 0.000000e+00
#	 0.000000e+00 0.000000e+00 1.764373e+06
# W = 
#	 6.758072e-01 4.508635e-01 1.257533e-01
#	 4.508635e-01 3.007928e-01 8.389608e-02
#	 1.257533e-01 8.389608e-02 2.340000e-02
# H0W = 
#	 0.000000e+00 -2.430544e+04 -2.218756e+05
#	 2.430544e+04 0.000000e+00 -1.435012e+05
#	 2.218756e+05 1.435012e+05 0.000000e+00
# H0H0W = 
#	 0.000000e+00 1.310273e+09 3.914713e+11
#	 1.310273e+09 0.000000e+00 2.454536e+11
#	 3.914713e+11 2.454536e+11 0.000000e+00
# WH0W = 
#	 7.772006e+04 2.754535e+04 -2.074136e+05
#	 2.754535e+04 2.161503e+03 -1.428983e+05
#	 -2.074136e+05 -1.428983e+05 -7.988156e+04
#################################################
##            CALCULATION COMPLETED            ##
#################################################
# Psi[0]^2 = 0.470915 + I0.000000
# Psi[1]^2 = 0.505072 + I0.000000
# Psi[2]^2 = 0.024013 + I0.000000
# phi0 = 2.003446 
# phi1 = -0.314124 
# phi2 = 1.107058 
# Psi = 
#	6.230021e-01+i(-2.877219e-01)
#	-2.195899e-01+i(6.759083e-01)
#	1.385946e-01+i(6.931302e-02)
#ProbSurv b 1-|Psi|^2 calls E tol dh dh(prev) dh(last)
0.470731905334	1	-8.72258e-12	124643	2.46658	0.0001	0.0001	7.22069e-06	6.80681e-06
