# a = 0.100000
# b = 1.000000
# E = 246657.657493
# tol = 0.000100
# s12 = 0.554977
# s13 = 0.152971
# psi0 = 0.822075 + I0.000000	0.548446 + I0.000000	0.152971 + I0.000000
# dh = 0.000100
# out = data/E7.8e4.5_tol1e-4.log
# model = sun
# scan_steps = 100.000000
# H0 = 
#	 0.000000e+00 0.000000e+00 0.000000e+00
#	 0.000000e+00 5.390864e-01 0.000000e+00
#	 0.000000e+00 0.000000e+00 1.764373e+01
# W = 
#	 6.758072e-01 4.508635e-01 1.257533e-01
#	 4.508635e-01 3.007928e-01 8.389608e-02
#	 1.257533e-01 8.389608e-02 2.340000e-02
# H0W = 
#	 0.000000e+00 -2.430544e-01 -2.218756e+00
#	 2.430544e-01 0.000000e+00 -1.435012e+00
#	 2.218756e+00 1.435012e+00 0.000000e+00
# H0H0W = 
#	 0.000000e+00 1.310273e-01 3.914713e+01
#	 1.310273e-01 0.000000e+00 2.454536e+01
#	 3.914713e+01 2.454536e+01 0.000000e+00
# WH0W = 
#	 7.772006e-01 2.754535e-01 -2.074136e+00
#	 2.754535e-01 2.161503e-02 -1.428983e+00
#	 -2.074136e+00 -1.428983e+00 -7.988156e-01
#################################################
##            CALCULATION COMPLETED            ##
#################################################
# Psi[0]^2 = 0.515337 + I0.000000
# Psi[1]^2 = 0.259392 + I0.000000
# Psi[2]^2 = 0.225271 + I0.000000
# phi0 = 2.611069 
# phi1 = 2.686471 
# phi2 = -0.540696 
# Psi = 
#	3.632312e-01+i(-6.191932e-01)
#	2.238758e-01+i(-4.574616e-01)
#	-2.443065e-01+i(4.069223e-01)
#ProbSurv b 1-|Psi|^2 calls E tol dh dh(prev) dh(last)
 0.43156293977	1	-1.14797e-13	9001	246658	0.0001	0.0001	0.0001	5e-05
