# a = 0.100000
# b = 1.000000
# E = 2466576.574931
# tol = 0.000100
# s12 = 0.554977
# s13 = 0.152971
# psi0 = 0.822075 + I0.000000	0.548446 + I0.000000	0.152971 + I0.000000
# dh = 0.000100
# out = data/E7.8e5.5_tol1e-4.log
# model = sun
# scan_steps = 100.000000
# H0 = 
#	 0.000000e+00 0.000000e+00 0.000000e+00
#	 0.000000e+00 5.390864e-02 0.000000e+00
#	 0.000000e+00 0.000000e+00 1.764373e+00
# W = 
#	 6.758072e-01 4.508635e-01 1.257533e-01
#	 4.508635e-01 3.007928e-01 8.389608e-02
#	 1.257533e-01 8.389608e-02 2.340000e-02
# H0W = 
#	 0.000000e+00 -2.430544e-02 -2.218756e-01
#	 2.430544e-02 0.000000e+00 -1.435012e-01
#	 2.218756e-01 1.435012e-01 0.000000e+00
# H0H0W = 
#	 0.000000e+00 1.310273e-03 3.914713e-01
#	 1.310273e-03 0.000000e+00 2.454536e-01
#	 3.914713e-01 2.454536e-01 0.000000e+00
# WH0W = 
#	 7.772006e-02 2.754535e-02 -2.074136e-01
#	 2.754535e-02 2.161503e-03 -1.428983e-01
#	 -2.074136e-01 -1.428983e-01 -7.988156e-02
#################################################
##            CALCULATION COMPLETED            ##
#################################################
# Psi[0]^2 = 0.666168 + I0.000000
# Psi[1]^2 = 0.300121 + I0.000000
# Psi[2]^2 = 0.033711 + I0.000000
# phi0 = 2.242581 
# phi1 = 2.249955 
# phi2 = 2.491532 
# Psi = 
#	6.388430e-01+i(-5.079840e-01)
#	4.262700e-01+i(-3.441150e-01)
#	1.111238e-01+i(-1.461578e-01)
#ProbSurv b 1-|Psi|^2 calls E tol dh dh(prev) dh(last)
0.541264393501	1	-8.08242e-14	9001	2.46658e+06	0.0001	0.0001	0.0001	5e-05
