# a = 0.100000
# b = 1.000000
# E = 0.780000
# tol = 0.000100
# s12 = 0.554977
# s13 = 0.152971
# psi0 = 0.822075 + I0.000000	0.548446 + I0.000000	0.152971 + I0.000000
# dh = 0.000100
# out = data/E7.8e-1.0_tol1e-4.log
# model = sun
# scan_steps = 100.000000
# H0 = 
#	 0.000000e+00 0.000000e+00 0.000000e+00
#	 0.000000e+00 1.704741e+05 0.000000e+00
#	 0.000000e+00 0.000000e+00 5.579436e+06
# W = 
#	 6.758072e-01 4.508635e-01 1.257533e-01
#	 4.508635e-01 3.007928e-01 8.389608e-02
#	 1.257533e-01 8.389608e-02 2.340000e-02
# H0W = 
#	 0.000000e+00 -7.686055e+04 -7.016324e+05
#	 7.686055e+04 0.000000e+00 -4.537907e+05
#	 7.016324e+05 4.537907e+05 0.000000e+00
# H0H0W = 
#	 0.000000e+00 1.310273e+10 3.914713e+12
#	 1.310273e+10 0.000000e+00 2.454536e+12
#	 3.914713e+12 2.454536e+12 0.000000e+00
# WH0W = 
#	 2.457724e+05 8.710606e+04 -6.558994e+05
#	 8.710606e+04 6.835271e+03 -4.518842e+05
#	 -6.558994e+05 -4.518842e+05 -2.526077e+05
#################################################
##            CALCULATION COMPLETED            ##
#################################################
# Psi[0]^2 = 0.616898 + I0.000000
# Psi[1]^2 = 0.359511 + I0.000000
# Psi[2]^2 = 0.023591 + I0.000000
# phi0 = -0.644738 
# phi1 = 1.116581 
# phi2 = -1.814851 
# Psi = 
#	-4.720337e-01+i(6.277594e-01)
#	5.387971e-01+i(2.630757e-01)
#	-1.490429e-01+i(-3.711444e-02)
#ProbSurv b 1-|Psi|^2 calls E tol dh dh(prev) dh(last)
0.525594242054	1	-2.00469e-11	385683	0.78	0.0001	0.0001	2.33353e-06	1.92178e-06
