# a = 0.100000
# b = 1.000000
# E = 78000.000000
# tol = 0.000100
# s12 = 0.554977
# s13 = 0.152971
# psi0 = 0.822075 + I0.000000	0.548446 + I0.000000	0.152971 + I0.000000
# dh = 0.000100
# out = data/E7.8e4.0_tol1e-4.log
# model = sun
# scan_steps = 100.000000
# H0 = 
#	 0.000000e+00 0.000000e+00 0.000000e+00
#	 0.000000e+00 1.704741e+00 0.000000e+00
#	 0.000000e+00 0.000000e+00 5.579436e+01
# W = 
#	 6.758072e-01 4.508635e-01 1.257533e-01
#	 4.508635e-01 3.007928e-01 8.389608e-02
#	 1.257533e-01 8.389608e-02 2.340000e-02
# H0W = 
#	 0.000000e+00 -7.686055e-01 -7.016324e+00
#	 7.686055e-01 0.000000e+00 -4.537907e+00
#	 7.016324e+00 4.537907e+00 0.000000e+00
# H0H0W = 
#	 0.000000e+00 1.310273e+00 3.914713e+02
#	 1.310273e+00 0.000000e+00 2.454536e+02
#	 3.914713e+02 2.454536e+02 0.000000e+00
# WH0W = 
#	 2.457724e+00 8.710606e-01 -6.558994e+00
#	 8.710606e-01 6.835271e-02 -4.518842e+00
#	 -6.558994e+00 -4.518842e+00 -2.526077e+00
#################################################
##            CALCULATION COMPLETED            ##
#################################################
# Psi[0]^2 = 0.280706 + I0.000000
# Psi[1]^2 = 0.183036 + I0.000000
# Psi[2]^2 = 0.536258 + I0.000000
# phi0 = -2.931530 
# phi1 = -2.692968 
# phi2 = -1.353439 
# Psi = 
#	-1.104779e-01+i(-5.181703e-01)
#	-1.855599e-01+i(-3.854910e-01)
#	-7.150663e-01+i(1.579194e-01)
#ProbSurv b 1-|Psi|^2 calls E tol dh dh(prev) dh(last)
0.257307316026	1	-1.01696e-13	9001	78000	0.0001	0.0001	0.0001	5e-05
