# a = 0.100000
# b = 1.000000
# E = 246.657657
# tol = 0.000100
# s12 = 0.554977
# s13 = 0.152971
# psi0 = 0.822075 + I0.000000	0.548446 + I0.000000	0.152971 + I0.000000
# dh = 0.000100
# out = data/E7.8e1.5_tol1e-4.log
# model = sun
# scan_steps = 100.000000
# H0 = 
#	 0.000000e+00 0.000000e+00 0.000000e+00
#	 0.000000e+00 5.390864e+02 0.000000e+00
#	 0.000000e+00 0.000000e+00 1.764373e+04
# W = 
#	 6.758072e-01 4.508635e-01 1.257533e-01
#	 4.508635e-01 3.007928e-01 8.389608e-02
#	 1.257533e-01 8.389608e-02 2.340000e-02
# H0W = 
#	 0.000000e+00 -2.430544e+02 -2.218756e+03
#	 2.430544e+02 0.000000e+00 -1.435012e+03
#	 2.218756e+03 1.435012e+03 0.000000e+00
# H0H0W = 
#	 0.000000e+00 1.310273e+05 3.914713e+07
#	 1.310273e+05 0.000000e+00 2.454536e+07
#	 3.914713e+07 2.454536e+07 0.000000e+00
# WH0W = 
#	 7.772006e+02 2.754535e+02 -2.074136e+03
#	 2.754535e+02 2.161503e+01 -1.428983e+03
#	 -2.074136e+03 -1.428983e+03 -7.988156e+02
#################################################
##            CALCULATION COMPLETED            ##
#################################################
# Psi[0]^2 = 0.000128 + I0.000000
# Psi[1]^2 = 0.116057 + I0.000000
# Psi[2]^2 = 0.883815 + I0.000000
# phi0 = -0.327074 
# phi1 = -1.338608 
# phi2 = -2.480053 
# Psi = 
#	-3.630016e-03+i(1.069982e-02)
#	-3.315296e-01+i(7.839117e-02)
#	-5.775429e-01+i(-7.417947e-01)
#ProbSurv b 1-|Psi|^2 calls E tol dh dh(prev) dh(last)
0.0556766744994	1	-3.16192e-13	9001	246.658	0.0001	0.0001	0.0001	5e-05
