# a = 0.100000
# b = 1.000000
# E = 24.665766
# tol = 0.000100
# s12 = 0.554977
# s13 = 0.152971
# psi0 = 0.822075 + I0.000000	0.548446 + I0.000000	0.152971 + I0.000000
# dh = 0.000100
# out = data/E7.8e0.5_tol1e-4.log
# model = sun
# scan_steps = 100.000000
# H0 = 
#	 0.000000e+00 0.000000e+00 0.000000e+00
#	 0.000000e+00 5.390864e+03 0.000000e+00
#	 0.000000e+00 0.000000e+00 1.764373e+05
# W = 
#	 6.758072e-01 4.508635e-01 1.257533e-01
#	 4.508635e-01 3.007928e-01 8.389608e-02
#	 1.257533e-01 8.389608e-02 2.340000e-02
# H0W = 
#	 0.000000e+00 -2.430544e+03 -2.218756e+04
#	 2.430544e+03 0.000000e+00 -1.435012e+04
#	 2.218756e+04 1.435012e+04 0.000000e+00
# H0H0W = 
#	 0.000000e+00 1.310273e+07 3.914713e+09
#	 1.310273e+07 0.000000e+00 2.454536e+09
#	 3.914713e+09 2.454536e+09 0.000000e+00
# WH0W = 
#	 7.772006e+03 2.754535e+03 -2.074136e+04
#	 2.754535e+03 2.161503e+02 -1.428983e+04
#	 -2.074136e+04 -1.428983e+04 -7.988156e+03
#################################################
##            CALCULATION COMPLETED            ##
#################################################
# Psi[0]^2 = 0.013930 + I0.000000
# Psi[1]^2 = 0.955310 + I0.000000
# Psi[2]^2 = 0.030760 + I0.000000
# phi0 = -1.791021 
# phi1 = 2.370347 
# phi2 = -1.777149 
# Psi = 
#	-1.151741e-01+i(-2.578236e-02)
#	6.812761e-01+i(-7.008374e-01)
#	-1.716644e-01+i(-3.593486e-02)
#ProbSurv b 1-|Psi|^2 calls E tol dh dh(prev) dh(last)
0.297484078645	1	-2.96874e-12	9001	24.6658	0.0001	0.0001	0.0001	5e-05
