# a = 0.100000
# b = 1.000000
# E = 780.000000
# tol = 0.000100
# s12 = 0.554977
# s13 = 0.152971
# psi0 = 0.822075 + I0.000000	0.548446 + I0.000000	0.152971 + I0.000000
# dh = 0.000100
# out = data/E7.8e2.0_tol1e-4.log
# model = sun
# scan_steps = 100.000000
# H0 = 
#	 0.000000e+00 0.000000e+00 0.000000e+00
#	 0.000000e+00 1.704741e+02 0.000000e+00
#	 0.000000e+00 0.000000e+00 5.579436e+03
# W = 
#	 6.758072e-01 4.508635e-01 1.257533e-01
#	 4.508635e-01 3.007928e-01 8.389608e-02
#	 1.257533e-01 8.389608e-02 2.340000e-02
# H0W = 
#	 0.000000e+00 -7.686055e+01 -7.016324e+02
#	 7.686055e+01 0.000000e+00 -4.537907e+02
#	 7.016324e+02 4.537907e+02 0.000000e+00
# H0H0W = 
#	 0.000000e+00 1.310273e+04 3.914713e+06
#	 1.310273e+04 0.000000e+00 2.454536e+06
#	 3.914713e+06 2.454536e+06 0.000000e+00
# WH0W = 
#	 2.457724e+02 8.710606e+01 -6.558994e+02
#	 8.710606e+01 6.835271e+00 -4.518842e+02
#	 -6.558994e+02 -4.518842e+02 -2.526077e+02
#################################################
##            CALCULATION COMPLETED            ##
#################################################
# Psi[0]^2 = 0.000013 + I0.000000
# Psi[1]^2 = 0.002207 + I0.000000
# Psi[2]^2 = 0.997780 + I0.000000
# phi0 = -1.371231 
# phi1 = -0.182373 
# phi2 = -1.762173 
# Psi = 
#	-3.528758e-03+i(7.137191e-04)
#	-8.519376e-03+i(4.619493e-02)
#	-9.806531e-01+i(-1.899997e-01)
#ProbSurv b 1-|Psi|^2 calls E tol dh dh(prev) dh(last)
0.0240205376136	1	-9.92539e-14	9001	780	0.0001	0.0001	0.0001	5e-05
