# a = 0.100000
# b = 1.000000
# E = 78.000000
# tol = 0.000100
# s12 = 0.554977
# s13 = 0.152971
# psi0 = 0.822075 + I0.000000	0.548446 + I0.000000	0.152971 + I0.000000
# dh = 0.000100
# out = data/E7.8e1.0_tol1e-4.log
# model = sun
# scan_steps = 100.000000
# H0 = 
#	 0.000000e+00 0.000000e+00 0.000000e+00
#	 0.000000e+00 1.704741e+03 0.000000e+00
#	 0.000000e+00 0.000000e+00 5.579436e+04
# W = 
#	 6.758072e-01 4.508635e-01 1.257533e-01
#	 4.508635e-01 3.007928e-01 8.389608e-02
#	 1.257533e-01 8.389608e-02 2.340000e-02
# H0W = 
#	 0.000000e+00 -7.686055e+02 -7.016324e+03
#	 7.686055e+02 0.000000e+00 -4.537907e+03
#	 7.016324e+03 4.537907e+03 0.000000e+00
# H0H0W = 
#	 0.000000e+00 1.310273e+06 3.914713e+08
#	 1.310273e+06 0.000000e+00 2.454536e+08
#	 3.914713e+08 2.454536e+08 0.000000e+00
# WH0W = 
#	 2.457724e+03 8.710606e+02 -6.558994e+03
#	 8.710606e+02 6.835271e+01 -4.518842e+03
#	 -6.558994e+03 -4.518842e+03 -2.526077e+03
#################################################
##            CALCULATION COMPLETED            ##
#################################################
# Psi[0]^2 = 0.001255 + I0.000000
# Psi[1]^2 = 0.934472 + I0.000000
# Psi[2]^2 = 0.064273 + I0.000000
# phi0 = 0.238704 
# phi1 = 2.264976 
# phi2 = -2.559282 
# Psi = 
#	8.376318e-03+i(3.442181e-02)
#	7.429703e-01+i(-6.184394e-01)
#	-1.394251e-01+i(-2.117390e-01)
#ProbSurv b 1-|Psi|^2 calls E tol dh dh(prev) dh(last)
0.283434643388	1	1.39222e-13	9001	78	0.0001	0.0001	0.0001	5e-05
