# a = 0.100000
# b = 1.000000
# E = 780000.000000
# tol = 0.000100
# s12 = 0.554977
# s13 = 0.152971
# psi0 = 0.822075 + I0.000000	0.548446 + I0.000000	0.152971 + I0.000000
# dh = 0.000100
# out = data/E7.8e5.0_tol1e-4.log
# model = sun
# scan_steps = 100.000000
# H0 = 
#	 0.000000e+00 0.000000e+00 0.000000e+00
#	 0.000000e+00 1.704741e-01 0.000000e+00
#	 0.000000e+00 0.000000e+00 5.579436e+00
# W = 
#	 6.758072e-01 4.508635e-01 1.257533e-01
#	 4.508635e-01 3.007928e-01 8.389608e-02
#	 1.257533e-01 8.389608e-02 2.340000e-02
# H0W = 
#	 0.000000e+00 -7.686055e-02 -7.016324e-01
#	 7.686055e-02 0.000000e+00 -4.537907e-01
#	 7.016324e-01 4.537907e-01 0.000000e+00
# H0H0W = 
#	 0.000000e+00 1.310273e-02 3.914713e+00
#	 1.310273e-02 0.000000e+00 2.454536e+00
#	 3.914713e+00 2.454536e+00 0.000000e+00
# WH0W = 
#	 2.457724e-01 8.710606e-02 -6.558994e-01
#	 8.710606e-02 6.835271e-03 -4.518842e-01
#	 -6.558994e-01 -4.518842e-01 -2.526077e-01
#################################################
##            CALCULATION COMPLETED            ##
#################################################
# Psi[0]^2 = 0.638562 + I0.000000
# Psi[1]^2 = 0.295401 + I0.000000
# Psi[2]^2 = 0.066037 + I0.000000
# phi0 = 2.338747 
# phi1 = 2.362056 
# phi2 = -3.108961 
# Psi = 
#	5.748220e-01+i(-5.551052e-01)
#	3.820589e-01+i(-3.865639e-01)
#	-8.384092e-03+i(-2.568402e-01)
#ProbSurv b 1-|Psi|^2 calls E tol dh dh(prev) dh(last)
0.521944571266	1	-1.19682e-13	9001	780000	0.0001	0.0001	0.0001	5e-05
