# a = 0.100000
# b = 1.000000
# E = 2.498199
# tol = 0.000100
# s12 = 0.554977
# s13 = 0.152971
# psi0 = 0.822075 + I0.000000	0.548446 + I0.000000	0.152971 + I0.000000
# dh = 0.000100
# out = data/E7.9e-0.5_tol1e-4.log
# model = sun
# scan_steps = 100.000000
# H0 = 
#	 0.000000e+00 0.000000e+00 0.000000e+00
#	 0.000000e+00 5.322625e+04 0.000000e+00
#	 0.000000e+00 0.000000e+00 1.742039e+06
# W = 
#	 6.758072e-01 4.508635e-01 1.257533e-01
#	 4.508635e-01 3.007928e-01 8.389608e-02
#	 1.257533e-01 8.389608e-02 2.340000e-02
# H0W = 
#	 0.000000e+00 -2.399778e+04 -2.190671e+05
#	 2.399778e+04 0.000000e+00 -1.416847e+05
#	 2.190671e+05 1.416847e+05 0.000000e+00
# H0H0W = 
#	 0.000000e+00 1.277312e+09 3.816234e+11
#	 1.277312e+09 0.000000e+00 2.392790e+11
#	 3.816234e+11 2.392790e+11 0.000000e+00
# WH0W = 
#	 7.673626e+04 2.719668e+04 -2.047881e+05
#	 2.719668e+04 2.134142e+03 -1.410895e+05
#	 -2.047881e+05 -1.410895e+05 -7.887040e+04
#################################################
##            CALCULATION COMPLETED            ##
#################################################
# Psi[0]^2 = 0.468100 + I0.000000
# Psi[1]^2 = 0.507860 + I0.000000
# Psi[2]^2 = 0.024040 + I0.000000
# phi0 = 0.579832 
# phi1 = 2.708380 
# phi2 = 0.574530 
# Psi = 
#	3.748499e-01+i(5.723524e-01)
#	2.991592e-01+i(-6.468103e-01)
#	8.426038e-02+i(1.301564e-01)
#ProbSurv b 1-|Psi|^2 calls E tol dh dh(prev) dh(last)
0.469668289114	1	-1.15612e-11	120543	2.4982	0.0001	0.0001	7.46631e-06	5.29124e-06
