# a = 0.100000
# b = 1.000000
# E = 79.000000
# tol = 0.000100
# s12 = 0.554977
# s13 = 0.152971
# psi0 = 0.822075 + I0.000000	0.548446 + I0.000000	0.152971 + I0.000000
# dh = 0.000100
# out = data/E7.9e1.0_tol1e-4.log
# model = sun
# scan_steps = 100.000000
# H0 = 
#	 0.000000e+00 0.000000e+00 0.000000e+00
#	 0.000000e+00 1.683162e+03 0.000000e+00
#	 0.000000e+00 0.000000e+00 5.508810e+04
# W = 
#	 6.758072e-01 4.508635e-01 1.257533e-01
#	 4.508635e-01 3.007928e-01 8.389608e-02
#	 1.257533e-01 8.389608e-02 2.340000e-02
# H0W = 
#	 0.000000e+00 -7.588763e+02 -6.927510e+03
#	 7.588763e+02 0.000000e+00 -4.480465e+03
#	 6.927510e+03 4.480465e+03 0.000000e+00
# H0H0W = 
#	 0.000000e+00 1.277312e+06 3.816234e+08
#	 1.277312e+06 0.000000e+00 2.392790e+08
#	 3.816234e+08 2.392790e+08 0.000000e+00
# WH0W = 
#	 2.426614e+03 8.600345e+02 -6.475969e+03
#	 8.600345e+02 6.748749e+01 -4.461641e+03
#	 -6.475969e+03 -4.461641e+03 -2.494101e+03
#################################################
##            CALCULATION COMPLETED            ##
#################################################
# Psi[0]^2 = 0.001256 + I0.000000
# Psi[1]^2 = 0.933418 + I0.000000
# Psi[2]^2 = 0.065325 + I0.000000
# phi0 = -2.747703 
# phi1 = -1.859215 
# phi2 = 2.948172 
# Psi = 
#	-1.360398e-02+i(-3.273261e-02)
#	-9.262292e-01+i(-2.748048e-01)
#	4.912835e-02+i(-2.508221e-01)
#ProbSurv b 1-|Psi|^2 calls E tol dh dh(prev) dh(last)
 0.28314323518	1	1.92957e-13	9001	79	0.0001	0.0001	0.0001	5e-05
