# a = 0.100000
# b = 1.000000
# E = 7900000.000000
# tol = 0.000100
# s12 = 0.554977
# s13 = 0.152971
# psi0 = 0.822075 + I0.000000	0.548446 + I0.000000	0.152971 + I0.000000
# dh = 0.000100
# out = data/E7.9e6.0_tol1e-4.log
# model = sun
# scan_steps = 100.000000
# H0 = 
#	 0.000000e+00 0.000000e+00 0.000000e+00
#	 0.000000e+00 1.683162e-02 0.000000e+00
#	 0.000000e+00 0.000000e+00 5.508810e-01
# W = 
#	 6.758072e-01 4.508635e-01 1.257533e-01
#	 4.508635e-01 3.007928e-01 8.389608e-02
#	 1.257533e-01 8.389608e-02 2.340000e-02
# H0W = 
#	 0.000000e+00 -7.588763e-03 -6.927510e-02
#	 7.588763e-03 0.000000e+00 -4.480465e-02
#	 6.927510e-02 4.480465e-02 0.000000e+00
# H0H0W = 
#	 0.000000e+00 1.277312e-04 3.816234e-02
#	 1.277312e-04 0.000000e+00 2.392790e-02
#	 3.816234e-02 2.392790e-02 0.000000e+00
# WH0W = 
#	 2.426614e-02 8.600345e-03 -6.475969e-02
#	 8.600345e-03 6.748749e-04 -4.461641e-02
#	 -6.475969e-02 -4.461641e-02 -2.494101e-02
#################################################
##            CALCULATION COMPLETED            ##
#################################################
# Psi[0]^2 = 0.672996 + I0.000000
# Psi[1]^2 = 0.300677 + I0.000000
# Psi[2]^2 = 0.026327 + I0.000000
# phi0 = 2.212166 
# phi1 = 2.214470 
# phi2 = 2.288326 
# Psi = 
#	6.573382e-01+i(-4.908182e-01)
#	4.386151e-01+i(-3.290796e-01)
#	1.222497e-01+i(-1.066880e-01)
#ProbSurv b 1-|Psi|^2 calls E tol dh dh(prev) dh(last)
0.545873004104	1	-1.0858e-13	9001	7.9e+06	0.0001	0.0001	0.0001	5e-05
