# a = 0.100000
# b = 1.000000
# E = 249.819935
# tol = 0.000100
# s12 = 0.554977
# s13 = 0.152971
# psi0 = 0.822075 + I0.000000	0.548446 + I0.000000	0.152971 + I0.000000
# dh = 0.000100
# out = data/E7.9e1.5_tol1e-4.log
# model = sun
# scan_steps = 100.000000
# H0 = 
#	 0.000000e+00 0.000000e+00 0.000000e+00
#	 0.000000e+00 5.322625e+02 0.000000e+00
#	 0.000000e+00 0.000000e+00 1.742039e+04
# W = 
#	 6.758072e-01 4.508635e-01 1.257533e-01
#	 4.508635e-01 3.007928e-01 8.389608e-02
#	 1.257533e-01 8.389608e-02 2.340000e-02
# H0W = 
#	 0.000000e+00 -2.399778e+02 -2.190671e+03
#	 2.399778e+02 0.000000e+00 -1.416847e+03
#	 2.190671e+03 1.416847e+03 0.000000e+00
# H0H0W = 
#	 0.000000e+00 1.277312e+05 3.816234e+07
#	 1.277312e+05 0.000000e+00 2.392790e+07
#	 3.816234e+07 2.392790e+07 0.000000e+00
# WH0W = 
#	 7.673626e+02 2.719668e+02 -2.047881e+03
#	 2.719668e+02 2.134142e+01 -1.410895e+03
#	 -2.047881e+03 -1.410895e+03 -7.887040e+02
#################################################
##            CALCULATION COMPLETED            ##
#################################################
# Psi[0]^2 = 0.000110 + I0.000000
# Psi[1]^2 = 0.109026 + I0.000000
# Psi[2]^2 = 0.890863 + I0.000000
# phi0 = -1.709293 
# phi1 = 0.876428 
# phi2 = -3.050895 
# Psi = 
#	-1.040624e-02+i(-1.450519e-03)
#	2.537381e-01+i(2.112893e-01)
#	-8.548857e-02+i(-9.399761e-01)
#ProbSurv b 1-|Psi|^2 calls E tol dh dh(prev) dh(last)
0.0537150990119	1	-3.47056e-13	9001	249.82	0.0001	0.0001	0.0001	5e-05
