# a = 0.100000
# b = 1.000000
# E = 7.900000
# tol = 0.000100
# s12 = 0.554977
# s13 = 0.152971
# psi0 = 0.822075 + I0.000000	0.548446 + I0.000000	0.152971 + I0.000000
# dh = 0.000100
# out = data/E7.9e0.0_tol1e-4.log
# model = sun
# scan_steps = 100.000000
# H0 = 
#	 0.000000e+00 0.000000e+00 0.000000e+00
#	 0.000000e+00 1.683162e+04 0.000000e+00
#	 0.000000e+00 0.000000e+00 5.508810e+05
# W = 
#	 6.758072e-01 4.508635e-01 1.257533e-01
#	 4.508635e-01 3.007928e-01 8.389608e-02
#	 1.257533e-01 8.389608e-02 2.340000e-02
# H0W = 
#	 0.000000e+00 -7.588763e+03 -6.927510e+04
#	 7.588763e+03 0.000000e+00 -4.480465e+04
#	 6.927510e+04 4.480465e+04 0.000000e+00
# H0H0W = 
#	 0.000000e+00 1.277312e+08 3.816234e+10
#	 1.277312e+08 0.000000e+00 2.392790e+10
#	 3.816234e+10 2.392790e+10 0.000000e+00
# WH0W = 
#	 2.426614e+04 8.600345e+03 -6.475969e+04
#	 8.600345e+03 6.748749e+02 -4.461641e+04
#	 -6.475969e+04 -4.461641e+04 -2.494101e+04
#################################################
##            CALCULATION COMPLETED            ##
#################################################
# Psi[0]^2 = 0.138163 + I0.000000
# Psi[1]^2 = 0.836315 + I0.000000
# Psi[2]^2 = 0.025522 + I0.000000
# phi0 = -2.127627 
# phi1 = -2.535501 
# phi2 = 2.742541 
# Psi = 
#	-3.155510e-01+i(-1.964440e-01)
#	-5.209549e-01+i(-7.516123e-01)
#	6.207265e-02+i(-1.472047e-01)
#ProbSurv b 1-|Psi|^2 calls E tol dh dh(prev) dh(last)
0.345526110385	1	-9.13269e-12	25277	7.9	0.0001	0.0001	3.5607e-05	3.40637e-05
