# a = 0.100000
# b = 1.000000
# E = 790.000000
# tol = 0.000100
# s12 = 0.554977
# s13 = 0.152971
# psi0 = 0.822075 + I0.000000	0.548446 + I0.000000	0.152971 + I0.000000
# dh = 0.000100
# out = data/E7.9e2.0_tol1e-4.log
# model = sun
# scan_steps = 100.000000
# H0 = 
#	 0.000000e+00 0.000000e+00 0.000000e+00
#	 0.000000e+00 1.683162e+02 0.000000e+00
#	 0.000000e+00 0.000000e+00 5.508810e+03
# W = 
#	 6.758072e-01 4.508635e-01 1.257533e-01
#	 4.508635e-01 3.007928e-01 8.389608e-02
#	 1.257533e-01 8.389608e-02 2.340000e-02
# H0W = 
#	 0.000000e+00 -7.588763e+01 -6.927510e+02
#	 7.588763e+01 0.000000e+00 -4.480465e+02
#	 6.927510e+02 4.480465e+02 0.000000e+00
# H0H0W = 
#	 0.000000e+00 1.277312e+04 3.816234e+06
#	 1.277312e+04 0.000000e+00 2.392790e+06
#	 3.816234e+06 2.392790e+06 0.000000e+00
# WH0W = 
#	 2.426614e+02 8.600345e+01 -6.475969e+02
#	 8.600345e+01 6.748749e+00 -4.461641e+02
#	 -6.475969e+02 -4.461641e+02 -2.494101e+02
#################################################
##            CALCULATION COMPLETED            ##
#################################################
# Psi[0]^2 = 0.000011 + I0.000000
# Psi[1]^2 = 0.002135 + I0.000000
# Psi[2]^2 = 0.997854 + I0.000000
# phi0 = -2.089941 
# phi1 = 2.275085 
# phi2 = 0.008318 
# Psi = 
#	-2.883568e-03+i(-1.647748e-03)
#	3.521251e-02+i(-2.991820e-02)
#	8.308554e-03+i(9.988918e-01)
#ProbSurv b 1-|Psi|^2 calls E tol dh dh(prev) dh(last)
0.0239994349945	1	-1.22569e-13	9001	790	0.0001	0.0001	0.0001	5e-05
