# a = 0.100000
# b = 1.000000
# E = 2498.199352
# tol = 0.000100
# s12 = 0.554977
# s13 = 0.152971
# psi0 = 0.822075 + I0.000000	0.548446 + I0.000000	0.152971 + I0.000000
# dh = 0.000100
# out = data/E7.9e2.5_tol1e-4.log
# model = sun
# scan_steps = 100.000000
# H0 = 
#	 0.000000e+00 0.000000e+00 0.000000e+00
#	 0.000000e+00 5.322625e+01 0.000000e+00
#	 0.000000e+00 0.000000e+00 1.742039e+03
# W = 
#	 6.758072e-01 4.508635e-01 1.257533e-01
#	 4.508635e-01 3.007928e-01 8.389608e-02
#	 1.257533e-01 8.389608e-02 2.340000e-02
# H0W = 
#	 0.000000e+00 -2.399778e+01 -2.190671e+02
#	 2.399778e+01 0.000000e+00 -1.416847e+02
#	 2.190671e+02 1.416847e+02 0.000000e+00
# H0H0W = 
#	 0.000000e+00 1.277312e+03 3.816234e+05
#	 1.277312e+03 0.000000e+00 2.392790e+05
#	 3.816234e+05 2.392790e+05 0.000000e+00
# WH0W = 
#	 7.673626e+01 2.719668e+01 -2.047881e+02
#	 2.719668e+01 2.134142e+00 -1.410895e+02
#	 -2.047881e+02 -1.410895e+02 -7.887040e+01
#################################################
##            CALCULATION COMPLETED            ##
#################################################
# Psi[0]^2 = 0.000001 + I0.000000
# Psi[1]^2 = 0.000147 + I0.000000
# Psi[2]^2 = 0.999852 + I0.000000
# phi0 = -0.904742 
# phi1 = 2.116749 
# phi2 = -1.169418 
# Psi = 
#	-8.855164e-04+i(6.958848e-04)
#	1.036867e-02+i(-6.299488e-03)
#	-9.204551e-01+i(3.906584e-01)
#ProbSurv b 1-|Psi|^2 calls E tol dh dh(prev) dh(last)
0.0234416577403	1	-3.57492e-14	9001	2498.2	0.0001	0.0001	0.0001	5e-05
