# a = 0.100000
# b = 1.000000
# E = 790000.000000
# tol = 0.000100
# s12 = 0.554977
# s13 = 0.152971
# psi0 = 0.822075 + I0.000000	0.548446 + I0.000000	0.152971 + I0.000000
# dh = 0.000100
# out = data/E7.9e5.0_tol1e-4.log
# model = sun
# scan_steps = 100.000000
# H0 = 
#	 0.000000e+00 0.000000e+00 0.000000e+00
#	 0.000000e+00 1.683162e-01 0.000000e+00
#	 0.000000e+00 0.000000e+00 5.508810e+00
# W = 
#	 6.758072e-01 4.508635e-01 1.257533e-01
#	 4.508635e-01 3.007928e-01 8.389608e-02
#	 1.257533e-01 8.389608e-02 2.340000e-02
# H0W = 
#	 0.000000e+00 -7.588763e-02 -6.927510e-01
#	 7.588763e-02 0.000000e+00 -4.480465e-01
#	 6.927510e-01 4.480465e-01 0.000000e+00
# H0H0W = 
#	 0.000000e+00 1.277312e-02 3.816234e+00
#	 1.277312e-02 0.000000e+00 2.392790e+00
#	 3.816234e+00 2.392790e+00 0.000000e+00
# WH0W = 
#	 2.426614e-01 8.600345e-02 -6.475969e-01
#	 8.600345e-02 6.748749e-03 -4.461641e-01
#	 -6.475969e-01 -4.461641e-01 -2.494101e-01
#################################################
##            CALCULATION COMPLETED            ##
#################################################
# Psi[0]^2 = 0.639159 + I0.000000
# Psi[1]^2 = 0.295531 + I0.000000
# Psi[2]^2 = 0.065311 + I0.000000
# phi0 = 2.336974 
# phi1 = 2.359987 
# phi2 = -3.122178 
# Psi = 
#	5.760741e-01+i(-5.543439e-01)
#	3.829419e-01+i(-3.858576e-01)
#	-4.961413e-03+i(-2.555118e-01)
#ProbSurv b 1-|Psi|^2 calls E tol dh dh(prev) dh(last)
0.522369682653	1	-1.00142e-13	9001	790000	0.0001	0.0001	0.0001	5e-05
