# a = 0.100000
# b = 1.000000
# E = 249819.935153
# tol = 0.000100
# s12 = 0.554977
# s13 = 0.152971
# psi0 = 0.822075 + I0.000000	0.548446 + I0.000000	0.152971 + I0.000000
# dh = 0.000100
# out = data/E7.9e4.5_tol1e-4.log
# model = sun
# scan_steps = 100.000000
# H0 = 
#	 0.000000e+00 0.000000e+00 0.000000e+00
#	 0.000000e+00 5.322625e-01 0.000000e+00
#	 0.000000e+00 0.000000e+00 1.742039e+01
# W = 
#	 6.758072e-01 4.508635e-01 1.257533e-01
#	 4.508635e-01 3.007928e-01 8.389608e-02
#	 1.257533e-01 8.389608e-02 2.340000e-02
# H0W = 
#	 0.000000e+00 -2.399778e-01 -2.190671e+00
#	 2.399778e-01 0.000000e+00 -1.416847e+00
#	 2.190671e+00 1.416847e+00 0.000000e+00
# H0H0W = 
#	 0.000000e+00 1.277312e-01 3.816234e+01
#	 1.277312e-01 0.000000e+00 2.392790e+01
#	 3.816234e+01 2.392790e+01 0.000000e+00
# WH0W = 
#	 7.673626e-01 2.719668e-01 -2.047881e+00
#	 2.719668e-01 2.134142e-02 -1.410895e+00
#	 -2.047881e+00 -1.410895e+00 -7.887040e-01
#################################################
##            CALCULATION COMPLETED            ##
#################################################
# Psi[0]^2 = 0.517421 + I0.000000
# Psi[1]^2 = 0.260050 + I0.000000
# Psi[2]^2 = 0.222530 + I0.000000
# phi0 = 2.606731 
# phi1 = 2.681142 
# phi2 = -0.594172 
# Psi = 
#	3.666534e-01+i(-6.188588e-01)
#	2.265977e-01+i(-4.568403e-01)
#	-2.640855e-01+i(3.908815e-01)
#ProbSurv b 1-|Psi|^2 calls E tol dh dh(prev) dh(last)
 0.43310501177	1	-1.0969e-13	9001	249820	0.0001	0.0001	0.0001	5e-05
