# a = 0.100000
# b = 1.000000
# E = 24981.993515
# tol = 0.000100
# s12 = 0.554977
# s13 = 0.152971
# psi0 = 0.822075 + I0.000000	0.548446 + I0.000000	0.152971 + I0.000000
# dh = 0.000100
# out = data/E7.9e3.5_tol1e-4.log
# model = sun
# scan_steps = 100.000000
# H0 = 
#	 0.000000e+00 0.000000e+00 0.000000e+00
#	 0.000000e+00 5.322625e+00 0.000000e+00
#	 0.000000e+00 0.000000e+00 1.742039e+02
# W = 
#	 6.758072e-01 4.508635e-01 1.257533e-01
#	 4.508635e-01 3.007928e-01 8.389608e-02
#	 1.257533e-01 8.389608e-02 2.340000e-02
# H0W = 
#	 0.000000e+00 -2.399778e+00 -2.190671e+01
#	 2.399778e+00 0.000000e+00 -1.416847e+01
#	 2.190671e+01 1.416847e+01 0.000000e+00
# H0H0W = 
#	 0.000000e+00 1.277312e+01 3.816234e+03
#	 1.277312e+01 0.000000e+00 2.392790e+03
#	 3.816234e+03 2.392790e+03 0.000000e+00
# WH0W = 
#	 7.673626e+00 2.719668e+00 -2.047881e+01
#	 2.719668e+00 2.134142e-01 -1.410895e+01
#	 -2.047881e+01 -1.410895e+01 -7.887040e+00
#################################################
##            CALCULATION COMPLETED            ##
#################################################
# Psi[0]^2 = 0.036817 + I0.000000
# Psi[1]^2 = 0.052763 + I0.000000
# Psi[2]^2 = 0.910419 + I0.000000
# phi0 = -0.935568 
# phi1 = -0.156490 
# phi2 = -2.511664 
# Psi = 
#	-1.544497e-01+i(1.138531e-01)
#	-3.579962e-02+i(2.268961e-01)
#	-5.620825e-01+i(-7.710269e-01)
#ProbSurv b 1-|Psi|^2 calls E tol dh dh(prev) dh(last)
0.062056031541	1	-8.77076e-14	9001	24982	0.0001	0.0001	0.0001	5e-05
