# a = 0.100000
# b = 1.000000
# E = 0.790000
# tol = 0.000100
# s12 = 0.554977
# s13 = 0.152971
# psi0 = 0.822075 + I0.000000	0.548446 + I0.000000	0.152971 + I0.000000
# dh = 0.000100
# out = data/E7.9e-1.0_tol1e-4.log
# model = sun
# scan_steps = 100.000000
# H0 = 
#	 0.000000e+00 0.000000e+00 0.000000e+00
#	 0.000000e+00 1.683162e+05 0.000000e+00
#	 0.000000e+00 0.000000e+00 5.508810e+06
# W = 
#	 6.758072e-01 4.508635e-01 1.257533e-01
#	 4.508635e-01 3.007928e-01 8.389608e-02
#	 1.257533e-01 8.389608e-02 2.340000e-02
# H0W = 
#	 0.000000e+00 -7.588763e+04 -6.927510e+05
#	 7.588763e+04 0.000000e+00 -4.480465e+05
#	 6.927510e+05 4.480465e+05 0.000000e+00
# H0H0W = 
#	 0.000000e+00 1.277312e+10 3.816234e+12
#	 1.277312e+10 0.000000e+00 2.392790e+12
#	 3.816234e+12 2.392790e+12 0.000000e+00
# WH0W = 
#	 2.426614e+05 8.600345e+04 -6.475969e+05
#	 8.600345e+04 6.748749e+03 -4.461641e+05
#	 -6.475969e+05 -4.461641e+05 -2.494101e+05
#################################################
##            CALCULATION COMPLETED            ##
#################################################
# Psi[0]^2 = 0.616093 + I0.000000
# Psi[1]^2 = 0.360313 + I0.000000
# Psi[2]^2 = 0.023594 + I0.000000
# phi0 = -1.053856 
# phi1 = 0.918797 
# phi2 = 1.978382 
# Psi = 
#	-6.823554e-01+i(3.879234e-01)
#	4.771306e-01+i(3.642241e-01)
#	1.410195e-01+i(-6.088714e-02)
#ProbSurv b 1-|Psi|^2 calls E tol dh dh(prev) dh(last)
0.525291985457	1	-4.35274e-12	344251	0.79	0.0001	0.0001	2.61438e-06	2.16383e-06
