# a = 0.100000
# b = 1.000000
# E = 800.000000
# tol = 0.000100
# s12 = 0.554977
# s13 = 0.152971
# psi0 = 0.822075 + I0.000000	0.548446 + I0.000000	0.152971 + I0.000000
# dh = 0.000100
# out = data/E8.0e2.0_tol1e-4.log
# model = sun
# scan_steps = 100.000000
# H0 = 
#	 0.000000e+00 0.000000e+00 0.000000e+00
#	 0.000000e+00 1.662122e+02 0.000000e+00
#	 0.000000e+00 0.000000e+00 5.439950e+03
# W = 
#	 6.758072e-01 4.508635e-01 1.257533e-01
#	 4.508635e-01 3.007928e-01 8.389608e-02
#	 1.257533e-01 8.389608e-02 2.340000e-02
# H0W = 
#	 0.000000e+00 -7.493904e+01 -6.840916e+02
#	 7.493904e+01 0.000000e+00 -4.424459e+02
#	 6.840916e+02 4.424459e+02 0.000000e+00
# H0H0W = 
#	 0.000000e+00 1.245578e+04 3.721424e+06
#	 1.245578e+04 0.000000e+00 2.333344e+06
#	 3.721424e+06 2.333344e+06 0.000000e+00
# WH0W = 
#	 2.396281e+02 8.492841e+01 -6.395019e+02
#	 8.492841e+01 6.664390e+00 -4.405871e+02
#	 -6.395019e+02 -4.405871e+02 -2.462925e+02
#################################################
##            CALCULATION COMPLETED            ##
#################################################
# Psi[0]^2 = 0.000012 + I0.000000
# Psi[1]^2 = 0.002067 + I0.000000
# Psi[2]^2 = 0.997920 + I0.000000
# phi0 = -2.594133 
# phi1 = -1.373885 
# phi2 = -3.056229 
# Psi = 
#	-1.825088e-03+i(-2.993833e-03)
#	-4.459004e-02+i(8.895572e-03)
#	-8.517090e-02+i(-9.953222e-01)
#ProbSurv b 1-|Psi|^2 calls E tol dh dh(prev) dh(last)
0.0239815032331	1	-7.28306e-14	9001	800	0.0001	0.0001	0.0001	5e-05
