# a = 0.100000
# b = 1.000000
# E = 8000000.000000
# tol = 0.000100
# s12 = 0.554977
# s13 = 0.152971
# psi0 = 0.822075 + I0.000000	0.548446 + I0.000000	0.152971 + I0.000000
# dh = 0.000100
# out = data/E8.0e6.0_tol1e-4.log
# model = sun
# scan_steps = 100.000000
# H0 = 
#	 0.000000e+00 0.000000e+00 0.000000e+00
#	 0.000000e+00 1.662122e-02 0.000000e+00
#	 0.000000e+00 0.000000e+00 5.439950e-01
# W = 
#	 6.758072e-01 4.508635e-01 1.257533e-01
#	 4.508635e-01 3.007928e-01 8.389608e-02
#	 1.257533e-01 8.389608e-02 2.340000e-02
# H0W = 
#	 0.000000e+00 -7.493904e-03 -6.840916e-02
#	 7.493904e-03 0.000000e+00 -4.424459e-02
#	 6.840916e-02 4.424459e-02 0.000000e+00
# H0H0W = 
#	 0.000000e+00 1.245578e-04 3.721424e-02
#	 1.245578e-04 0.000000e+00 2.333344e-02
#	 3.721424e-02 2.333344e-02 0.000000e+00
# WH0W = 
#	 2.396281e-02 8.492841e-03 -6.395019e-02
#	 8.492841e-03 6.664390e-04 -4.405871e-02
#	 -6.395019e-02 -4.405871e-02 -2.462925e-02
#################################################
##            CALCULATION COMPLETED            ##
#################################################
# Psi[0]^2 = 0.673032 + I0.000000
# Psi[1]^2 = 0.300679 + I0.000000
# Psi[2]^2 = 0.026289 + I0.000000
# phi0 = 2.211994 
# phi1 = 2.214269 
# phi2 = 2.287193 
# Psi = 
#	6.574403e-01+i(-4.907184e-01)
#	4.386826e-01+i(-3.289927e-01)
#	1.222817e-01+i(-1.064722e-01)
#ProbSurv b 1-|Psi|^2 calls E tol dh dh(prev) dh(last)
0.545897177733	1	-9.59233e-14	9001	8e+06	0.0001	0.0001	0.0001	5e-05
