# a = 0.100000
# b = 1.000000
# E = 252982.212813
# tol = 0.000100
# s12 = 0.554977
# s13 = 0.152971
# psi0 = 0.822075 + I0.000000	0.548446 + I0.000000	0.152971 + I0.000000
# dh = 0.000100
# out = data/E8.0e4.5_tol1e-4.log
# model = sun
# scan_steps = 100.000000
# H0 = 
#	 0.000000e+00 0.000000e+00 0.000000e+00
#	 0.000000e+00 5.256092e-01 0.000000e+00
#	 0.000000e+00 0.000000e+00 1.720263e+01
# W = 
#	 6.758072e-01 4.508635e-01 1.257533e-01
#	 4.508635e-01 3.007928e-01 8.389608e-02
#	 1.257533e-01 8.389608e-02 2.340000e-02
# H0W = 
#	 0.000000e+00 -2.369780e-01 -2.163288e+00
#	 2.369780e-01 0.000000e+00 -1.399137e+00
#	 2.163288e+00 1.399137e+00 0.000000e+00
# H0H0W = 
#	 0.000000e+00 1.245578e-01 3.721424e+01
#	 1.245578e-01 0.000000e+00 2.333344e+01
#	 3.721424e+01 2.333344e+01 0.000000e+00
# WH0W = 
#	 7.577705e-01 2.685672e-01 -2.022283e+00
#	 2.685672e-01 2.107465e-02 -1.393259e+00
#	 -2.022283e+00 -1.393259e+00 -7.788452e-01
#################################################
##            CALCULATION COMPLETED            ##
#################################################
# Psi[0]^2 = 0.519479 + I0.000000
# Psi[1]^2 = 0.260701 + I0.000000
# Psi[2]^2 = 0.219821 + I0.000000
# phi0 = 2.602481 
# phi1 = 2.675926 
# phi2 = -0.646082 
# Psi = 
#	3.700133e-01+i(-6.185216e-01)
#	2.292637e-01+i(-4.562224e-01)
#	-2.822772e-01+i(3.743529e-01)
#ProbSurv b 1-|Psi|^2 calls E tol dh dh(prev) dh(last)
0.434628199457	1	-1.12799e-13	9001	252982	0.0001	0.0001	0.0001	5e-05
