# a = 0.100000
# b = 1.000000
# E = 80000.000000
# tol = 0.000100
# s12 = 0.554977
# s13 = 0.152971
# psi0 = 0.822075 + I0.000000	0.548446 + I0.000000	0.152971 + I0.000000
# dh = 0.000100
# out = data/E8.0e4.0_tol1e-4.log
# model = sun
# scan_steps = 100.000000
# H0 = 
#	 0.000000e+00 0.000000e+00 0.000000e+00
#	 0.000000e+00 1.662122e+00 0.000000e+00
#	 0.000000e+00 0.000000e+00 5.439950e+01
# W = 
#	 6.758072e-01 4.508635e-01 1.257533e-01
#	 4.508635e-01 3.007928e-01 8.389608e-02
#	 1.257533e-01 8.389608e-02 2.340000e-02
# H0W = 
#	 0.000000e+00 -7.493904e-01 -6.840916e+00
#	 7.493904e-01 0.000000e+00 -4.424459e+00
#	 6.840916e+00 4.424459e+00 0.000000e+00
# H0H0W = 
#	 0.000000e+00 1.245578e+00 3.721424e+02
#	 1.245578e+00 0.000000e+00 2.333344e+02
#	 3.721424e+02 2.333344e+02 0.000000e+00
# WH0W = 
#	 2.396281e+00 8.492841e-01 -6.395019e+00
#	 8.492841e-01 6.664390e-02 -4.405871e+00
#	 -6.395019e+00 -4.405871e+00 -2.462925e+00
#################################################
##            CALCULATION COMPLETED            ##
#################################################
# Psi[0]^2 = 0.288728 + I0.000000
# Psi[1]^2 = 0.186279 + I0.000000
# Psi[2]^2 = 0.524993 + I0.000000
# phi0 = -2.958171 
# phi1 = -2.725948 
# phi2 = -1.843201 
# Psi = 
#	-9.800729e-02+i(-5.283207e-01)
#	-1.742716e-01+i(-3.948524e-01)
#	-6.978468e-01+i(-1.949425e-01)
#ProbSurv b 1-|Psi|^2 calls E tol dh dh(prev) dh(last)
0.263440813758	1	-1.04139e-13	9001	80000	0.0001	0.0001	0.0001	5e-05
