# a = 0.100000
# b = 1.000000
# E = 2.529822
# tol = 0.000100
# s12 = 0.554977
# s13 = 0.152971
# psi0 = 0.822075 + I0.000000	0.548446 + I0.000000	0.152971 + I0.000000
# dh = 0.000100
# out = data/E8.0e-0.5_tol1e-4.log
# model = sun
# scan_steps = 100.000000
# H0 = 
#	 0.000000e+00 0.000000e+00 0.000000e+00
#	 0.000000e+00 5.256092e+04 0.000000e+00
#	 0.000000e+00 0.000000e+00 1.720263e+06
# W = 
#	 6.758072e-01 4.508635e-01 1.257533e-01
#	 4.508635e-01 3.007928e-01 8.389608e-02
#	 1.257533e-01 8.389608e-02 2.340000e-02
# H0W = 
#	 0.000000e+00 -2.369780e+04 -2.163288e+05
#	 2.369780e+04 0.000000e+00 -1.399137e+05
#	 2.163288e+05 1.399137e+05 0.000000e+00
# H0H0W = 
#	 0.000000e+00 1.245578e+09 3.721424e+11
#	 1.245578e+09 0.000000e+00 2.333344e+11
#	 3.721424e+11 2.333344e+11 0.000000e+00
# WH0W = 
#	 7.577705e+04 2.685672e+04 -2.022283e+05
#	 2.685672e+04 2.107465e+03 -1.393259e+05
#	 -2.022283e+05 -1.393259e+05 -7.788452e+04
#################################################
##            CALCULATION COMPLETED            ##
#################################################
# Psi[0]^2 = 0.465277 + I0.000000
# Psi[1]^2 = 0.510694 + I0.000000
# Psi[2]^2 = 0.024029 + I0.000000
# phi0 = -0.845466 
# phi1 = 2.236653 
# phi2 = -0.101987 
# Psi = 
#	-5.104110e-01+i(4.525016e-01)
#	5.619751e-01+i(-4.414499e-01)
#	-1.578177e-02+i(1.542068e-01)
#ProbSurv b 1-|Psi|^2 calls E tol dh dh(prev) dh(last)
0.468613006437	1	-1.1531e-11	116651	2.52982	0.0001	0.0001	7.71545e-06	4.05642e-06
