# a = 0.100000
# b = 1.000000
# E = 8.000000
# tol = 0.000100
# s12 = 0.554977
# s13 = 0.152971
# psi0 = 0.822075 + I0.000000	0.548446 + I0.000000	0.152971 + I0.000000
# dh = 0.000100
# out = data/E8.0e0.0_tol1e-4.log
# model = sun
# scan_steps = 100.000000
# H0 = 
#	 0.000000e+00 0.000000e+00 0.000000e+00
#	 0.000000e+00 1.662122e+04 0.000000e+00
#	 0.000000e+00 0.000000e+00 5.439950e+05
# W = 
#	 6.758072e-01 4.508635e-01 1.257533e-01
#	 4.508635e-01 3.007928e-01 8.389608e-02
#	 1.257533e-01 8.389608e-02 2.340000e-02
# H0W = 
#	 0.000000e+00 -7.493904e+03 -6.840916e+04
#	 7.493904e+03 0.000000e+00 -4.424459e+04
#	 6.840916e+04 4.424459e+04 0.000000e+00
# H0H0W = 
#	 0.000000e+00 1.245578e+08 3.721424e+10
#	 1.245578e+08 0.000000e+00 2.333344e+10
#	 3.721424e+10 2.333344e+10 0.000000e+00
# WH0W = 
#	 2.396281e+04 8.492841e+03 -6.395019e+04
#	 8.492841e+03 6.664390e+02 -4.405871e+04
#	 -6.395019e+04 -4.405871e+04 -2.462925e+04
#################################################
##            CALCULATION COMPLETED            ##
#################################################
# Psi[0]^2 = 0.135180 + I0.000000
# Psi[1]^2 = 0.839320 + I0.000000
# Psi[2]^2 = 0.025501 + I0.000000
# phi0 = 0.092194 
# phi1 = 0.653757 
# phi2 = 0.564379 
# Psi = 
#	3.384874e-02+i(3.661065e-01)
#	5.571738e-01+i(7.272393e-01)
#	8.541632e-02+i(1.349246e-01)
#ProbSurv b 1-|Psi|^2 calls E tol dh dh(prev) dh(last)
0.344413463798	1	-9.62519e-12	24964	8	0.0001	0.0001	3.60539e-05	2.90636e-05
