# a = 0.100000
# b = 1.000000
# E = 8000.000000
# tol = 0.000100
# s12 = 0.554977
# s13 = 0.152971
# psi0 = 0.822075 + I0.000000	0.548446 + I0.000000	0.152971 + I0.000000
# dh = 0.000100
# out = data/E8.0e3.0_tol1e-4.log
# model = sun
# scan_steps = 100.000000
# H0 = 
#	 0.000000e+00 0.000000e+00 0.000000e+00
#	 0.000000e+00 1.662122e+01 0.000000e+00
#	 0.000000e+00 0.000000e+00 5.439950e+02
# W = 
#	 6.758072e-01 4.508635e-01 1.257533e-01
#	 4.508635e-01 3.007928e-01 8.389608e-02
#	 1.257533e-01 8.389608e-02 2.340000e-02
# H0W = 
#	 0.000000e+00 -7.493904e+00 -6.840916e+01
#	 7.493904e+00 0.000000e+00 -4.424459e+01
#	 6.840916e+01 4.424459e+01 0.000000e+00
# H0H0W = 
#	 0.000000e+00 1.245578e+02 3.721424e+04
#	 1.245578e+02 0.000000e+00 2.333344e+04
#	 3.721424e+04 2.333344e+04 0.000000e+00
# WH0W = 
#	 2.396281e+01 8.492841e+00 -6.395019e+01
#	 8.492841e+00 6.664390e-01 -4.405871e+01
#	 -6.395019e+01 -4.405871e+01 -2.462925e+01
#################################################
##            CALCULATION COMPLETED            ##
#################################################
# Psi[0]^2 = 0.000019 + I0.000000
# Psi[1]^2 = 0.000589 + I0.000000
# Psi[2]^2 = 0.999392 + I0.000000
# phi0 = -2.119733 
# phi1 = 1.087885 
# phi2 = 1.557110 
# Psi = 
#	-3.725062e-03+i(-2.278407e-03)
#	2.149188e-02+i(1.126855e-02)
#	9.996024e-01+i(1.368137e-02)
#ProbSurv b 1-|Psi|^2 calls E tol dh dh(prev) dh(last)
0.023575790947	1	-6.66134e-14	9001	8000	0.0001	0.0001	0.0001	5e-05
