# a = 0.100000
# b = 1.000000
# E = 80.000000
# tol = 0.000100
# s12 = 0.554977
# s13 = 0.152971
# psi0 = 0.822075 + I0.000000	0.548446 + I0.000000	0.152971 + I0.000000
# dh = 0.000100
# out = data/E8.0e1.0_tol1e-4.log
# model = sun
# scan_steps = 100.000000
# H0 = 
#	 0.000000e+00 0.000000e+00 0.000000e+00
#	 0.000000e+00 1.662122e+03 0.000000e+00
#	 0.000000e+00 0.000000e+00 5.439950e+04
# W = 
#	 6.758072e-01 4.508635e-01 1.257533e-01
#	 4.508635e-01 3.007928e-01 8.389608e-02
#	 1.257533e-01 8.389608e-02 2.340000e-02
# H0W = 
#	 0.000000e+00 -7.493904e+02 -6.840916e+03
#	 7.493904e+02 0.000000e+00 -4.424459e+03
#	 6.840916e+03 4.424459e+03 0.000000e+00
# H0H0W = 
#	 0.000000e+00 1.245578e+06 3.721424e+08
#	 1.245578e+06 0.000000e+00 2.333344e+08
#	 3.721424e+08 2.333344e+08 0.000000e+00
# WH0W = 
#	 2.396281e+03 8.492841e+02 -6.395019e+03
#	 8.492841e+02 6.664390e+01 -4.405871e+03
#	 -6.395019e+03 -4.405871e+03 -2.462925e+03
#################################################
##            CALCULATION COMPLETED            ##
#################################################
# Psi[0]^2 = 0.001237 + I0.000000
# Psi[1]^2 = 0.932361 + I0.000000
# Psi[2]^2 = 0.066402 + I0.000000
# phi0 = 0.600051 
# phi1 = 0.724698 
# phi2 = -0.783682 
# Psi = 
#	1.985677e-02+i(2.902137e-02)
#	6.400978e-01+i(7.229358e-01)
#	-1.818987e-01+i(1.825241e-01)
#ProbSurv b 1-|Psi|^2 calls E tol dh dh(prev) dh(last)
0.282837021384	1	1.93623e-13	9001	80	0.0001	0.0001	0.0001	5e-05
