# a = 0.100000
# b = 1.000000
# E = 8.100000
# tol = 0.000100
# s12 = 0.554977
# s13 = 0.152971
# psi0 = 0.822075 + I0.000000	0.548446 + I0.000000	0.152971 + I0.000000
# dh = 0.000100
# out = data/E8.1e0.0_tol1e-4.log
# model = sun
# scan_steps = 100.000000
# H0 = 
#	 0.000000e+00 0.000000e+00 0.000000e+00
#	 0.000000e+00 1.641602e+04 0.000000e+00
#	 0.000000e+00 0.000000e+00 5.372790e+05
# W = 
#	 6.758072e-01 4.508635e-01 1.257533e-01
#	 4.508635e-01 3.007928e-01 8.389608e-02
#	 1.257533e-01 8.389608e-02 2.340000e-02
# H0W = 
#	 0.000000e+00 -7.401386e+03 -6.756460e+04
#	 7.401386e+03 0.000000e+00 -4.369836e+04
#	 6.756460e+04 4.369836e+04 0.000000e+00
# H0H0W = 
#	 0.000000e+00 1.215013e+08 3.630104e+10
#	 1.215013e+08 0.000000e+00 2.276086e+10
#	 3.630104e+10 2.276086e+10 0.000000e+00
# WH0W = 
#	 2.366697e+04 8.387991e+03 -6.316068e+04
#	 8.387991e+03 6.582113e+02 -4.351477e+04
#	 -6.316068e+04 -4.351477e+04 -2.432518e+04
#################################################
##            CALCULATION COMPLETED            ##
#################################################
# Psi[0]^2 = 0.132284 + I0.000000
# Psi[1]^2 = 0.842276 + I0.000000
# Psi[2]^2 = 0.025440 + I0.000000
# phi0 = 2.334326 
# phi1 = 2.212854 
# phi2 = 0.616000 
# Psi = 
#	2.627433e-01+i(-2.514957e-01)
#	7.349985e-01+i(-5.495934e-01)
#	9.215493e-02+i(1.301829e-01)
#ProbSurv b 1-|Psi|^2 calls E tol dh dh(prev) dh(last)
 0.34334435467	1	-7.63167e-12	24654	8.1	0.0001	0.0001	3.65078e-05	2.26276e-05
