# a = 0.100000
# b = 1.000000
# E = 2561.444905
# tol = 0.000100
# s12 = 0.554977
# s13 = 0.152971
# psi0 = 0.822075 + I0.000000	0.548446 + I0.000000	0.152971 + I0.000000
# dh = 0.000100
# out = data/E8.1e2.5_tol1e-4.log
# model = sun
# scan_steps = 100.000000
# H0 = 
#	 0.000000e+00 0.000000e+00 0.000000e+00
#	 0.000000e+00 5.191202e+01 0.000000e+00
#	 0.000000e+00 0.000000e+00 1.699025e+03
# W = 
#	 6.758072e-01 4.508635e-01 1.257533e-01
#	 4.508635e-01 3.007928e-01 8.389608e-02
#	 1.257533e-01 8.389608e-02 2.340000e-02
# H0W = 
#	 0.000000e+00 -2.340524e+01 -2.136580e+02
#	 2.340524e+01 0.000000e+00 -1.381864e+02
#	 2.136580e+02 1.381864e+02 0.000000e+00
# H0H0W = 
#	 0.000000e+00 1.215013e+03 3.630104e+05
#	 1.215013e+03 0.000000e+00 2.276086e+05
#	 3.630104e+05 2.276086e+05 0.000000e+00
# WH0W = 
#	 7.484154e+01 2.652516e+01 -1.997316e+02
#	 2.652516e+01 2.081447e+00 -1.376058e+02
#	 -1.997316e+02 -1.376058e+02 -7.692298e+01
#################################################
##            CALCULATION COMPLETED            ##
#################################################
# Psi[0]^2 = 0.000001 + I0.000000
# Psi[1]^2 = 0.000140 + I0.000000
# Psi[2]^2 = 0.999859 + I0.000000
# phi0 = -1.515695 
# phi1 = -2.241270 
# phi2 = 1.465647 
# Psi = 
#	-9.275420e-04+i(5.116047e-05)
#	-9.263165e-03+i(-7.345923e-03)
#	9.944070e-01+i(1.049481e-01)
#ProbSurv b 1-|Psi|^2 calls E tol dh dh(prev) dh(last)
0.0234393338552	1	-5.35127e-14	9001	2561.44	0.0001	0.0001	0.0001	5e-05
