# a = 0.100000
# b = 1.000000
# E = 810000.000000
# tol = 0.000100
# s12 = 0.554977
# s13 = 0.152971
# psi0 = 0.822075 + I0.000000	0.548446 + I0.000000	0.152971 + I0.000000
# dh = 0.000100
# out = data/E8.1e5.0_tol1e-4.log
# model = sun
# scan_steps = 100.000000
# H0 = 
#	 0.000000e+00 0.000000e+00 0.000000e+00
#	 0.000000e+00 1.641602e-01 0.000000e+00
#	 0.000000e+00 0.000000e+00 5.372790e+00
# W = 
#	 6.758072e-01 4.508635e-01 1.257533e-01
#	 4.508635e-01 3.007928e-01 8.389608e-02
#	 1.257533e-01 8.389608e-02 2.340000e-02
# H0W = 
#	 0.000000e+00 -7.401386e-02 -6.756460e-01
#	 7.401386e-02 0.000000e+00 -4.369836e-01
#	 6.756460e-01 4.369836e-01 0.000000e+00
# H0H0W = 
#	 0.000000e+00 1.215013e-02 3.630104e+00
#	 1.215013e-02 0.000000e+00 2.276086e+00
#	 3.630104e+00 2.276086e+00 0.000000e+00
# WH0W = 
#	 2.366697e-01 8.387991e-02 -6.316068e-01
#	 8.387991e-02 6.582113e-03 -4.351477e-01
#	 -6.316068e-01 -4.351477e-01 -2.432518e-01
#################################################
##            CALCULATION COMPLETED            ##
#################################################
# Psi[0]^2 = 0.640298 + I0.000000
# Psi[1]^2 = 0.295776 + I0.000000
# Psi[2]^2 = 0.063925 + I0.000000
# phi0 = 2.333557 
# phi1 = 2.356001 
# phi2 = 3.135613 
# Psi = 
#	5.784799e-01+i(-5.528647e-01)
#	3.846366e-01+i(-3.844880e-01)
#	1.511799e-03+i(-2.528301e-01)
#ProbSurv b 1-|Psi|^2 calls E tol dh dh(prev) dh(last)
0.523181465052	1	-9.9476e-14	9001	810000	0.0001	0.0001	0.0001	5e-05
