# a = 0.100000
# b = 1.000000
# E = 25.614449
# tol = 0.000100
# s12 = 0.554977
# s13 = 0.152971
# psi0 = 0.822075 + I0.000000	0.548446 + I0.000000	0.152971 + I0.000000
# dh = 0.000100
# out = data/E8.1e0.5_tol1e-4.log
# model = sun
# scan_steps = 100.000000
# H0 = 
#	 0.000000e+00 0.000000e+00 0.000000e+00
#	 0.000000e+00 5.191202e+03 0.000000e+00
#	 0.000000e+00 0.000000e+00 1.699025e+05
# W = 
#	 6.758072e-01 4.508635e-01 1.257533e-01
#	 4.508635e-01 3.007928e-01 8.389608e-02
#	 1.257533e-01 8.389608e-02 2.340000e-02
# H0W = 
#	 0.000000e+00 -2.340524e+03 -2.136580e+04
#	 2.340524e+03 0.000000e+00 -1.381864e+04
#	 2.136580e+04 1.381864e+04 0.000000e+00
# H0H0W = 
#	 0.000000e+00 1.215013e+07 3.630104e+09
#	 1.215013e+07 0.000000e+00 2.276086e+09
#	 3.630104e+09 2.276086e+09 0.000000e+00
# WH0W = 
#	 7.484154e+03 2.652516e+03 -1.997316e+04
#	 2.652516e+03 2.081447e+02 -1.376058e+04
#	 -1.997316e+04 -1.376058e+04 -7.692298e+03
#################################################
##            CALCULATION COMPLETED            ##
#################################################
# Psi[0]^2 = 0.012847 + I0.000000
# Psi[1]^2 = 0.956045 + I0.000000
# Psi[2]^2 = 0.031107 + I0.000000
# phi0 = 2.963377 
# phi1 = -0.017347 
# phi2 = -1.806466 
# Psi = 
#	2.009319e-02+i(-1.115501e-01)
#	-1.696108e-02+i(9.776287e-01)
#	-1.714975e-01+i(-4.118210e-02)
#ProbSurv b 1-|Psi|^2 calls E tol dh dh(prev) dh(last)
 0.29698170844	1	-1.79368e-12	9001	25.6144	0.0001	0.0001	0.0001	5e-05
