# a = 0.100000
# b = 1.000000
# E = 0.810000
# tol = 0.000100
# s12 = 0.554977
# s13 = 0.152971
# psi0 = 0.822075 + I0.000000	0.548446 + I0.000000	0.152971 + I0.000000
# dh = 0.000100
# out = data/E8.1e-1.0_tol1e-4.log
# model = sun
# scan_steps = 100.000000
# H0 = 
#	 0.000000e+00 0.000000e+00 0.000000e+00
#	 0.000000e+00 1.641602e+05 0.000000e+00
#	 0.000000e+00 0.000000e+00 5.372790e+06
# W = 
#	 6.758072e-01 4.508635e-01 1.257533e-01
#	 4.508635e-01 3.007928e-01 8.389608e-02
#	 1.257533e-01 8.389608e-02 2.340000e-02
# H0W = 
#	 0.000000e+00 -7.401386e+04 -6.756460e+05
#	 7.401386e+04 0.000000e+00 -4.369836e+05
#	 6.756460e+05 4.369836e+05 0.000000e+00
# H0H0W = 
#	 0.000000e+00 1.215013e+10 3.630104e+12
#	 1.215013e+10 0.000000e+00 2.276086e+12
#	 3.630104e+12 2.276086e+12 0.000000e+00
# WH0W = 
#	 2.366697e+05 8.387991e+04 -6.316068e+05
#	 8.387991e+04 6.582113e+03 -4.351477e+05
#	 -6.316068e+05 -4.351477e+05 -2.432518e+05
#################################################
##            CALCULATION COMPLETED            ##
#################################################
# Psi[0]^2 = 0.614485 + I0.000000
# Psi[1]^2 = 0.361917 + I0.000000
# Psi[2]^2 = 0.023599 + I0.000000
# phi0 = -1.872996 
# phi1 = -0.129134 
# phi2 = -0.722431 
# Psi = 
#	-7.483679e-01+i(-2.333026e-01)
#	-7.747091e-02+i(5.965861e-01)
#	-1.015743e-01+i(1.152447e-01)
#ProbSurv b 1-|Psi|^2 calls E tol dh dh(prev) dh(last)
0.524687280402	1	3.57933e-11	301203	0.81	0.0001	0.0001	2.98804e-06	1.81782e-06
