# a = 0.100000
# b = 1.000000
# E = 256144.490474
# tol = 0.000100
# s12 = 0.554977
# s13 = 0.152971
# psi0 = 0.822075 + I0.000000	0.548446 + I0.000000	0.152971 + I0.000000
# dh = 0.000100
# out = data/E8.1e4.5_tol1e-4.log
# model = sun
# scan_steps = 100.000000
# H0 = 
#	 0.000000e+00 0.000000e+00 0.000000e+00
#	 0.000000e+00 5.191202e-01 0.000000e+00
#	 0.000000e+00 0.000000e+00 1.699025e+01
# W = 
#	 6.758072e-01 4.508635e-01 1.257533e-01
#	 4.508635e-01 3.007928e-01 8.389608e-02
#	 1.257533e-01 8.389608e-02 2.340000e-02
# H0W = 
#	 0.000000e+00 -2.340524e-01 -2.136580e+00
#	 2.340524e-01 0.000000e+00 -1.381864e+00
#	 2.136580e+00 1.381864e+00 0.000000e+00
# H0H0W = 
#	 0.000000e+00 1.215013e-01 3.630104e+01
#	 1.215013e-01 0.000000e+00 2.276086e+01
#	 3.630104e+01 2.276086e+01 0.000000e+00
# WH0W = 
#	 7.484154e-01 2.652516e-01 -1.997316e+00
#	 2.652516e-01 2.081447e-02 -1.376058e+00
#	 -1.997316e+00 -1.376058e+00 -7.692298e-01
#################################################
##            CALCULATION COMPLETED            ##
#################################################
# Psi[0]^2 = 0.521510 + I0.000000
# Psi[1]^2 = 0.261345 + I0.000000
# Psi[2]^2 = 0.217145 + I0.000000
# phi0 = 2.598318 
# phi1 = 2.670821 
# phi2 = -0.696493 
# Psi = 
#	3.733129e-01+i(-6.181810e-01)
#	2.318757e-01+i(-4.556075e-01)
#	-2.989463e-01+i(3.574582e-01)
#ProbSurv b 1-|Psi|^2 calls E tol dh dh(prev) dh(last)
0.436132127518	1	-9.14824e-14	9001	256144	0.0001	0.0001	0.0001	5e-05
