# a = 0.100000
# b = 1.000000
# E = 256.144490
# tol = 0.000100
# s12 = 0.554977
# s13 = 0.152971
# psi0 = 0.822075 + I0.000000	0.548446 + I0.000000	0.152971 + I0.000000
# dh = 0.000100
# out = data/E8.1e1.5_tol1e-4.log
# model = sun
# scan_steps = 100.000000
# H0 = 
#	 0.000000e+00 0.000000e+00 0.000000e+00
#	 0.000000e+00 5.191202e+02 0.000000e+00
#	 0.000000e+00 0.000000e+00 1.699025e+04
# W = 
#	 6.758072e-01 4.508635e-01 1.257533e-01
#	 4.508635e-01 3.007928e-01 8.389608e-02
#	 1.257533e-01 8.389608e-02 2.340000e-02
# H0W = 
#	 0.000000e+00 -2.340524e+02 -2.136580e+03
#	 2.340524e+02 0.000000e+00 -1.381864e+03
#	 2.136580e+03 1.381864e+03 0.000000e+00
# H0H0W = 
#	 0.000000e+00 1.215013e+05 3.630104e+07
#	 1.215013e+05 0.000000e+00 2.276086e+07
#	 3.630104e+07 2.276086e+07 0.000000e+00
# WH0W = 
#	 7.484154e+02 2.652516e+02 -1.997316e+03
#	 2.652516e+02 2.081447e+01 -1.376058e+03
#	 -1.997316e+03 -1.376058e+03 -7.692298e+02
#################################################
##            CALCULATION COMPLETED            ##
#################################################
# Psi[0]^2 = 0.000105 + I0.000000
# Psi[1]^2 = 0.096560 + I0.000000
# Psi[2]^2 = 0.903335 + I0.000000
# phi0 = 1.726653 
# phi1 = -0.788724 
# phi2 = -1.694103 
# Psi = 
#	1.011830e-02+i(-1.589899e-03)
#	-2.204568e-01+i(2.189951e-01)
#	-9.432230e-01+i(-1.168992e-01)
#ProbSurv b 1-|Psi|^2 calls E tol dh dh(prev) dh(last)
0.050253497001	1	-3.31513e-13	9001	256.144	0.0001	0.0001	0.0001	5e-05
