# a = 0.100000
# b = 1.000000
# E = 81000.000000
# tol = 0.000100
# s12 = 0.554977
# s13 = 0.152971
# psi0 = 0.822075 + I0.000000	0.548446 + I0.000000	0.152971 + I0.000000
# dh = 0.000100
# out = data/E8.1e4.0_tol1e-4.log
# model = sun
# scan_steps = 100.000000
# H0 = 
#	 0.000000e+00 0.000000e+00 0.000000e+00
#	 0.000000e+00 1.641602e+00 0.000000e+00
#	 0.000000e+00 0.000000e+00 5.372790e+01
# W = 
#	 6.758072e-01 4.508635e-01 1.257533e-01
#	 4.508635e-01 3.007928e-01 8.389608e-02
#	 1.257533e-01 8.389608e-02 2.340000e-02
# H0W = 
#	 0.000000e+00 -7.401386e-01 -6.756460e+00
#	 7.401386e-01 0.000000e+00 -4.369836e+00
#	 6.756460e+00 4.369836e+00 0.000000e+00
# H0H0W = 
#	 0.000000e+00 1.215013e+00 3.630104e+02
#	 1.215013e+00 0.000000e+00 2.276086e+02
#	 3.630104e+02 2.276086e+02 0.000000e+00
# WH0W = 
#	 2.366697e+00 8.387991e-01 -6.316068e+00
#	 8.387991e-01 6.582113e-02 -4.351477e+00
#	 -6.316068e+00 -4.351477e+00 -2.432518e+00
#################################################
##            CALCULATION COMPLETED            ##
#################################################
# Psi[0]^2 = 0.292527 + I0.000000
# Psi[1]^2 = 0.187760 + I0.000000
# Psi[2]^2 = 0.519713 + I0.000000
# phi0 = -2.971451 
# phi1 = -2.742171 
# phi2 = -2.078074 
# Psi = 
#	-9.157923e-02+i(-5.330483e-01)
#	-1.685090e-01+i(-3.992051e-01)
#	-6.301270e-01+i(-3.502182e-01)
#ProbSurv b 1-|Psi|^2 calls E tol dh dh(prev) dh(last)
0.266330140566	1	-1.19682e-13	9001	81000	0.0001	0.0001	0.0001	5e-05
