# a = 0.100000
# b = 1.000000
# E = 2.561445
# tol = 0.000100
# s12 = 0.554977
# s13 = 0.152971
# psi0 = 0.822075 + I0.000000	0.548446 + I0.000000	0.152971 + I0.000000
# dh = 0.000100
# out = data/E8.1e-0.5_tol1e-4.log
# model = sun
# scan_steps = 100.000000
# H0 = 
#	 0.000000e+00 0.000000e+00 0.000000e+00
#	 0.000000e+00 5.191202e+04 0.000000e+00
#	 0.000000e+00 0.000000e+00 1.699025e+06
# W = 
#	 6.758072e-01 4.508635e-01 1.257533e-01
#	 4.508635e-01 3.007928e-01 8.389608e-02
#	 1.257533e-01 8.389608e-02 2.340000e-02
# H0W = 
#	 0.000000e+00 -2.340524e+04 -2.136580e+05
#	 2.340524e+04 0.000000e+00 -1.381864e+05
#	 2.136580e+05 1.381864e+05 0.000000e+00
# H0H0W = 
#	 0.000000e+00 1.215013e+09 3.630104e+11
#	 1.215013e+09 0.000000e+00 2.276086e+11
#	 3.630104e+11 2.276086e+11 0.000000e+00
# WH0W = 
#	 7.484154e+04 2.652516e+04 -1.997316e+05
#	 2.652516e+04 2.081447e+03 -1.376058e+05
#	 -1.997316e+05 -1.376058e+05 -7.692298e+04
#################################################
##            CALCULATION COMPLETED            ##
#################################################
# Psi[0]^2 = 0.462493 + I0.000000
# Psi[1]^2 = 0.513470 + I0.000000
# Psi[2]^2 = 0.024037 + I0.000000
# phi0 = -2.272368 
# phi1 = -2.297928 
# phi2 = -0.683959 
# Psi = 
#	-5.194559e-01+i(-4.389290e-01)
#	-5.353369e-01+i(-4.763239e-01)
#	-9.796343e-02+i(1.201665e-01)
#ProbSurv b 1-|Psi|^2 calls E tol dh dh(prev) dh(last)
0.467566724228	1	-1.07716e-11	112905	2.56144	0.0001	0.0001	7.97144e-06	4.13356e-06
