# a = 0.100000
# b = 1.000000
# E = 8100.000000
# tol = 0.000100
# s12 = 0.554977
# s13 = 0.152971
# psi0 = 0.822075 + I0.000000	0.548446 + I0.000000	0.152971 + I0.000000
# dh = 0.000100
# out = data/E8.1e3.0_tol1e-4.log
# model = sun
# scan_steps = 100.000000
# H0 = 
#	 0.000000e+00 0.000000e+00 0.000000e+00
#	 0.000000e+00 1.641602e+01 0.000000e+00
#	 0.000000e+00 0.000000e+00 5.372790e+02
# W = 
#	 6.758072e-01 4.508635e-01 1.257533e-01
#	 4.508635e-01 3.007928e-01 8.389608e-02
#	 1.257533e-01 8.389608e-02 2.340000e-02
# H0W = 
#	 0.000000e+00 -7.401386e+00 -6.756460e+01
#	 7.401386e+00 0.000000e+00 -4.369836e+01
#	 6.756460e+01 4.369836e+01 0.000000e+00
# H0H0W = 
#	 0.000000e+00 1.215013e+02 3.630104e+04
#	 1.215013e+02 0.000000e+00 2.276086e+04
#	 3.630104e+04 2.276086e+04 0.000000e+00
# WH0W = 
#	 2.366697e+01 8.387991e+00 -6.316068e+01
#	 8.387991e+00 6.582113e-01 -4.351477e+01
#	 -6.316068e+01 -4.351477e+01 -2.432518e+01
#################################################
##            CALCULATION COMPLETED            ##
#################################################
# Psi[0]^2 = 0.000033 + I0.000000
# Psi[1]^2 = 0.000676 + I0.000000
# Psi[2]^2 = 0.999291 + I0.000000
# phi0 = -2.369595 
# phi1 = 0.698982 
# phi2 = -2.223663 
# Psi = 
#	-4.006951e-03+i(-4.115809e-03)
#	1.673445e-02+i(1.990895e-02)
#	-7.940640e-01+i(-6.072503e-01)
#ProbSurv b 1-|Psi|^2 calls E tol dh dh(prev) dh(last)
0.0236091572561	1	-1.34115e-13	9001	8100	0.0001	0.0001	0.0001	5e-05
