# a = 0.100000
# b = 1.000000
# E = 810.000000
# tol = 0.000100
# s12 = 0.554977
# s13 = 0.152971
# psi0 = 0.822075 + I0.000000	0.548446 + I0.000000	0.152971 + I0.000000
# dh = 0.000100
# out = data/E8.1e2.0_tol1e-4.log
# model = sun
# scan_steps = 100.000000
# H0 = 
#	 0.000000e+00 0.000000e+00 0.000000e+00
#	 0.000000e+00 1.641602e+02 0.000000e+00
#	 0.000000e+00 0.000000e+00 5.372790e+03
# W = 
#	 6.758072e-01 4.508635e-01 1.257533e-01
#	 4.508635e-01 3.007928e-01 8.389608e-02
#	 1.257533e-01 8.389608e-02 2.340000e-02
# H0W = 
#	 0.000000e+00 -7.401386e+01 -6.756460e+02
#	 7.401386e+01 0.000000e+00 -4.369836e+02
#	 6.756460e+02 4.369836e+02 0.000000e+00
# H0H0W = 
#	 0.000000e+00 1.215013e+04 3.630104e+06
#	 1.215013e+04 0.000000e+00 2.276086e+06
#	 3.630104e+06 2.276086e+06 0.000000e+00
# WH0W = 
#	 2.366697e+02 8.387991e+01 -6.316068e+02
#	 8.387991e+01 6.582113e+00 -4.351477e+02
#	 -6.316068e+02 -4.351477e+02 -2.432518e+02
#################################################
##            CALCULATION COMPLETED            ##
#################################################
# Psi[0]^2 = 0.000011 + I0.000000
# Psi[1]^2 = 0.002006 + I0.000000
# Psi[2]^2 = 0.997983 + I0.000000
# phi0 = 2.968025 
# phi1 = 1.430952 
# phi2 = 1.555016 
# Psi = 
#	5.761680e-04+i(-3.286149e-03)
#	4.435381e-02+i(6.243398e-03)
#	9.988664e-01+i(1.576405e-02)
#ProbSurv b 1-|Psi|^2 calls E tol dh dh(prev) dh(last)
0.0239637783416	1	-8.08242e-14	9001	810	0.0001	0.0001	0.0001	5e-05
