# a = 0.100000
# b = 1.000000
# E = 820.000000
# tol = 0.000100
# s12 = 0.554977
# s13 = 0.152971
# psi0 = 0.822075 + I0.000000	0.548446 + I0.000000	0.152971 + I0.000000
# dh = 0.000100
# out = data/E8.2e2.0_tol1e-4.log
# model = sun
# scan_steps = 100.000000
# H0 = 
#	 0.000000e+00 0.000000e+00 0.000000e+00
#	 0.000000e+00 1.621583e+02 0.000000e+00
#	 0.000000e+00 0.000000e+00 5.307268e+03
# W = 
#	 6.758072e-01 4.508635e-01 1.257533e-01
#	 4.508635e-01 3.007928e-01 8.389608e-02
#	 1.257533e-01 8.389608e-02 2.340000e-02
# H0W = 
#	 0.000000e+00 -7.311126e+01 -6.674064e+02
#	 7.311126e+01 0.000000e+00 -4.316545e+02
#	 6.674064e+02 4.316545e+02 0.000000e+00
# H0H0W = 
#	 0.000000e+00 1.185560e+04 3.542105e+06
#	 1.185560e+04 0.000000e+00 2.220910e+06
#	 3.542105e+06 2.220910e+06 0.000000e+00
# WH0W = 
#	 2.337835e+02 8.285698e+01 -6.239043e+02
#	 8.285698e+01 6.501844e+00 -4.298411e+02
#	 -6.239043e+02 -4.298411e+02 -2.402853e+02
#################################################
##            CALCULATION COMPLETED            ##
#################################################
# Psi[0]^2 = 0.000011 + I0.000000
# Psi[1]^2 = 0.001940 + I0.000000
# Psi[2]^2 = 0.998050 + I0.000000
# phi0 = 2.516190 
# phi1 = -1.880106 
# phi2 = 1.222913 
# Psi = 
#	1.908065e-03+i(-2.642394e-03)
#	-4.195377e-02+i(-1.340701e-02)
#	9.391793e-01+i(3.405756e-01)
#ProbSurv b 1-|Psi|^2 calls E tol dh dh(prev) dh(last)
0.023945035525	1	-1.24567e-13	9001	820	0.0001	0.0001	0.0001	5e-05
