# a = 0.100000
# b = 1.000000
# E = 8200.000000
# tol = 0.000100
# s12 = 0.554977
# s13 = 0.152971
# psi0 = 0.822075 + I0.000000	0.548446 + I0.000000	0.152971 + I0.000000
# dh = 0.000100
# out = data/E8.2e3.0_tol1e-4.log
# model = sun
# scan_steps = 100.000000
# H0 = 
#	 0.000000e+00 0.000000e+00 0.000000e+00
#	 0.000000e+00 1.621583e+01 0.000000e+00
#	 0.000000e+00 0.000000e+00 5.307268e+02
# W = 
#	 6.758072e-01 4.508635e-01 1.257533e-01
#	 4.508635e-01 3.007928e-01 8.389608e-02
#	 1.257533e-01 8.389608e-02 2.340000e-02
# H0W = 
#	 0.000000e+00 -7.311126e+00 -6.674064e+01
#	 7.311126e+00 0.000000e+00 -4.316545e+01
#	 6.674064e+01 4.316545e+01 0.000000e+00
# H0H0W = 
#	 0.000000e+00 1.185560e+02 3.542105e+04
#	 1.185560e+02 0.000000e+00 2.220910e+04
#	 3.542105e+04 2.220910e+04 0.000000e+00
# WH0W = 
#	 2.337835e+01 8.285698e+00 -6.239043e+01
#	 8.285698e+00 6.501844e-01 -4.298411e+01
#	 -6.239043e+01 -4.298411e+01 -2.402853e+01
#################################################
##            CALCULATION COMPLETED            ##
#################################################
# Psi[0]^2 = 0.000017 + I0.000000
# Psi[1]^2 = 0.000478 + I0.000000
# Psi[2]^2 = 0.999505 + I0.000000
# phi0 = -2.326734 
# phi1 = 0.662285 
# phi2 = 0.378199 
# Psi = 
#	-3.024288e-03+i(-2.851146e-03)
#	1.344078e-02+i(1.723678e-02)
#	3.691561e-01+i(9.291011e-01)
#ProbSurv b 1-|Psi|^2 calls E tol dh dh(prev) dh(last)
0.0235437980458	1	-9.03722e-14	9001	8200	0.0001	0.0001	0.0001	5e-05
