# a = 0.100000
# b = 1.000000
# E = 259306.768134
# tol = 0.000100
# s12 = 0.554977
# s13 = 0.152971
# psi0 = 0.822075 + I0.000000	0.548446 + I0.000000	0.152971 + I0.000000
# dh = 0.000100
# out = data/E8.2e4.5_tol1e-4.log
# model = sun
# scan_steps = 100.000000
# H0 = 
#	 0.000000e+00 0.000000e+00 0.000000e+00
#	 0.000000e+00 5.127895e-01 0.000000e+00
#	 0.000000e+00 0.000000e+00 1.678306e+01
# W = 
#	 6.758072e-01 4.508635e-01 1.257533e-01
#	 4.508635e-01 3.007928e-01 8.389608e-02
#	 1.257533e-01 8.389608e-02 2.340000e-02
# H0W = 
#	 0.000000e+00 -2.311981e-01 -2.110524e+00
#	 2.311981e-01 0.000000e+00 -1.365012e+00
#	 2.110524e+00 1.365012e+00 0.000000e+00
# H0H0W = 
#	 0.000000e+00 1.185560e-01 3.542105e+01
#	 1.185560e-01 0.000000e+00 2.220910e+01
#	 3.542105e+01 2.220910e+01 0.000000e+00
# WH0W = 
#	 7.392883e-01 2.620168e-01 -1.972959e+00
#	 2.620168e-01 2.056063e-02 -1.359277e+00
#	 -1.972959e+00 -1.359277e+00 -7.598490e-01
#################################################
##            CALCULATION COMPLETED            ##
#################################################
# Psi[0]^2 = 0.523515 + I0.000000
# Psi[1]^2 = 0.261981 + I0.000000
# Psi[2]^2 = 0.214504 + I0.000000
# phi0 = 2.594238 
# phi1 = 2.665821 
# phi2 = -0.745470 
# Psi = 
#	3.765538e-01+i(-6.178367e-01)
#	2.344356e-01+i(-4.549952e-01)
#	-3.141599e-01+i(3.403056e-01)
#ProbSurv b 1-|Psi|^2 calls E tol dh dh(prev) dh(last)
0.437616461463	1	-9.68114e-14	9001	259307	0.0001	0.0001	0.0001	5e-05
