# a = 0.100000
# b = 1.000000
# E = 820000.000000
# tol = 0.000100
# s12 = 0.554977
# s13 = 0.152971
# psi0 = 0.822075 + I0.000000	0.548446 + I0.000000	0.152971 + I0.000000
# dh = 0.000100
# out = data/E8.2e5.0_tol1e-4.log
# model = sun
# scan_steps = 100.000000
# H0 = 
#	 0.000000e+00 0.000000e+00 0.000000e+00
#	 0.000000e+00 1.621583e-01 0.000000e+00
#	 0.000000e+00 0.000000e+00 5.307268e+00
# W = 
#	 6.758072e-01 4.508635e-01 1.257533e-01
#	 4.508635e-01 3.007928e-01 8.389608e-02
#	 1.257533e-01 8.389608e-02 2.340000e-02
# H0W = 
#	 0.000000e+00 -7.311126e-02 -6.674064e-01
#	 7.311126e-02 0.000000e+00 -4.316545e-01
#	 6.674064e-01 4.316545e-01 0.000000e+00
# H0H0W = 
#	 0.000000e+00 1.185560e-02 3.542105e+00
#	 1.185560e-02 0.000000e+00 2.220910e+00
#	 3.542105e+00 2.220910e+00 0.000000e+00
# WH0W = 
#	 2.337835e-01 8.285698e-02 -6.239043e-01
#	 8.285698e-02 6.501844e-03 -4.298411e-01
#	 -6.239043e-01 -4.298411e-01 -2.402853e-01
#################################################
##            CALCULATION COMPLETED            ##
#################################################
# Psi[0]^2 = 0.640843 + I0.000000
# Psi[1]^2 = 0.295893 + I0.000000
# Psi[2]^2 = 0.063264 + I0.000000
# phi0 = 2.331910 
# phi1 = 2.354080 
# phi2 = 3.123409 
# Psi = 
#	5.796360e-01+i(-5.521461e-01)
#	3.854502e-01+i(-3.838239e-01)
#	4.573491e-03+i(-2.514820e-01)
#ProbSurv b 1-|Psi|^2 calls E tol dh dh(prev) dh(last)
0.523569225875	1	-4.17444e-14	9001	820000	0.0001	0.0001	0.0001	5e-05
