# a = 0.100000
# b = 1.000000
# E = 2.593068
# tol = 0.000100
# s12 = 0.554977
# s13 = 0.152971
# psi0 = 0.822075 + I0.000000	0.548446 + I0.000000	0.152971 + I0.000000
# dh = 0.000100
# out = data/E8.2e-0.5_tol1e-4.log
# model = sun
# scan_steps = 100.000000
# H0 = 
#	 0.000000e+00 0.000000e+00 0.000000e+00
#	 0.000000e+00 5.127895e+04 0.000000e+00
#	 0.000000e+00 0.000000e+00 1.678306e+06
# W = 
#	 6.758072e-01 4.508635e-01 1.257533e-01
#	 4.508635e-01 3.007928e-01 8.389608e-02
#	 1.257533e-01 8.389608e-02 2.340000e-02
# H0W = 
#	 0.000000e+00 -2.311981e+04 -2.110524e+05
#	 2.311981e+04 0.000000e+00 -1.365012e+05
#	 2.110524e+05 1.365012e+05 0.000000e+00
# H0H0W = 
#	 0.000000e+00 1.185560e+09 3.542105e+11
#	 1.185560e+09 0.000000e+00 2.220910e+11
#	 3.542105e+11 2.220910e+11 0.000000e+00
# WH0W = 
#	 7.392883e+04 2.620168e+04 -1.972959e+05
#	 2.620168e+04 2.056063e+03 -1.359277e+05
#	 -1.972959e+05 -1.359277e+05 -7.598490e+04
#################################################
##            CALCULATION COMPLETED            ##
#################################################
# Psi[0]^2 = 0.459669 + I0.000000
# Psi[1]^2 = 0.516286 + I0.000000
# Psi[2]^2 = 0.024045 + I0.000000
# phi0 = 2.582319 
# phi1 = 1.130027 
# phi2 = -0.025649 
# Psi = 
#	3.597213e-01+i(-5.746911e-01)
#	6.498558e-01+i(3.065507e-01)
#	-3.976872e-03+i(1.550130e-01)
#ProbSurv b 1-|Psi|^2 calls E tol dh dh(prev) dh(last)
0.466505539869	1	-9.21463e-12	109096	2.59307	0.0001	0.0001	8.24974e-06	5.36984e-06
