# a = 0.100000
# b = 1.000000
# E = 2593.067681
# tol = 0.000100
# s12 = 0.554977
# s13 = 0.152971
# psi0 = 0.822075 + I0.000000	0.548446 + I0.000000	0.152971 + I0.000000
# dh = 0.000100
# out = data/E8.2e2.5_tol1e-4.log
# model = sun
# scan_steps = 100.000000
# H0 = 
#	 0.000000e+00 0.000000e+00 0.000000e+00
#	 0.000000e+00 5.127895e+01 0.000000e+00
#	 0.000000e+00 0.000000e+00 1.678306e+03
# W = 
#	 6.758072e-01 4.508635e-01 1.257533e-01
#	 4.508635e-01 3.007928e-01 8.389608e-02
#	 1.257533e-01 8.389608e-02 2.340000e-02
# H0W = 
#	 0.000000e+00 -2.311981e+01 -2.110524e+02
#	 2.311981e+01 0.000000e+00 -1.365012e+02
#	 2.110524e+02 1.365012e+02 0.000000e+00
# H0H0W = 
#	 0.000000e+00 1.185560e+03 3.542105e+05
#	 1.185560e+03 0.000000e+00 2.220910e+05
#	 3.542105e+05 2.220910e+05 0.000000e+00
# WH0W = 
#	 7.392883e+01 2.620168e+01 -1.972959e+02
#	 2.620168e+01 2.056063e+00 -1.359277e+02
#	 -1.972959e+02 -1.359277e+02 -7.598490e+01
#################################################
##            CALCULATION COMPLETED            ##
#################################################
# Psi[0]^2 = 0.000001 + I0.000000
# Psi[1]^2 = 0.000138 + I0.000000
# Psi[2]^2 = 0.999861 + I0.000000
# phi0 = -1.571440 
# phi1 = -1.104849 
# phi2 = 0.203457 
# Psi = 
#	-1.165437e-03+i(-7.500665e-07)
#	-1.049996e-02+i(5.280200e-03)
#	2.020417e-01+i(9.793057e-01)
#ProbSurv b 1-|Psi|^2 calls E tol dh dh(prev) dh(last)
0.0234392023107	1	-5.59552e-14	9001	2593.07	0.0001	0.0001	0.0001	5e-05
