# a = 0.100000
# b = 1.000000
# E = 0.820000
# tol = 0.000100
# s12 = 0.554977
# s13 = 0.152971
# psi0 = 0.822075 + I0.000000	0.548446 + I0.000000	0.152971 + I0.000000
# dh = 0.000100
# out = data/E8.2e-1.0_tol1e-4.log
# model = sun
# scan_steps = 100.000000
# H0 = 
#	 0.000000e+00 0.000000e+00 0.000000e+00
#	 0.000000e+00 1.621583e+05 0.000000e+00
#	 0.000000e+00 0.000000e+00 5.307268e+06
# W = 
#	 6.758072e-01 4.508635e-01 1.257533e-01
#	 4.508635e-01 3.007928e-01 8.389608e-02
#	 1.257533e-01 8.389608e-02 2.340000e-02
# H0W = 
#	 0.000000e+00 -7.311126e+04 -6.674064e+05
#	 7.311126e+04 0.000000e+00 -4.316545e+05
#	 6.674064e+05 4.316545e+05 0.000000e+00
# H0H0W = 
#	 0.000000e+00 1.185560e+10 3.542105e+12
#	 1.185560e+10 0.000000e+00 2.220910e+12
#	 3.542105e+12 2.220910e+12 0.000000e+00
# WH0W = 
#	 2.337835e+05 8.285698e+04 -6.239043e+05
#	 8.285698e+04 6.501844e+03 -4.298411e+05
#	 -6.239043e+05 -4.298411e+05 -2.402853e+05
#################################################
##            CALCULATION COMPLETED            ##
#################################################
# Psi[0]^2 = 0.613676 + I0.000000
# Psi[1]^2 = 0.362723 + I0.000000
# Psi[2]^2 = 0.023601 + I0.000000
# phi0 = -2.283025 
# phi1 = 1.795110 
# phi2 = -2.674605 
# Psi = 
#	-5.929422e-01+i(-5.119528e-01)
#	5.871762e-01+i(-1.339659e-01)
#	-6.916251e-02+i(-1.371776e-01)
#ProbSurv b 1-|Psi|^2 calls E tol dh dh(prev) dh(last)
0.524383404356	1	3.0306e-11	305012	0.82	0.0001	0.0001	2.95072e-06	2.28445e-06
