# a = 0.100000
# b = 1.000000
# E = 830000.000000
# tol = 0.000100
# s12 = 0.554977
# s13 = 0.152971
# psi0 = 0.822075 + I0.000000	0.548446 + I0.000000	0.152971 + I0.000000
# dh = 0.000100
# out = data/E8.3e5.0_tol1e-4.log
# model = sun
# scan_steps = 100.000000
# H0 = 
#	 0.000000e+00 0.000000e+00 0.000000e+00
#	 0.000000e+00 1.602046e-01 0.000000e+00
#	 0.000000e+00 0.000000e+00 5.243325e+00
# W = 
#	 6.758072e-01 4.508635e-01 1.257533e-01
#	 4.508635e-01 3.007928e-01 8.389608e-02
#	 1.257533e-01 8.389608e-02 2.340000e-02
# H0W = 
#	 0.000000e+00 -7.223040e-02 -6.593654e-01
#	 7.223040e-02 0.000000e+00 -4.264539e-01
#	 6.593654e-01 4.264539e-01 0.000000e+00
# H0H0W = 
#	 0.000000e+00 1.157164e-02 3.457267e+00
#	 1.157164e-02 0.000000e+00 2.167717e+00
#	 3.457267e+00 2.167717e+00 0.000000e+00
# WH0W = 
#	 2.309668e-01 8.185870e-02 -6.163874e-01
#	 8.185870e-02 6.423508e-03 -4.246623e-01
#	 -6.163874e-01 -4.246623e-01 -2.373903e-01
#################################################
##            CALCULATION COMPLETED            ##
#################################################
# Psi[0]^2 = 0.641372 + I0.000000
# Psi[1]^2 = 0.296005 + I0.000000
# Psi[2]^2 = 0.062623 + I0.000000
# phi0 = 2.330303 
# phi1 = 2.352205 
# phi2 = 3.111515 
# Psi = 
#	5.807625e-01+i(-5.514411e-01)
#	3.862424e-01+i(-3.831730e-01)
#	7.525540e-03+i(-2.501323e-01)
#ProbSurv b 1-|Psi|^2 calls E tol dh dh(prev) dh(last)
0.523945577516	1	-8.01581e-14	9001	830000	0.0001	0.0001	0.0001	5e-05
