# a = 0.100000
# b = 1.000000
# E = 262.469046
# tol = 0.000100
# s12 = 0.554977
# s13 = 0.152971
# psi0 = 0.822075 + I0.000000	0.548446 + I0.000000	0.152971 + I0.000000
# dh = 0.000100
# out = data/E8.3e1.5_tol1e-4.log
# model = sun
# scan_steps = 100.000000
# H0 = 
#	 0.000000e+00 0.000000e+00 0.000000e+00
#	 0.000000e+00 5.066113e+02 0.000000e+00
#	 0.000000e+00 0.000000e+00 1.658085e+04
# W = 
#	 6.758072e-01 4.508635e-01 1.257533e-01
#	 4.508635e-01 3.007928e-01 8.389608e-02
#	 1.257533e-01 8.389608e-02 2.340000e-02
# H0W = 
#	 0.000000e+00 -2.284126e+02 -2.085096e+03
#	 2.284126e+02 0.000000e+00 -1.348566e+03
#	 2.085096e+03 1.348566e+03 0.000000e+00
# H0H0W = 
#	 0.000000e+00 1.157164e+05 3.457267e+07
#	 1.157164e+05 0.000000e+00 2.167717e+07
#	 3.457267e+07 2.167717e+07 0.000000e+00
# WH0W = 
#	 7.303812e+02 2.588600e+02 -1.949188e+03
#	 2.588600e+02 2.031292e+01 -1.342900e+03
#	 -1.949188e+03 -1.342900e+03 -7.506942e+02
#################################################
##            CALCULATION COMPLETED            ##
#################################################
# Psi[0]^2 = 0.000111 + I0.000000
# Psi[1]^2 = 0.085911 + I0.000000
# Psi[2]^2 = 0.913978 + I0.000000
# phi0 = -0.973451 
# phi1 = -2.200353 
# phi2 = -0.328753 
# Psi = 
#	-8.708585e-03+i(5.923989e-03)
#	-2.369139e-01+i(-1.725765e-01)
#	-3.086639e-01+i(9.048231e-01)
#ProbSurv b 1-|Psi|^2 calls E tol dh dh(prev) dh(last)
0.0473034216396	1	-4.01901e-13	9001	262.469	0.0001	0.0001	0.0001	5e-05
