# a = 0.100000
# b = 1.000000
# E = 83.000000
# tol = 0.000100
# s12 = 0.554977
# s13 = 0.152971
# psi0 = 0.822075 + I0.000000	0.548446 + I0.000000	0.152971 + I0.000000
# dh = 0.000100
# out = data/E8.3e1.0_tol1e-4.log
# model = sun
# scan_steps = 100.000000
# H0 = 
#	 0.000000e+00 0.000000e+00 0.000000e+00
#	 0.000000e+00 1.602046e+03 0.000000e+00
#	 0.000000e+00 0.000000e+00 5.243325e+04
# W = 
#	 6.758072e-01 4.508635e-01 1.257533e-01
#	 4.508635e-01 3.007928e-01 8.389608e-02
#	 1.257533e-01 8.389608e-02 2.340000e-02
# H0W = 
#	 0.000000e+00 -7.223040e+02 -6.593654e+03
#	 7.223040e+02 0.000000e+00 -4.264539e+03
#	 6.593654e+03 4.264539e+03 0.000000e+00
# H0H0W = 
#	 0.000000e+00 1.157164e+06 3.457267e+08
#	 1.157164e+06 0.000000e+00 2.167717e+08
#	 3.457267e+08 2.167717e+08 0.000000e+00
# WH0W = 
#	 2.309668e+03 8.185870e+02 -6.163874e+03
#	 8.185870e+02 6.423508e+01 -4.246623e+03
#	 -6.163874e+03 -4.246623e+03 -2.373903e+03
#################################################
##            CALCULATION COMPLETED            ##
#################################################
# Psi[0]^2 = 0.001149 + I0.000000
# Psi[1]^2 = 0.929065 + I0.000000
# Psi[2]^2 = 0.069786 + I0.000000
# phi0 = -1.570608 
# phi1 = -1.699118 
# phi2 = 2.239788 
# Psi = 
#	-3.389307e-02+i(6.370787e-06)
#	-9.559554e-01+i(-1.233472e-01)
#	2.072278e-01+i(-1.638374e-01)
#ProbSurv b 1-|Psi|^2 calls E tol dh dh(prev) dh(last)
0.281865438797	1	5.17031e-13	9001	83	0.0001	0.0001	0.0001	5e-05
