# a = 0.100000
# b = 1.000000
# E = 2624690.457940
# tol = 0.000100
# s12 = 0.554977
# s13 = 0.152971
# psi0 = 0.822075 + I0.000000	0.548446 + I0.000000	0.152971 + I0.000000
# dh = 0.000100
# out = data/E8.3e5.5_tol1e-4.log
# model = sun
# scan_steps = 100.000000
# H0 = 
#	 0.000000e+00 0.000000e+00 0.000000e+00
#	 0.000000e+00 5.066113e-02 0.000000e+00
#	 0.000000e+00 0.000000e+00 1.658085e+00
# W = 
#	 6.758072e-01 4.508635e-01 1.257533e-01
#	 4.508635e-01 3.007928e-01 8.389608e-02
#	 1.257533e-01 8.389608e-02 2.340000e-02
# H0W = 
#	 0.000000e+00 -2.284126e-02 -2.085096e-01
#	 2.284126e-02 0.000000e+00 -1.348566e-01
#	 2.085096e-01 1.348566e-01 0.000000e+00
# H0H0W = 
#	 0.000000e+00 1.157164e-03 3.457267e-01
#	 1.157164e-03 0.000000e+00 2.167717e-01
#	 3.457267e-01 2.167717e-01 0.000000e+00
# WH0W = 
#	 7.303812e-02 2.588600e-02 -1.949188e-01
#	 2.588600e-02 2.031292e-03 -1.342900e-01
#	 -1.949188e-01 -1.342900e-01 -7.506942e-02
#################################################
##            CALCULATION COMPLETED            ##
#################################################
# Psi[0]^2 = 0.666802 + I0.000000
# Psi[1]^2 = 0.300187 + I0.000000
# Psi[2]^2 = 0.033011 + I0.000000
# phi0 = 2.239909 
# phi1 = 2.246839 
# phi2 = 2.473455 
# Psi = 
#	6.405027e-01+i(-5.065162e-01)
#	4.273869e-01+i(-3.428227e-01)
#	1.125605e-01+i(-1.426209e-01)
#ProbSurv b 1-|Psi|^2 calls E tol dh dh(prev) dh(last)
0.541696410194	1	-9.54792e-14	9001	2.62469e+06	0.0001	0.0001	0.0001	5e-05
