# a = 0.100000
# b = 1.000000
# E = 83000.000000
# tol = 0.000100
# s12 = 0.554977
# s13 = 0.152971
# psi0 = 0.822075 + I0.000000	0.548446 + I0.000000	0.152971 + I0.000000
# dh = 0.000100
# out = data/E8.3e4.0_tol1e-4.log
# model = sun
# scan_steps = 100.000000
# H0 = 
#	 0.000000e+00 0.000000e+00 0.000000e+00
#	 0.000000e+00 1.602046e+00 0.000000e+00
#	 0.000000e+00 0.000000e+00 5.243325e+01
# W = 
#	 6.758072e-01 4.508635e-01 1.257533e-01
#	 4.508635e-01 3.007928e-01 8.389608e-02
#	 1.257533e-01 8.389608e-02 2.340000e-02
# H0W = 
#	 0.000000e+00 -7.223040e-01 -6.593654e+00
#	 7.223040e-01 0.000000e+00 -4.264539e+00
#	 6.593654e+00 4.264539e+00 0.000000e+00
# H0H0W = 
#	 0.000000e+00 1.157164e+00 3.457267e+02
#	 1.157164e+00 0.000000e+00 2.167717e+02
#	 3.457267e+02 2.167717e+02 0.000000e+00
# WH0W = 
#	 2.309668e+00 8.185870e-01 -6.163874e+00
#	 8.185870e-01 6.423508e-02 -4.246623e+00
#	 -6.163874e+00 -4.246623e+00 -2.373903e+00
#################################################
##            CALCULATION COMPLETED            ##
#################################################
# Psi[0]^2 = 0.299559 + I0.000000
# Psi[1]^2 = 0.190386 + I0.000000
# Psi[2]^2 = 0.510056 + I0.000000
# phi0 = -2.997642 
# phi1 = -2.773842 
# phi2 = -2.528967 
# Psi = 
#	-7.851506e-02+i(-5.416587e-01)
#	-1.568690e-01+i(-4.071582e-01)
#	-4.106674e-01+i(-5.843012e-01)
#ProbSurv b 1-|Psi|^2 calls E tol dh dh(prev) dh(last)
0.271645917463	1	-1.0969e-13	9001	83000	0.0001	0.0001	0.0001	5e-05
