# a = 0.100000
# b = 1.000000
# E = 2624.690458
# tol = 0.000100
# s12 = 0.554977
# s13 = 0.152971
# psi0 = 0.822075 + I0.000000	0.548446 + I0.000000	0.152971 + I0.000000
# dh = 0.000100
# out = data/E8.3e2.5_tol1e-4.log
# model = sun
# scan_steps = 100.000000
# H0 = 
#	 0.000000e+00 0.000000e+00 0.000000e+00
#	 0.000000e+00 5.066113e+01 0.000000e+00
#	 0.000000e+00 0.000000e+00 1.658085e+03
# W = 
#	 6.758072e-01 4.508635e-01 1.257533e-01
#	 4.508635e-01 3.007928e-01 8.389608e-02
#	 1.257533e-01 8.389608e-02 2.340000e-02
# H0W = 
#	 0.000000e+00 -2.284126e+01 -2.085096e+02
#	 2.284126e+01 0.000000e+00 -1.348566e+02
#	 2.085096e+02 1.348566e+02 0.000000e+00
# H0H0W = 
#	 0.000000e+00 1.157164e+03 3.457267e+05
#	 1.157164e+03 0.000000e+00 2.167717e+05
#	 3.457267e+05 2.167717e+05 0.000000e+00
# WH0W = 
#	 7.303812e+01 2.588600e+01 -1.949188e+02
#	 2.588600e+01 2.031292e+00 -1.342900e+02
#	 -1.949188e+02 -1.342900e+02 -7.506942e+01
#################################################
##            CALCULATION COMPLETED            ##
#################################################
# Psi[0]^2 = 0.000001 + I0.000000
# Psi[1]^2 = 0.000135 + I0.000000
# Psi[2]^2 = 0.999863 + I0.000000
# phi0 = -1.617289 
# phi1 = 0.111136 
# phi2 = -0.702963 
# Psi = 
#	-1.194124e-03+i(-5.555821e-05)
#	1.290049e-03+i(1.156006e-02)
#	-6.464372e-01+i(7.628776e-01)
#ProbSurv b 1-|Psi|^2 calls E tol dh dh(prev) dh(last)
0.0234384633449	1	-2.77556e-14	9001	2624.69	0.0001	0.0001	0.0001	5e-05
