# a = 0.100000
# b = 1.000000
# E = 8300.000000
# tol = 0.000100
# s12 = 0.554977
# s13 = 0.152971
# psi0 = 0.822075 + I0.000000	0.548446 + I0.000000	0.152971 + I0.000000
# dh = 0.000100
# out = data/E8.3e3.0_tol1e-4.log
# model = sun
# scan_steps = 100.000000
# H0 = 
#	 0.000000e+00 0.000000e+00 0.000000e+00
#	 0.000000e+00 1.602046e+01 0.000000e+00
#	 0.000000e+00 0.000000e+00 5.243325e+02
# W = 
#	 6.758072e-01 4.508635e-01 1.257533e-01
#	 4.508635e-01 3.007928e-01 8.389608e-02
#	 1.257533e-01 8.389608e-02 2.340000e-02
# H0W = 
#	 0.000000e+00 -7.223040e+00 -6.593654e+01
#	 7.223040e+00 0.000000e+00 -4.264539e+01
#	 6.593654e+01 4.264539e+01 0.000000e+00
# H0H0W = 
#	 0.000000e+00 1.157164e+02 3.457267e+04
#	 1.157164e+02 0.000000e+00 2.167717e+04
#	 3.457267e+04 2.167717e+04 0.000000e+00
# WH0W = 
#	 2.309668e+01 8.185870e+00 -6.163874e+01
#	 8.185870e+00 6.423508e-01 -4.246623e+01
#	 -6.163874e+01 -4.246623e+01 -2.373903e+01
#################################################
##            CALCULATION COMPLETED            ##
#################################################
# Psi[0]^2 = 0.000038 + I0.000000
# Psi[1]^2 = 0.000768 + I0.000000
# Psi[2]^2 = 0.999193 + I0.000000
# phi0 = -2.365158 
# phi1 = 0.665372 
# phi2 = 3.075920 
# Psi = 
#	-4.330373e-03+i(-4.408706e-03)
#	1.711374e-02+i(2.180791e-02)
#	6.559942e-02+i(-9.974418e-01)
#ProbSurv b 1-|Psi|^2 calls E tol dh dh(prev) dh(last)
0.0236380812561	1	-7.08322e-14	9001	8300	0.0001	0.0001	0.0001	5e-05
