# a = 0.100000
# b = 1.000000
# E = 830.000000
# tol = 0.000100
# s12 = 0.554977
# s13 = 0.152971
# psi0 = 0.822075 + I0.000000	0.548446 + I0.000000	0.152971 + I0.000000
# dh = 0.000100
# out = data/E8.3e2.0_tol1e-4.log
# model = sun
# scan_steps = 100.000000
# H0 = 
#	 0.000000e+00 0.000000e+00 0.000000e+00
#	 0.000000e+00 1.602046e+02 0.000000e+00
#	 0.000000e+00 0.000000e+00 5.243325e+03
# W = 
#	 6.758072e-01 4.508635e-01 1.257533e-01
#	 4.508635e-01 3.007928e-01 8.389608e-02
#	 1.257533e-01 8.389608e-02 2.340000e-02
# H0W = 
#	 0.000000e+00 -7.223040e+01 -6.593654e+02
#	 7.223040e+01 0.000000e+00 -4.264539e+02
#	 6.593654e+02 4.264539e+02 0.000000e+00
# H0H0W = 
#	 0.000000e+00 1.157164e+04 3.457267e+06
#	 1.157164e+04 0.000000e+00 2.167717e+06
#	 3.457267e+06 2.167717e+06 0.000000e+00
# WH0W = 
#	 2.309668e+02 8.185870e+01 -6.163874e+02
#	 8.185870e+01 6.423508e+00 -4.246623e+02
#	 -6.163874e+02 -4.246623e+02 -2.373903e+02
#################################################
##            CALCULATION COMPLETED            ##
#################################################
# Psi[0]^2 = 0.000012 + I0.000000
# Psi[1]^2 = 0.001884 + I0.000000
# Psi[2]^2 = 0.998104 + I0.000000
# phi0 = 1.861992 
# phi1 = 1.253581 
# phi2 = 2.180494 
# Psi = 
#	3.323573e-03+i(-9.961278e-04)
#	4.123461e-02+i(1.353738e-02)
#	8.190440e-01+i(-5.720763e-01)
#ProbSurv b 1-|Psi|^2 calls E tol dh dh(prev) dh(last)
0.0239303382497	1	-9.08162e-14	9001	830	0.0001	0.0001	0.0001	5e-05
