# a = 0.100000
# b = 1.000000
# E = 8.300000
# tol = 0.000100
# s12 = 0.554977
# s13 = 0.152971
# psi0 = 0.822075 + I0.000000	0.548446 + I0.000000	0.152971 + I0.000000
# dh = 0.000100
# out = data/E8.3e0.0_tol1e-4.log
# model = sun
# scan_steps = 100.000000
# H0 = 
#	 0.000000e+00 0.000000e+00 0.000000e+00
#	 0.000000e+00 1.602046e+04 0.000000e+00
#	 0.000000e+00 0.000000e+00 5.243325e+05
# W = 
#	 6.758072e-01 4.508635e-01 1.257533e-01
#	 4.508635e-01 3.007928e-01 8.389608e-02
#	 1.257533e-01 8.389608e-02 2.340000e-02
# H0W = 
#	 0.000000e+00 -7.223040e+03 -6.593654e+04
#	 7.223040e+03 0.000000e+00 -4.264539e+04
#	 6.593654e+04 4.264539e+04 0.000000e+00
# H0H0W = 
#	 0.000000e+00 1.157164e+08 3.457267e+10
#	 1.157164e+08 0.000000e+00 2.167717e+10
#	 3.457267e+10 2.167717e+10 0.000000e+00
# WH0W = 
#	 2.309668e+04 8.185870e+03 -6.163874e+04
#	 8.185870e+03 6.423508e+02 -4.246623e+04
#	 -6.163874e+04 -4.246623e+04 -2.373903e+04
#################################################
##            CALCULATION COMPLETED            ##
#################################################
# Psi[0]^2 = 0.126706 + I0.000000
# Psi[1]^2 = 0.847807 + I0.000000
# Psi[2]^2 = 0.025487 + I0.000000
# phi0 = 0.603426 
# phi1 = -0.236228 
# phi2 = -2.164510 
# Psi = 
#	2.019941e-01+i(2.930944e-01)
#	-2.154933e-01+i(8.951927e-01)
#	-1.323252e-01+i(-8.931252e-02)
#ProbSurv b 1-|Psi|^2 calls E tol dh dh(prev) dh(last)
0.341239522469	1	-9.76086e-12	24047	8.3	0.0001	0.0001	3.74298e-05	1.94085e-05
