# a = 0.100000
# b = 1.000000
# E = 8400.000000
# tol = 0.000100
# s12 = 0.554977
# s13 = 0.152971
# psi0 = 0.822075 + I0.000000	0.548446 + I0.000000	0.152971 + I0.000000
# dh = 0.000100
# out = data/E8.4e3.0_tol1e-4.log
# model = sun
# scan_steps = 100.000000
# H0 = 
#	 0.000000e+00 0.000000e+00 0.000000e+00
#	 0.000000e+00 1.582974e+01 0.000000e+00
#	 0.000000e+00 0.000000e+00 5.180905e+02
# W = 
#	 6.758072e-01 4.508635e-01 1.257533e-01
#	 4.508635e-01 3.007928e-01 8.389608e-02
#	 1.257533e-01 8.389608e-02 2.340000e-02
# H0W = 
#	 0.000000e+00 -7.137051e+00 -6.515158e+01
#	 7.137051e+00 0.000000e+00 -4.213771e+01
#	 6.515158e+01 4.213771e+01 0.000000e+00
# H0H0W = 
#	 0.000000e+00 1.129776e+02 3.375441e+04
#	 1.129776e+02 0.000000e+00 2.116411e+04
#	 3.375441e+04 2.116411e+04 0.000000e+00
# WH0W = 
#	 2.282172e+01 8.088420e+00 -6.090494e+01
#	 8.088420e+00 6.347038e-01 -4.196068e+01
#	 -6.090494e+01 -4.196068e+01 -2.345643e+01
#################################################
##            CALCULATION COMPLETED            ##
#################################################
# Psi[0]^2 = 0.000038 + I0.000000
# Psi[1]^2 = 0.000865 + I0.000000
# Psi[2]^2 = 0.999097 + I0.000000
# phi0 = -2.516902 
# phi1 = 0.322262 
# phi2 = -0.417019 
# Psi = 
#	-3.605796e-03+i(-5.001003e-03)
#	9.314629e-03+i(2.789636e-02)
#	-4.048536e-01+i(9.138876e-01)
#ProbSurv b 1-|Psi|^2 calls E tol dh dh(prev) dh(last)
0.0236647353936	1	-8.77076e-14	9001	8400	0.0001	0.0001	0.0001	5e-05
