# a = 0.100000
# b = 1.000000
# E = 265.631323
# tol = 0.000100
# s12 = 0.554977
# s13 = 0.152971
# psi0 = 0.822075 + I0.000000	0.548446 + I0.000000	0.152971 + I0.000000
# dh = 0.000100
# out = data/E8.4e1.5_tol1e-4.log
# model = sun
# scan_steps = 100.000000
# H0 = 
#	 0.000000e+00 0.000000e+00 0.000000e+00
#	 0.000000e+00 5.005802e+02 0.000000e+00
#	 0.000000e+00 0.000000e+00 1.638346e+04
# W = 
#	 6.758072e-01 4.508635e-01 1.257533e-01
#	 4.508635e-01 3.007928e-01 8.389608e-02
#	 1.257533e-01 8.389608e-02 2.340000e-02
# H0W = 
#	 0.000000e+00 -2.256934e+02 -2.060274e+03
#	 2.256934e+02 0.000000e+00 -1.332511e+03
#	 2.060274e+03 1.332511e+03 0.000000e+00
# H0H0W = 
#	 0.000000e+00 1.129776e+05 3.375441e+07
#	 1.129776e+05 0.000000e+00 2.116411e+07
#	 3.375441e+07 2.116411e+07 0.000000e+00
# WH0W = 
#	 7.216862e+02 2.557783e+02 -1.925983e+03
#	 2.557783e+02 2.007110e+01 -1.326913e+03
#	 -1.925983e+03 -1.326913e+03 -7.417573e+02
#################################################
##            CALCULATION COMPLETED            ##
#################################################
# Psi[0]^2 = 0.000098 + I0.000000
# Psi[1]^2 = 0.081192 + I0.000000
# Psi[2]^2 = 0.918710 + I0.000000
# phi0 = -2.208605 
# phi1 = 0.331503 
# phi2 = -2.426980 
# Psi = 
#	-7.959134e-03+i(-5.898856e-03)
#	9.273865e-02+i(2.694285e-01)
#	-6.281248e-01+i(-7.239951e-01)
#ProbSurv b 1-|Psi|^2 calls E tol dh dh(prev) dh(last)
0.0459861562531	1	-3.59934e-13	9001	265.631	0.0001	0.0001	0.0001	5e-05
