# a = 0.100000
# b = 1.000000
# E = 840.000000
# tol = 0.000100
# s12 = 0.554977
# s13 = 0.152971
# psi0 = 0.822075 + I0.000000	0.548446 + I0.000000	0.152971 + I0.000000
# dh = 0.000100
# out = data/E8.4e2.0_tol1e-4.log
# model = sun
# scan_steps = 100.000000
# H0 = 
#	 0.000000e+00 0.000000e+00 0.000000e+00
#	 0.000000e+00 1.582974e+02 0.000000e+00
#	 0.000000e+00 0.000000e+00 5.180905e+03
# W = 
#	 6.758072e-01 4.508635e-01 1.257533e-01
#	 4.508635e-01 3.007928e-01 8.389608e-02
#	 1.257533e-01 8.389608e-02 2.340000e-02
# H0W = 
#	 0.000000e+00 -7.137051e+01 -6.515158e+02
#	 7.137051e+01 0.000000e+00 -4.213771e+02
#	 6.515158e+02 4.213771e+02 0.000000e+00
# H0H0W = 
#	 0.000000e+00 1.129776e+04 3.375441e+06
#	 1.129776e+04 0.000000e+00 2.116411e+06
#	 3.375441e+06 2.116411e+06 0.000000e+00
# WH0W = 
#	 2.282172e+02 8.088420e+01 -6.090494e+02
#	 8.088420e+01 6.347038e+00 -4.196068e+02
#	 -6.090494e+02 -4.196068e+02 -2.345643e+02
#################################################
##            CALCULATION COMPLETED            ##
#################################################
# Psi[0]^2 = 0.000009 + I0.000000
# Psi[1]^2 = 0.001831 + I0.000000
# Psi[2]^2 = 0.998160 + I0.000000
# phi0 = 1.346402 
# phi1 = -1.738111 
# phi2 = -1.903142 
# Psi = 
#	2.897030e-03+i(6.612136e-04)
#	-4.218945e-02+i(-7.125551e-03)
#	-9.444097e-01+i(-3.259612e-01)
#ProbSurv b 1-|Psi|^2 calls E tol dh dh(prev) dh(last)
0.0239135902547	1	-1.33893e-13	9001	840	0.0001	0.0001	0.0001	5e-05
