# a = 0.100000
# b = 1.000000
# E = 265631.323454
# tol = 0.000100
# s12 = 0.554977
# s13 = 0.152971
# psi0 = 0.822075 + I0.000000	0.548446 + I0.000000	0.152971 + I0.000000
# dh = 0.000100
# out = data/E8.4e4.5_tol1e-4.log
# model = sun
# scan_steps = 100.000000
# H0 = 
#	 0.000000e+00 0.000000e+00 0.000000e+00
#	 0.000000e+00 5.005802e-01 0.000000e+00
#	 0.000000e+00 0.000000e+00 1.638346e+01
# W = 
#	 6.758072e-01 4.508635e-01 1.257533e-01
#	 4.508635e-01 3.007928e-01 8.389608e-02
#	 1.257533e-01 8.389608e-02 2.340000e-02
# H0W = 
#	 0.000000e+00 -2.256934e-01 -2.060274e+00
#	 2.256934e-01 0.000000e+00 -1.332511e+00
#	 2.060274e+00 1.332511e+00 0.000000e+00
# H0H0W = 
#	 0.000000e+00 1.129776e-01 3.375441e+01
#	 1.129776e-01 0.000000e+00 2.116411e+01
#	 3.375441e+01 2.116411e+01 0.000000e+00
# WH0W = 
#	 7.216862e-01 2.557783e-01 -1.925983e+00
#	 2.557783e-01 2.007110e-02 -1.326913e+00
#	 -1.925983e+00 -1.326913e+00 -7.417573e-01
#################################################
##            CALCULATION COMPLETED            ##
#################################################
# Psi[0]^2 = 0.527443 + I0.000000
# Psi[1]^2 = 0.263229 + I0.000000
# Psi[2]^2 = 0.209328 + I0.000000
# phi0 = 2.586313 
# phi1 = 2.656123 
# phi2 = -0.839355 
# Psi = 
#	3.828666e-01+i(-6.171351e-01)
#	2.394052e-01+i(-4.537777e-01)
#	-3.404951e-01+i(3.056001e-01)
#ProbSurv b 1-|Psi|^2 calls E tol dh dh(prev) dh(last)
0.440525210502	1	-9.99201e-14	9001	265631	0.0001	0.0001	0.0001	5e-05
