# a = 0.100000
# b = 1.000000
# E = 0.840000
# tol = 0.000100
# s12 = 0.554977
# s13 = 0.152971
# psi0 = 0.822075 + I0.000000	0.548446 + I0.000000	0.152971 + I0.000000
# dh = 0.000100
# out = data/E8.4e-1.0_tol1e-4.log
# model = sun
# scan_steps = 100.000000
# H0 = 
#	 0.000000e+00 0.000000e+00 0.000000e+00
#	 0.000000e+00 1.582974e+05 0.000000e+00
#	 0.000000e+00 0.000000e+00 5.180905e+06
# W = 
#	 6.758072e-01 4.508635e-01 1.257533e-01
#	 4.508635e-01 3.007928e-01 8.389608e-02
#	 1.257533e-01 8.389608e-02 2.340000e-02
# H0W = 
#	 0.000000e+00 -7.137051e+04 -6.515158e+05
#	 7.137051e+04 0.000000e+00 -4.213771e+05
#	 6.515158e+05 4.213771e+05 0.000000e+00
# H0H0W = 
#	 0.000000e+00 1.129776e+10 3.375441e+12
#	 1.129776e+10 0.000000e+00 2.116411e+12
#	 3.375441e+12 2.116411e+12 0.000000e+00
# WH0W = 
#	 2.282172e+05 8.088420e+04 -6.090494e+05
#	 8.088420e+04 6.347038e+03 -4.196068e+05
#	 -6.090494e+05 -4.196068e+05 -2.345643e+05
#################################################
##            CALCULATION COMPLETED            ##
#################################################
# Psi[0]^2 = 0.612066 + I0.000000
# Psi[1]^2 = 0.364328 + I0.000000
# Psi[2]^2 = 0.023606 + I0.000000
# phi0 = -3.103968 
# phi1 = 2.394668 
# phi2 = 2.087591 
# Psi = 
#	-2.942828e-02+i(-7.817927e-01)
#	4.100743e-01+i(-4.429076e-01)
#	1.335781e-01+i(-7.591418e-02)
#ProbSurv b 1-|Psi|^2 calls E tol dh dh(prev) dh(last)
0.523778135491	1	-1.52778e-11	344200	0.84	0.0001	0.0001	2.61477e-06	2.30221e-06
