# a = 0.100000
# b = 1.000000
# E = 8400000.000000
# tol = 0.000100
# s12 = 0.554977
# s13 = 0.152971
# psi0 = 0.822075 + I0.000000	0.548446 + I0.000000	0.152971 + I0.000000
# dh = 0.000100
# out = data/E8.4e6.0_tol1e-4.log
# model = sun
# scan_steps = 100.000000
# H0 = 
#	 0.000000e+00 0.000000e+00 0.000000e+00
#	 0.000000e+00 1.582974e-02 0.000000e+00
#	 0.000000e+00 0.000000e+00 5.180905e-01
# W = 
#	 6.758072e-01 4.508635e-01 1.257533e-01
#	 4.508635e-01 3.007928e-01 8.389608e-02
#	 1.257533e-01 8.389608e-02 2.340000e-02
# H0W = 
#	 0.000000e+00 -7.137051e-03 -6.515158e-02
#	 7.137051e-03 0.000000e+00 -4.213771e-02
#	 6.515158e-02 4.213771e-02 0.000000e+00
# H0H0W = 
#	 0.000000e+00 1.129776e-04 3.375441e-02
#	 1.129776e-04 0.000000e+00 2.116411e-02
#	 3.375441e-02 2.116411e-02 0.000000e+00
# WH0W = 
#	 2.282172e-02 8.088420e-03 -6.090494e-02
#	 8.088420e-03 6.347038e-04 -4.196068e-02
#	 -6.090494e-02 -4.196068e-02 -2.345643e-02
#################################################
##            CALCULATION COMPLETED            ##
#################################################
# Psi[0]^2 = 0.673168 + I0.000000
# Psi[1]^2 = 0.300686 + I0.000000
# Psi[2]^2 = 0.026146 + I0.000000
# phi0 = 2.211348 
# phi1 = 2.213514 
# phi2 = 2.282933 
# Psi = 
#	6.578240e-01+i(-4.903426e-01)
#	4.389362e-01+i(-3.286653e-01)
#	1.223993e-01+i(-1.056613e-01)
#ProbSurv b 1-|Psi|^2 calls E tol dh dh(prev) dh(last)
0.545987922321	1	-8.52651e-14	9001	8.4e+06	0.0001	0.0001	0.0001	5e-05
