# a = 0.100000
# b = 1.000000
# E = 84000.000000
# tol = 0.000100
# s12 = 0.554977
# s13 = 0.152971
# psi0 = 0.822075 + I0.000000	0.548446 + I0.000000	0.152971 + I0.000000
# dh = 0.000100
# out = data/E8.4e4.0_tol1e-4.log
# model = sun
# scan_steps = 100.000000
# H0 = 
#	 0.000000e+00 0.000000e+00 0.000000e+00
#	 0.000000e+00 1.582974e+00 0.000000e+00
#	 0.000000e+00 0.000000e+00 5.180905e+01
# W = 
#	 6.758072e-01 4.508635e-01 1.257533e-01
#	 4.508635e-01 3.007928e-01 8.389608e-02
#	 1.257533e-01 8.389608e-02 2.340000e-02
# H0W = 
#	 0.000000e+00 -7.137051e-01 -6.515158e+00
#	 7.137051e-01 0.000000e+00 -4.213771e+00
#	 6.515158e+00 4.213771e+00 0.000000e+00
# H0H0W = 
#	 0.000000e+00 1.129776e+00 3.375441e+02
#	 1.129776e+00 0.000000e+00 2.116411e+02
#	 3.375441e+02 2.116411e+02 0.000000e+00
# WH0W = 
#	 2.282172e+00 8.088420e-01 -6.090494e+00
#	 8.088420e-01 6.347038e-02 -4.196068e+00
#	 -6.090494e+00 -4.196068e+00 -2.345643e+00
#################################################
##            CALCULATION COMPLETED            ##
#################################################
# Psi[0]^2 = 0.302768 + I0.000000
# Psi[1]^2 = 0.191527 + I0.000000
# Psi[2]^2 = 0.505706 + I0.000000
# phi0 = -3.010433 
# phi1 = -2.789193 
# phi2 = -2.745411 
# Psi = 
#	-7.196311e-02+i(-5.455172e-01)
#	-1.510512e-01+i(-4.107437e-01)
#	-2.744237e-01+i(-6.560466e-01)
#ProbSurv b 1-|Psi|^2 calls E tol dh dh(prev) dh(last)
0.274055980091	1	-1.25233e-13	9001	84000	0.0001	0.0001	0.0001	5e-05
