# a = 0.100000
# b = 1.000000
# E = 26.563132
# tol = 0.000100
# s12 = 0.554977
# s13 = 0.152971
# psi0 = 0.822075 + I0.000000	0.548446 + I0.000000	0.152971 + I0.000000
# dh = 0.000100
# out = data/E8.4e0.5_tol1e-4.log
# model = sun
# scan_steps = 100.000000
# H0 = 
#	 0.000000e+00 0.000000e+00 0.000000e+00
#	 0.000000e+00 5.005802e+03 0.000000e+00
#	 0.000000e+00 0.000000e+00 1.638346e+05
# W = 
#	 6.758072e-01 4.508635e-01 1.257533e-01
#	 4.508635e-01 3.007928e-01 8.389608e-02
#	 1.257533e-01 8.389608e-02 2.340000e-02
# H0W = 
#	 0.000000e+00 -2.256934e+03 -2.060274e+04
#	 2.256934e+03 0.000000e+00 -1.332511e+04
#	 2.060274e+04 1.332511e+04 0.000000e+00
# H0H0W = 
#	 0.000000e+00 1.129776e+07 3.375441e+09
#	 1.129776e+07 0.000000e+00 2.116411e+09
#	 3.375441e+09 2.116411e+09 0.000000e+00
# WH0W = 
#	 7.216862e+03 2.557783e+03 -1.925983e+04
#	 2.557783e+03 2.007110e+02 -1.326913e+04
#	 -1.925983e+04 -1.326913e+04 -7.417573e+03
#################################################
##            CALCULATION COMPLETED            ##
#################################################
# Psi[0]^2 = 0.011934 + I0.000000
# Psi[1]^2 = 0.956606 + I0.000000
# Psi[2]^2 = 0.031460 + I0.000000
# phi0 = 2.063236 
# phi1 = -2.764976 
# phi2 = -2.719373 
# Psi = 
#	9.626166e-02+i(-5.164688e-02)
#	-3.597079e-01+i(-9.095144e-01)
#	-7.268372e-02+i(-1.617937e-01)
#ProbSurv b 1-|Psi|^2 calls E tol dh dh(prev) dh(last)
0.296541297638	1	-1.91647e-12	9001	26.5631	0.0001	0.0001	0.0001	5e-05
