# a = 0.100000
# b = 1.000000
# E = 8.400000
# tol = 0.000100
# s12 = 0.554977
# s13 = 0.152971
# psi0 = 0.822075 + I0.000000	0.548446 + I0.000000	0.152971 + I0.000000
# dh = 0.000100
# out = data/E8.4e0.0_tol1e-4.log
# model = sun
# scan_steps = 100.000000
# H0 = 
#	 0.000000e+00 0.000000e+00 0.000000e+00
#	 0.000000e+00 1.582974e+04 0.000000e+00
#	 0.000000e+00 0.000000e+00 5.180905e+05
# W = 
#	 6.758072e-01 4.508635e-01 1.257533e-01
#	 4.508635e-01 3.007928e-01 8.389608e-02
#	 1.257533e-01 8.389608e-02 2.340000e-02
# H0W = 
#	 0.000000e+00 -7.137051e+03 -6.515158e+04
#	 7.137051e+03 0.000000e+00 -4.213771e+04
#	 6.515158e+04 4.213771e+04 0.000000e+00
# H0H0W = 
#	 0.000000e+00 1.129776e+08 3.375441e+10
#	 1.129776e+08 0.000000e+00 2.116411e+10
#	 3.375441e+10 2.116411e+10 0.000000e+00
# WH0W = 
#	 2.282172e+04 8.088420e+03 -6.090494e+04
#	 8.088420e+03 6.347038e+02 -4.196068e+04
#	 -6.090494e+04 -4.196068e+04 -2.345643e+04
#################################################
##            CALCULATION COMPLETED            ##
#################################################
# Psi[0]^2 = 0.124024 + I0.000000
# Psi[1]^2 = 0.850460 + I0.000000
# Psi[2]^2 = 0.025516 + I0.000000
# phi0 = 2.913746 
# phi1 = 1.720791 
# phi2 = -2.831167 
# Psi = 
#	7.954836e-02+i(-3.430692e-01)
#	9.118492e-01+i(-1.378080e-01)
#	-4.879347e-02+i(-1.521011e-01)
#ProbSurv b 1-|Psi|^2 calls E tol dh dh(prev) dh(last)
 0.34022591458	1	-7.52065e-12	23751	8.4	0.0001	0.0001	3.7895e-05	3.52841e-05
