# a = 0.100000
# b = 1.000000
# E = 2656.313235
# tol = 0.000100
# s12 = 0.554977
# s13 = 0.152971
# psi0 = 0.822075 + I0.000000	0.548446 + I0.000000	0.152971 + I0.000000
# dh = 0.000100
# out = data/E8.4e2.5_tol1e-4.log
# model = sun
# scan_steps = 100.000000
# H0 = 
#	 0.000000e+00 0.000000e+00 0.000000e+00
#	 0.000000e+00 5.005802e+01 0.000000e+00
#	 0.000000e+00 0.000000e+00 1.638346e+03
# W = 
#	 6.758072e-01 4.508635e-01 1.257533e-01
#	 4.508635e-01 3.007928e-01 8.389608e-02
#	 1.257533e-01 8.389608e-02 2.340000e-02
# H0W = 
#	 0.000000e+00 -2.256934e+01 -2.060274e+02
#	 2.256934e+01 0.000000e+00 -1.332511e+02
#	 2.060274e+02 1.332511e+02 0.000000e+00
# H0H0W = 
#	 0.000000e+00 1.129776e+03 3.375441e+05
#	 1.129776e+03 0.000000e+00 2.116411e+05
#	 3.375441e+05 2.116411e+05 0.000000e+00
# WH0W = 
#	 7.216862e+01 2.557783e+01 -1.925983e+02
#	 2.557783e+01 2.007110e+00 -1.326913e+02
#	 -1.925983e+02 -1.326913e+02 -7.417573e+01
#################################################
##            CALCULATION COMPLETED            ##
#################################################
# Psi[0]^2 = 0.000001 + I0.000000
# Psi[1]^2 = 0.000129 + I0.000000
# Psi[2]^2 = 0.999870 + I0.000000
# phi0 = -1.891857 
# phi1 = 1.441123 
# phi2 = -1.266846 
# Psi = 
#	-8.849564e-04+i(-2.943074e-04)
#	1.126575e-02+i(1.469106e-03)
#	-9.540996e-01+i(2.992724e-01)
#ProbSurv b 1-|Psi|^2 calls E tol dh dh(prev) dh(last)
0.0234363720348	1	-5.75096e-14	9001	2656.31	0.0001	0.0001	0.0001	5e-05
