# a = 0.100000
# b = 1.000000
# E = 26.879360
# tol = 0.000100
# s12 = 0.554977
# s13 = 0.152971
# psi0 = 0.822075 + I0.000000	0.548446 + I0.000000	0.152971 + I0.000000
# dh = 0.000100
# out = data/E8.5e0.5_tol1e-4.log
# model = sun
# scan_steps = 100.000000
# H0 = 
#	 0.000000e+00 0.000000e+00 0.000000e+00
#	 0.000000e+00 4.946910e+03 0.000000e+00
#	 0.000000e+00 0.000000e+00 1.619071e+05
# W = 
#	 6.758072e-01 4.508635e-01 1.257533e-01
#	 4.508635e-01 3.007928e-01 8.389608e-02
#	 1.257533e-01 8.389608e-02 2.340000e-02
# H0W = 
#	 0.000000e+00 -2.230382e+03 -2.036035e+04
#	 2.230382e+03 0.000000e+00 -1.316835e+04
#	 2.036035e+04 1.316835e+04 0.000000e+00
# H0H0W = 
#	 0.000000e+00 1.103350e+07 3.296486e+09
#	 1.103350e+07 0.000000e+00 2.066907e+09
#	 3.296486e+09 2.066907e+09 0.000000e+00
# WH0W = 
#	 7.131958e+03 2.527691e+03 -1.903325e+04
#	 2.527691e+03 1.983497e+02 -1.311302e+04
#	 -1.903325e+04 -1.311302e+04 -7.330308e+03
#################################################
##            CALCULATION COMPLETED            ##
#################################################
# Psi[0]^2 = 0.011651 + I0.000000
# Psi[1]^2 = 0.956769 + I0.000000
# Psi[2]^2 = 0.031580 + I0.000000
# phi0 = -2.294056 
# phi1 = -1.195894 
# phi2 = 3.054702 
# Psi = 
#	-8.091838e-02+i(-7.143885e-02)
#	-9.102070e-01+i(3.581791e-01)
#	1.542162e-02+i(-1.770360e-01)
#ProbSurv b 1-|Psi|^2 calls E tol dh dh(prev) dh(last)
0.296402256083	1	-2.26463e-12	9001	26.8794	0.0001	0.0001	0.0001	5e-05
