# a = 0.100000
# b = 1.000000
# E = 8500000.000000
# tol = 0.000100
# s12 = 0.554977
# s13 = 0.152971
# psi0 = 0.822075 + I0.000000	0.548446 + I0.000000	0.152971 + I0.000000
# dh = 0.000100
# out = data/E8.5e6.0_tol1e-4.log
# model = sun
# scan_steps = 100.000000
# H0 = 
#	 0.000000e+00 0.000000e+00 0.000000e+00
#	 0.000000e+00 1.564350e-02 0.000000e+00
#	 0.000000e+00 0.000000e+00 5.119953e-01
# W = 
#	 6.758072e-01 4.508635e-01 1.257533e-01
#	 4.508635e-01 3.007928e-01 8.389608e-02
#	 1.257533e-01 8.389608e-02 2.340000e-02
# H0W = 
#	 0.000000e+00 -7.053086e-03 -6.438509e-02
#	 7.053086e-03 0.000000e+00 -4.164197e-02
#	 6.438509e-02 4.164197e-02 0.000000e+00
# H0H0W = 
#	 0.000000e+00 1.103350e-04 3.296486e-02
#	 1.103350e-04 0.000000e+00 2.066907e-02
#	 3.296486e-02 2.066907e-02 0.000000e+00
# WH0W = 
#	 2.255323e-02 7.993262e-03 -6.018842e-02
#	 7.993262e-03 6.272367e-04 -4.146702e-02
#	 -6.018842e-02 -4.146702e-02 -2.318047e-02
#################################################
##            CALCULATION COMPLETED            ##
#################################################
# Psi[0]^2 = 0.673200 + I0.000000
# Psi[1]^2 = 0.300688 + I0.000000
# Psi[2]^2 = 0.026112 + I0.000000
# phi0 = 2.211195 
# phi1 = 2.213337 
# phi2 = 2.281931 
# Psi = 
#	6.579142e-01+i(-4.902541e-01)
#	4.389958e-01+i(-3.285882e-01)
#	1.224263e-01+i(-1.054707e-01)
#ProbSurv b 1-|Psi|^2 calls E tol dh dh(prev) dh(last)
0.546009229417	1	-1.14353e-13	9001	8.5e+06	0.0001	0.0001	0.0001	5e-05
