# a = 0.100000
# b = 1.000000
# E = 0.850000
# tol = 0.000100
# s12 = 0.554977
# s13 = 0.152971
# psi0 = 0.822075 + I0.000000	0.548446 + I0.000000	0.152971 + I0.000000
# dh = 0.000100
# out = data/E8.5e-1.0_tol1e-4.log
# model = sun
# scan_steps = 100.000000
# H0 = 
#	 0.000000e+00 0.000000e+00 0.000000e+00
#	 0.000000e+00 1.564350e+05 0.000000e+00
#	 0.000000e+00 0.000000e+00 5.119953e+06
# W = 
#	 6.758072e-01 4.508635e-01 1.257533e-01
#	 4.508635e-01 3.007928e-01 8.389608e-02
#	 1.257533e-01 8.389608e-02 2.340000e-02
# H0W = 
#	 0.000000e+00 -7.053086e+04 -6.438509e+05
#	 7.053086e+04 0.000000e+00 -4.164197e+05
#	 6.438509e+05 4.164197e+05 0.000000e+00
# H0H0W = 
#	 0.000000e+00 1.103350e+10 3.296486e+12
#	 1.103350e+10 0.000000e+00 2.066907e+12
#	 3.296486e+12 2.066907e+12 0.000000e+00
# WH0W = 
#	 2.255323e+05 7.993262e+04 -6.018842e+05
#	 7.993262e+04 6.272367e+03 -4.146702e+05
#	 -6.018842e+05 -4.146702e+05 -2.318047e+05
#################################################
##            CALCULATION COMPLETED            ##
#################################################
# Psi[0]^2 = 0.611253 + I0.000000
# Psi[1]^2 = 0.365139 + I0.000000
# Psi[2]^2 = 0.023609 + I0.000000
# phi0 = 2.768303 
# phi1 = -1.958182 
# phi2 = -2.341982 
# Psi = 
#	2.851172e-01+i(-7.279841e-01)
#	-5.594908e-01+i(-2.282735e-01)
#	-1.101806e-01+i(-1.070924e-01)
#ProbSurv b 1-|Psi|^2 calls E tol dh dh(prev) dh(last)
0.523472539742	1	-5.25091e-12	368862	0.85	0.0001	0.0001	2.43995e-06	1.7291e-06
