# a = 0.100000
# b = 1.000000
# E = 268.793601
# tol = 0.000100
# s12 = 0.554977
# s13 = 0.152971
# psi0 = 0.822075 + I0.000000	0.548446 + I0.000000	0.152971 + I0.000000
# dh = 0.000100
# out = data/E8.5e1.5_tol1e-4.log
# model = sun
# scan_steps = 100.000000
# H0 = 
#	 0.000000e+00 0.000000e+00 0.000000e+00
#	 0.000000e+00 4.946910e+02 0.000000e+00
#	 0.000000e+00 0.000000e+00 1.619071e+04
# W = 
#	 6.758072e-01 4.508635e-01 1.257533e-01
#	 4.508635e-01 3.007928e-01 8.389608e-02
#	 1.257533e-01 8.389608e-02 2.340000e-02
# H0W = 
#	 0.000000e+00 -2.230382e+02 -2.036035e+03
#	 2.230382e+02 0.000000e+00 -1.316835e+03
#	 2.036035e+03 1.316835e+03 0.000000e+00
# H0H0W = 
#	 0.000000e+00 1.103350e+05 3.296486e+07
#	 1.103350e+05 0.000000e+00 2.066907e+07
#	 3.296486e+07 2.066907e+07 0.000000e+00
# WH0W = 
#	 7.131958e+02 2.527691e+02 -1.903325e+03
#	 2.527691e+02 1.983497e+01 -1.311302e+03
#	 -1.903325e+03 -1.311302e+03 -7.330308e+02
#################################################
##            CALCULATION COMPLETED            ##
#################################################
# Psi[0]^2 = 0.000112 + I0.000000
# Psi[1]^2 = 0.076798 + I0.000000
# Psi[2]^2 = 0.923090 + I0.000000
# phi0 = 2.779645 
# phi1 = 2.927897 
# phi2 = -0.308106 
# Psi = 
#	3.740868e-03+i(-9.880045e-03)
#	5.877068e-02+i(-2.708211e-01)
#	-2.913591e-01+i(9.155327e-01)
#ProbSurv b 1-|Psi|^2 calls E tol dh dh(prev) dh(last)
0.0447760417577	1	-4.301e-13	9001	268.794	0.0001	0.0001	0.0001	5e-05
