# a = 0.100000
# b = 1.000000
# E = 850000.000000
# tol = 0.000100
# s12 = 0.554977
# s13 = 0.152971
# psi0 = 0.822075 + I0.000000	0.548446 + I0.000000	0.152971 + I0.000000
# dh = 0.000100
# out = data/E8.5e5.0_tol1e-4.log
# model = sun
# scan_steps = 100.000000
# H0 = 
#	 0.000000e+00 0.000000e+00 0.000000e+00
#	 0.000000e+00 1.564350e-01 0.000000e+00
#	 0.000000e+00 0.000000e+00 5.119953e+00
# W = 
#	 6.758072e-01 4.508635e-01 1.257533e-01
#	 4.508635e-01 3.007928e-01 8.389608e-02
#	 1.257533e-01 8.389608e-02 2.340000e-02
# H0W = 
#	 0.000000e+00 -7.053086e-02 -6.438509e-01
#	 7.053086e-02 0.000000e+00 -4.164197e-01
#	 6.438509e-01 4.164197e-01 0.000000e+00
# H0H0W = 
#	 0.000000e+00 1.103350e-02 3.296486e+00
#	 1.103350e-02 0.000000e+00 2.066907e+00
#	 3.296486e+00 2.066907e+00 0.000000e+00
# WH0W = 
#	 2.255323e-01 7.993262e-02 -6.018842e-01
#	 7.993262e-02 6.272367e-03 -4.146702e-01
#	 -6.018842e-01 -4.146702e-01 -2.318047e-01
#################################################
##            CALCULATION COMPLETED            ##
#################################################
# Psi[0]^2 = 0.642386 + I0.000000
# Psi[1]^2 = 0.296217 + I0.000000
# Psi[2]^2 = 0.061396 + I0.000000
# phi0 = 2.327200 
# phi1 = 2.348586 
# phi2 = 3.088618 
# Psi = 
#	5.829310e-01+i(-5.500705e-01)
#	3.877658e-01+i(-3.819098e-01)
#	1.312002e-02+i(-2.474354e-01)
#ProbSurv b 1-|Psi|^2 calls E tol dh dh(prev) dh(last)
0.524665926307	1	-7.9492e-14	9001	850000	0.0001	0.0001	0.0001	5e-05
