# a = 0.100000
# b = 1.000000
# E = 268793.601114
# tol = 0.000100
# s12 = 0.554977
# s13 = 0.152971
# psi0 = 0.822075 + I0.000000	0.548446 + I0.000000	0.152971 + I0.000000
# dh = 0.000100
# out = data/E8.5e4.5_tol1e-4.log
# model = sun
# scan_steps = 100.000000
# H0 = 
#	 0.000000e+00 0.000000e+00 0.000000e+00
#	 0.000000e+00 4.946910e-01 0.000000e+00
#	 0.000000e+00 0.000000e+00 1.619071e+01
# W = 
#	 6.758072e-01 4.508635e-01 1.257533e-01
#	 4.508635e-01 3.007928e-01 8.389608e-02
#	 1.257533e-01 8.389608e-02 2.340000e-02
# H0W = 
#	 0.000000e+00 -2.230382e-01 -2.036035e+00
#	 2.230382e-01 0.000000e+00 -1.316835e+00
#	 2.036035e+00 1.316835e+00 0.000000e+00
# H0H0W = 
#	 0.000000e+00 1.103350e-01 3.296486e+01
#	 1.103350e-01 0.000000e+00 2.066907e+01
#	 3.296486e+01 2.066907e+01 0.000000e+00
# WH0W = 
#	 7.131958e-01 2.527691e-01 -1.903325e+00
#	 2.527691e-01 1.983497e-02 -1.311302e+00
#	 -1.903325e+00 -1.311302e+00 -7.330308e-01
#################################################
##            CALCULATION COMPLETED            ##
#################################################
# Psi[0]^2 = 0.529365 + I0.000000
# Psi[1]^2 = 0.263841 + I0.000000
# Psi[2]^2 = 0.206794 + I0.000000
# phi0 = 2.582462 
# phi1 = 2.651418 
# phi2 = -0.884374 
# Psi = 
#	3.859414e-01+i(-6.167774e-01)
#	2.418180e-01+i(-4.531720e-01)
#	-3.517544e-01+i(2.882063e-01)
#ProbSurv b 1-|Psi|^2 calls E tol dh dh(prev) dh(last)
0.441949156155	1	-9.14824e-14	9001	268794	0.0001	0.0001	0.0001	5e-05
