# a = 0.100000
# b = 1.000000
# E = 86.000000
# tol = 0.000100
# s12 = 0.554977
# s13 = 0.152971
# psi0 = 0.822075 + I0.000000	0.548446 + I0.000000	0.152971 + I0.000000
# dh = 0.000100
# out = data/E8.6e1.0_tol1e-4.log
# model = sun
# scan_steps = 100.000000
# H0 = 
#	 0.000000e+00 0.000000e+00 0.000000e+00
#	 0.000000e+00 1.546160e+03 0.000000e+00
#	 0.000000e+00 0.000000e+00 5.060419e+04
# W = 
#	 6.758072e-01 4.508635e-01 1.257533e-01
#	 4.508635e-01 3.007928e-01 8.389608e-02
#	 1.257533e-01 8.389608e-02 2.340000e-02
# H0W = 
#	 0.000000e+00 -6.971073e+02 -6.363643e+03
#	 6.971073e+02 0.000000e+00 -4.115776e+03
#	 6.363643e+03 4.115776e+03 0.000000e+00
# H0H0W = 
#	 0.000000e+00 1.077840e+06 3.220270e+08
#	 1.077840e+06 0.000000e+00 2.019118e+08
#	 3.220270e+08 2.019118e+08 0.000000e+00
# WH0W = 
#	 2.229098e+03 7.900317e+02 -5.948855e+03
#	 7.900317e+02 6.199432e+01 -4.098485e+03
#	 -5.948855e+03 -4.098485e+03 -2.291093e+03
#################################################
##            CALCULATION COMPLETED            ##
#################################################
# Psi[0]^2 = 0.001015 + I0.000000
# Psi[1]^2 = 0.925572 + I0.000000
# Psi[2]^2 = 0.073413 + I0.000000
# phi0 = 3.020329 
# phi1 = -0.838756 
# phi2 = 3.086711 
# Psi = 
#	3.854466e-03+i(-3.162981e-02)
#	-7.155970e-01+i(6.430342e-01)
#	1.486251e-02+i(-2.705396e-01)
#ProbSurv b 1-|Psi|^2 calls E tol dh dh(prev) dh(last)
0.280809432006	1	7.68496e-13	9001	86	0.0001	0.0001	0.0001	5e-05
