# a = 0.100000
# b = 1.000000
# E = 860000.000000
# tol = 0.000100
# s12 = 0.554977
# s13 = 0.152971
# psi0 = 0.822075 + I0.000000	0.548446 + I0.000000	0.152971 + I0.000000
# dh = 0.000100
# out = data/E8.6e5.0_tol1e-4.log
# model = sun
# scan_steps = 100.000000
# H0 = 
#	 0.000000e+00 0.000000e+00 0.000000e+00
#	 0.000000e+00 1.546160e-01 0.000000e+00
#	 0.000000e+00 0.000000e+00 5.060419e+00
# W = 
#	 6.758072e-01 4.508635e-01 1.257533e-01
#	 4.508635e-01 3.007928e-01 8.389608e-02
#	 1.257533e-01 8.389608e-02 2.340000e-02
# H0W = 
#	 0.000000e+00 -6.971073e-02 -6.363643e-01
#	 6.971073e-02 0.000000e+00 -4.115776e-01
#	 6.363643e-01 4.115776e-01 0.000000e+00
# H0H0W = 
#	 0.000000e+00 1.077840e-02 3.220270e+00
#	 1.077840e-02 0.000000e+00 2.019118e+00
#	 3.220270e+00 2.019118e+00 0.000000e+00
# WH0W = 
#	 2.229098e-01 7.900317e-02 -5.948855e-01
#	 7.900317e-02 6.199432e-03 -4.098485e-01
#	 -5.948855e-01 -4.098485e-01 -2.291093e-01
#################################################
##            CALCULATION COMPLETED            ##
#################################################
# Psi[0]^2 = 0.642872 + I0.000000
# Psi[1]^2 = 0.296318 + I0.000000
# Psi[2]^2 = 0.060810 + I0.000000
# phi0 = 2.325701 
# phi1 = 2.346839 
# phi2 = 3.077592 
# Psi = 
#	5.839751e-01+i(-5.494042e-01)
#	3.884986e-01+i(-3.812967e-01)
#	1.577150e-02+i(-2.460916e-01)
#ProbSurv b 1-|Psi|^2 calls E tol dh dh(prev) dh(last)
0.525010799108	1	-1.27232e-13	9001	860000	0.0001	0.0001	0.0001	5e-05
