# a = 0.100000
# b = 1.000000
# E = 27195.587877
# tol = 0.000100
# s12 = 0.554977
# s13 = 0.152971
# psi0 = 0.822075 + I0.000000	0.548446 + I0.000000	0.152971 + I0.000000
# dh = 0.000100
# out = data/E8.6e3.5_tol1e-4.log
# model = sun
# scan_steps = 100.000000
# H0 = 
#	 0.000000e+00 0.000000e+00 0.000000e+00
#	 0.000000e+00 4.889388e+00 0.000000e+00
#	 0.000000e+00 0.000000e+00 1.600245e+02
# W = 
#	 6.758072e-01 4.508635e-01 1.257533e-01
#	 4.508635e-01 3.007928e-01 8.389608e-02
#	 1.257533e-01 8.389608e-02 2.340000e-02
# H0W = 
#	 0.000000e+00 -2.204447e+00 -2.012360e+01
#	 2.204447e+00 0.000000e+00 -1.301523e+01
#	 2.012360e+01 1.301523e+01 0.000000e+00
# H0H0W = 
#	 0.000000e+00 1.077840e+01 3.220270e+03
#	 1.077840e+01 0.000000e+00 2.019118e+03
#	 3.220270e+03 2.019118e+03 0.000000e+00
# WH0W = 
#	 7.049028e+00 2.498300e+00 -1.881193e+01
#	 2.498300e+00 1.960433e-01 -1.296055e+01
#	 -1.881193e+01 -1.296055e+01 -7.245072e+00
#################################################
##            CALCULATION COMPLETED            ##
#################################################
# Psi[0]^2 = 0.047377 + I0.000000
# Psi[1]^2 = 0.061677 + I0.000000
# Psi[2]^2 = 0.890946 + I0.000000
# phi0 = -1.163293 
# phi1 = -0.451384 
# phi2 = -2.668502 
# Psi = 
#	-1.998379e-01+i(8.626332e-02)
#	-1.083327e-01+i(2.234754e-01)
#	-4.300780e-01+i(-8.402257e-01)
#ProbSurv b 1-|Psi|^2 calls E tol dh dh(prev) dh(last)
0.0714176181282	1	-1.04805e-13	9001	27195.6	0.0001	0.0001	0.0001	5e-05
