# a = 0.100000
# b = 1.000000
# E = 2719.558788
# tol = 0.000100
# s12 = 0.554977
# s13 = 0.152971
# psi0 = 0.822075 + I0.000000	0.548446 + I0.000000	0.152971 + I0.000000
# dh = 0.000100
# out = data/E8.6e2.5_tol1e-4.log
# model = sun
# scan_steps = 100.000000
# H0 = 
#	 0.000000e+00 0.000000e+00 0.000000e+00
#	 0.000000e+00 4.889388e+01 0.000000e+00
#	 0.000000e+00 0.000000e+00 1.600245e+03
# W = 
#	 6.758072e-01 4.508635e-01 1.257533e-01
#	 4.508635e-01 3.007928e-01 8.389608e-02
#	 1.257533e-01 8.389608e-02 2.340000e-02
# H0W = 
#	 0.000000e+00 -2.204447e+01 -2.012360e+02
#	 2.204447e+01 0.000000e+00 -1.301523e+02
#	 2.012360e+02 1.301523e+02 0.000000e+00
# H0H0W = 
#	 0.000000e+00 1.077840e+03 3.220270e+05
#	 1.077840e+03 0.000000e+00 2.019118e+05
#	 3.220270e+05 2.019118e+05 0.000000e+00
# WH0W = 
#	 7.049028e+01 2.498300e+01 -1.881193e+02
#	 2.498300e+01 1.960433e+00 -1.296055e+02
#	 -1.881193e+02 -1.296055e+02 -7.245072e+01
#################################################
##            CALCULATION COMPLETED            ##
#################################################
# Psi[0]^2 = 0.000002 + I0.000000
# Psi[1]^2 = 0.000126 + I0.000000
# Psi[2]^2 = 0.999873 + I0.000000
# phi0 = -2.433353 
# phi1 = -1.898944 
# phi2 = -1.416790 
# Psi = 
#	-8.580531e-04+i(-1.001847e-03)
#	-1.061474e-02+i(-3.613858e-03)
#	-9.881015e-01+i(1.533881e-01)
#ProbSurv b 1-|Psi|^2 calls E tol dh dh(prev) dh(last)
0.0234360125184	1	-1.88738e-14	9001	2719.56	0.0001	0.0001	0.0001	5e-05
