# a = 0.100000
# b = 1.000000
# E = 2719558.787745
# tol = 0.000100
# s12 = 0.554977
# s13 = 0.152971
# psi0 = 0.822075 + I0.000000	0.548446 + I0.000000	0.152971 + I0.000000
# dh = 0.000100
# out = data/E8.6e5.5_tol1e-4.log
# model = sun
# scan_steps = 100.000000
# H0 = 
#	 0.000000e+00 0.000000e+00 0.000000e+00
#	 0.000000e+00 4.889388e-02 0.000000e+00
#	 0.000000e+00 0.000000e+00 1.600245e+00
# W = 
#	 6.758072e-01 4.508635e-01 1.257533e-01
#	 4.508635e-01 3.007928e-01 8.389608e-02
#	 1.257533e-01 8.389608e-02 2.340000e-02
# H0W = 
#	 0.000000e+00 -2.204447e-02 -2.012360e-01
#	 2.204447e-02 0.000000e+00 -1.301523e-01
#	 2.012360e-01 1.301523e-01 0.000000e+00
# H0H0W = 
#	 0.000000e+00 1.077840e-03 3.220270e-01
#	 1.077840e-03 0.000000e+00 2.019118e-01
#	 3.220270e-01 2.019118e-01 0.000000e+00
# WH0W = 
#	 7.049028e-02 2.498300e-02 -1.881193e-01
#	 2.498300e-02 1.960433e-03 -1.296055e-01
#	 -1.881193e-01 -1.296055e-01 -7.245072e-02
#################################################
##            CALCULATION COMPLETED            ##
#################################################
# Psi[0]^2 = 0.667145 + I0.000000
# Psi[1]^2 = 0.300221 + I0.000000
# Psi[2]^2 = 0.032634 + I0.000000
# phi0 = 2.238455 
# phi1 = 2.245144 
# phi2 = 2.463639 
# Psi = 
#	6.414028e-01+i(-5.057144e-01)
#	4.279919e-01+i(-3.421174e-01)
#	1.133031e-01+i(-1.406999e-01)
#ProbSurv b 1-|Psi|^2 calls E tol dh dh(prev) dh(last)
 0.54192917383	1	-9.4813e-14	9001	2.71956e+06	0.0001	0.0001	0.0001	5e-05
