# a = 0.100000
# b = 1.000000
# E = 271955.878774
# tol = 0.000100
# s12 = 0.554977
# s13 = 0.152971
# psi0 = 0.822075 + I0.000000	0.548446 + I0.000000	0.152971 + I0.000000
# dh = 0.000100
# out = data/E8.6e4.5_tol1e-4.log
# model = sun
# scan_steps = 100.000000
# H0 = 
#	 0.000000e+00 0.000000e+00 0.000000e+00
#	 0.000000e+00 4.889388e-01 0.000000e+00
#	 0.000000e+00 0.000000e+00 1.600245e+01
# W = 
#	 6.758072e-01 4.508635e-01 1.257533e-01
#	 4.508635e-01 3.007928e-01 8.389608e-02
#	 1.257533e-01 8.389608e-02 2.340000e-02
# H0W = 
#	 0.000000e+00 -2.204447e-01 -2.012360e+00
#	 2.204447e-01 0.000000e+00 -1.301523e+00
#	 2.012360e+00 1.301523e+00 0.000000e+00
# H0H0W = 
#	 0.000000e+00 1.077840e-01 3.220270e+01
#	 1.077840e-01 0.000000e+00 2.019118e+01
#	 3.220270e+01 2.019118e+01 0.000000e+00
# WH0W = 
#	 7.049028e-01 2.498300e-01 -1.881193e+00
#	 2.498300e-01 1.960433e-02 -1.296055e+00
#	 -1.881193e+00 -1.296055e+00 -7.245072e-01
#################################################
##            CALCULATION COMPLETED            ##
#################################################
# Psi[0]^2 = 0.531260 + I0.000000
# Psi[1]^2 = 0.264444 + I0.000000
# Psi[2]^2 = 0.204296 + I0.000000
# phi0 = 2.578683 
# phi1 = 2.646805 
# phi2 = -0.928179 
# Psi = 
#	3.889637e-01+i(-6.164146e-01)
#	2.441847e-01+i(-4.525680e-01)
#	-3.618327e-01+i(2.708752e-01)
#ProbSurv b 1-|Psi|^2 calls E tol dh dh(prev) dh(last)
0.443352567165	1	-9.41469e-14	9001	271956	0.0001	0.0001	0.0001	5e-05
