# a = 0.100000
# b = 1.000000
# E = 8600.000000
# tol = 0.000100
# s12 = 0.554977
# s13 = 0.152971
# psi0 = 0.822075 + I0.000000	0.548446 + I0.000000	0.152971 + I0.000000
# dh = 0.000100
# out = data/E8.6e3.0_tol1e-4.log
# model = sun
# scan_steps = 100.000000
# H0 = 
#	 0.000000e+00 0.000000e+00 0.000000e+00
#	 0.000000e+00 1.546160e+01 0.000000e+00
#	 0.000000e+00 0.000000e+00 5.060419e+02
# W = 
#	 6.758072e-01 4.508635e-01 1.257533e-01
#	 4.508635e-01 3.007928e-01 8.389608e-02
#	 1.257533e-01 8.389608e-02 2.340000e-02
# H0W = 
#	 0.000000e+00 -6.971073e+00 -6.363643e+01
#	 6.971073e+00 0.000000e+00 -4.115776e+01
#	 6.363643e+01 4.115776e+01 0.000000e+00
# H0H0W = 
#	 0.000000e+00 1.077840e+02 3.220270e+04
#	 1.077840e+02 0.000000e+00 2.019118e+04
#	 3.220270e+04 2.019118e+04 0.000000e+00
# WH0W = 
#	 2.229098e+01 7.900317e+00 -5.948855e+01
#	 7.900317e+00 6.199432e-01 -4.098485e+01
#	 -5.948855e+01 -4.098485e+01 -2.291093e+01
#################################################
##            CALCULATION COMPLETED            ##
#################################################
# Psi[0]^2 = 0.000049 + I0.000000
# Psi[1]^2 = 0.000958 + I0.000000
# Psi[2]^2 = 0.998993 + I0.000000
# phi0 = -2.453284 
# phi1 = 0.280852 
# phi2 = -0.856852 
# Psi = 
#	-4.459466e-03+i(-5.421864e-03)
#	8.579703e-03+i(2.974142e-02)
#	-7.554042e-01+i(6.544899e-01)
#ProbSurv b 1-|Psi|^2 calls E tol dh dh(prev) dh(last)
0.0236979405413	1	-7.19425e-14	9001	8600	0.0001	0.0001	0.0001	5e-05
