# a = 0.100000
# b = 1.000000
# E = 27.195588
# tol = 0.000100
# s12 = 0.554977
# s13 = 0.152971
# psi0 = 0.822075 + I0.000000	0.548446 + I0.000000	0.152971 + I0.000000
# dh = 0.000100
# out = data/E8.6e0.5_tol1e-4.log
# model = sun
# scan_steps = 100.000000
# H0 = 
#	 0.000000e+00 0.000000e+00 0.000000e+00
#	 0.000000e+00 4.889388e+03 0.000000e+00
#	 0.000000e+00 0.000000e+00 1.600245e+05
# W = 
#	 6.758072e-01 4.508635e-01 1.257533e-01
#	 4.508635e-01 3.007928e-01 8.389608e-02
#	 1.257533e-01 8.389608e-02 2.340000e-02
# H0W = 
#	 0.000000e+00 -2.204447e+03 -2.012360e+04
#	 2.204447e+03 0.000000e+00 -1.301523e+04
#	 2.012360e+04 1.301523e+04 0.000000e+00
# H0H0W = 
#	 0.000000e+00 1.077840e+07 3.220270e+09
#	 1.077840e+07 0.000000e+00 2.019118e+09
#	 3.220270e+09 2.019118e+09 0.000000e+00
# WH0W = 
#	 7.049028e+03 2.498300e+03 -1.881193e+04
#	 2.498300e+03 1.960433e+02 -1.296055e+04
#	 -1.881193e+04 -1.296055e+04 -7.245072e+03
#################################################
##            CALCULATION COMPLETED            ##
#################################################
# Psi[0]^2 = 0.011344 + I0.000000
# Psi[1]^2 = 0.956957 + I0.000000
# Psi[2]^2 = 0.031699 + I0.000000
# phi0 = -0.304268 
# phi1 = 1.542052 
# phi2 = -1.094259 
# Psi = 
#	-3.190882e-02+i(1.016144e-01)
#	9.778377e-01+i(2.811458e-02)
#	-1.582071e-01+i(8.166926e-02)
#ProbSurv b 1-|Psi|^2 calls E tol dh dh(prev) dh(last)
0.296253655204	1	-2.47447e-12	9001	27.1956	0.0001	0.0001	0.0001	5e-05
