# a = 0.100000
# b = 1.000000
# E = 271.955879
# tol = 0.000100
# s12 = 0.554977
# s13 = 0.152971
# psi0 = 0.822075 + I0.000000	0.548446 + I0.000000	0.152971 + I0.000000
# dh = 0.000100
# out = data/E8.6e1.5_tol1e-4.log
# model = sun
# scan_steps = 100.000000
# H0 = 
#	 0.000000e+00 0.000000e+00 0.000000e+00
#	 0.000000e+00 4.889388e+02 0.000000e+00
#	 0.000000e+00 0.000000e+00 1.600245e+04
# W = 
#	 6.758072e-01 4.508635e-01 1.257533e-01
#	 4.508635e-01 3.007928e-01 8.389608e-02
#	 1.257533e-01 8.389608e-02 2.340000e-02
# H0W = 
#	 0.000000e+00 -2.204447e+02 -2.012360e+03
#	 2.204447e+02 0.000000e+00 -1.301523e+03
#	 2.012360e+03 1.301523e+03 0.000000e+00
# H0H0W = 
#	 0.000000e+00 1.077840e+05 3.220270e+07
#	 1.077840e+05 0.000000e+00 2.019118e+07
#	 3.220270e+07 2.019118e+07 0.000000e+00
# WH0W = 
#	 7.049028e+02 2.498300e+02 -1.881193e+03
#	 2.498300e+02 1.960433e+01 -1.296055e+03
#	 -1.881193e+03 -1.296055e+03 -7.245072e+02
#################################################
##            CALCULATION COMPLETED            ##
#################################################
# Psi[0]^2 = 0.000095 + I0.000000
# Psi[1]^2 = 0.072763 + I0.000000
# Psi[2]^2 = 0.927142 + I0.000000
# phi0 = 1.488092 
# phi1 = -0.693927 
# phi2 = -0.405200 
# Psi = 
#	9.720055e-03+i(8.057273e-04)
#	-1.725188e-01+i(2.073642e-01)
#	-3.795706e-01+i(8.849115e-01)
#ProbSurv b 1-|Psi|^2 calls E tol dh dh(prev) dh(last)
0.043645904937	1	-4.37428e-13	9001	271.956	0.0001	0.0001	0.0001	5e-05
