# a = 0.100000
# b = 1.000000
# E = 86000.000000
# tol = 0.000100
# s12 = 0.554977
# s13 = 0.152971
# psi0 = 0.822075 + I0.000000	0.548446 + I0.000000	0.152971 + I0.000000
# dh = 0.000100
# out = data/E8.6e4.0_tol1e-4.log
# model = sun
# scan_steps = 100.000000
# H0 = 
#	 0.000000e+00 0.000000e+00 0.000000e+00
#	 0.000000e+00 1.546160e+00 0.000000e+00
#	 0.000000e+00 0.000000e+00 5.060419e+01
# W = 
#	 6.758072e-01 4.508635e-01 1.257533e-01
#	 4.508635e-01 3.007928e-01 8.389608e-02
#	 1.257533e-01 8.389608e-02 2.340000e-02
# H0W = 
#	 0.000000e+00 -6.971073e-01 -6.363643e+00
#	 6.971073e-01 0.000000e+00 -4.115776e+00
#	 6.363643e+00 4.115776e+00 0.000000e+00
# H0H0W = 
#	 0.000000e+00 1.077840e+00 3.220270e+02
#	 1.077840e+00 0.000000e+00 2.019118e+02
#	 3.220270e+02 2.019118e+02 0.000000e+00
# WH0W = 
#	 2.229098e+00 7.900317e-01 -5.948855e+00
#	 7.900317e-01 6.199432e-02 -4.098485e+00
#	 -5.948855e+00 -4.098485e+00 -2.291093e+00
#################################################
##            CALCULATION COMPLETED            ##
#################################################
# Psi[0]^2 = 0.308586 + I0.000000
# Psi[1]^2 = 0.193496 + I0.000000
# Psi[2]^2 = 0.497918 + I0.000000
# phi0 = -3.035141 
# phi1 = -2.818728 
# phi2 = 3.121905 
# Psi = 
#	-5.902288e-02+i(-5.523605e-01)
#	-1.395676e-01+i(-4.171531e-01)
#	1.389142e-02+i(-7.054966e-01)
#ProbSurv b 1-|Psi|^2 calls E tol dh dh(prev) dh(last)
0.278397921212	1	-1.23679e-13	9001	86000	0.0001	0.0001	0.0001	5e-05
