# a = 0.100000
# b = 1.000000
# E = 2.719559
# tol = 0.000100
# s12 = 0.554977
# s13 = 0.152971
# psi0 = 0.822075 + I0.000000	0.548446 + I0.000000	0.152971 + I0.000000
# dh = 0.000100
# out = data/E8.6e-0.5_tol1e-4.log
# model = sun
# scan_steps = 100.000000
# H0 = 
#	 0.000000e+00 0.000000e+00 0.000000e+00
#	 0.000000e+00 4.889388e+04 0.000000e+00
#	 0.000000e+00 0.000000e+00 1.600245e+06
# W = 
#	 6.758072e-01 4.508635e-01 1.257533e-01
#	 4.508635e-01 3.007928e-01 8.389608e-02
#	 1.257533e-01 8.389608e-02 2.340000e-02
# H0W = 
#	 0.000000e+00 -2.204447e+04 -2.012360e+05
#	 2.204447e+04 0.000000e+00 -1.301523e+05
#	 2.012360e+05 1.301523e+05 0.000000e+00
# H0H0W = 
#	 0.000000e+00 1.077840e+09 3.220270e+11
#	 1.077840e+09 0.000000e+00 2.019118e+11
#	 3.220270e+11 2.019118e+11 0.000000e+00
# WH0W = 
#	 7.049028e+04 2.498300e+04 -1.881193e+05
#	 2.498300e+04 1.960433e+03 -1.296055e+05
#	 -1.881193e+05 -1.296055e+05 -7.245072e+04
#################################################
##            CALCULATION COMPLETED            ##
#################################################
# Psi[0]^2 = 0.448471 + I0.000000
# Psi[1]^2 = 0.527452 + I0.000000
# Psi[2]^2 = 0.024077 + I0.000000
# phi0 = 3.136432 
# phi1 = 2.847537 
# phi2 = -2.366449 
# Psi = 
#	3.455828e-03+i(-6.696710e-01)
#	2.104964e-01+i(-6.950850e-01)
#	-1.085890e-01+i(-1.108393e-01)
#ProbSurv b 1-|Psi|^2 calls E tol dh dh(prev) dh(last)
0.462297182467	1	1.66755e-12	95207	2.71956	0.0001	0.0001	9.45328e-06	5.17633e-06
