# a = 0.100000
# b = 1.000000
# E = 0.860000
# tol = 0.000100
# s12 = 0.554977
# s13 = 0.152971
# psi0 = 0.822075 + I0.000000	0.548446 + I0.000000	0.152971 + I0.000000
# dh = 0.000100
# out = data/E8.6e-1.0_tol1e-4.log
# model = sun
# scan_steps = 100.000000
# H0 = 
#	 0.000000e+00 0.000000e+00 0.000000e+00
#	 0.000000e+00 1.546160e+05 0.000000e+00
#	 0.000000e+00 0.000000e+00 5.060419e+06
# W = 
#	 6.758072e-01 4.508635e-01 1.257533e-01
#	 4.508635e-01 3.007928e-01 8.389608e-02
#	 1.257533e-01 8.389608e-02 2.340000e-02
# H0W = 
#	 0.000000e+00 -6.971073e+04 -6.363643e+05
#	 6.971073e+04 0.000000e+00 -4.115776e+05
#	 6.363643e+05 4.115776e+05 0.000000e+00
# H0H0W = 
#	 0.000000e+00 1.077840e+10 3.220270e+12
#	 1.077840e+10 0.000000e+00 2.019118e+12
#	 3.220270e+12 2.019118e+12 0.000000e+00
# WH0W = 
#	 2.229098e+05 7.900317e+04 -5.948855e+05
#	 7.900317e+04 6.199432e+03 -4.098485e+05
#	 -5.948855e+05 -4.098485e+05 -2.291093e+05
#################################################
##            CALCULATION COMPLETED            ##
#################################################
# Psi[0]^2 = 0.610444 + I0.000000
# Psi[1]^2 = 0.365945 + I0.000000
# Psi[2]^2 = 0.023611 + I0.000000
# phi0 = 2.357075 
# phi1 = 1.252147 
# phi2 = -0.239221 
# Psi = 
#	5.519820e-01+i(-5.529555e-01)
#	5.744812e-01+i(1.895161e-01)
#	-3.640881e-02+i(1.492831e-01)
#ProbSurv b 1-|Psi|^2 calls E tol dh dh(prev) dh(last)
0.523168536475	1	1.7633e-11	392778	0.86	0.0001	0.0001	2.29138e-06	2.11533e-06
