# a = 0.100000
# b = 1.000000
# E = 8600000.000000
# tol = 0.000100
# s12 = 0.554977
# s13 = 0.152971
# psi0 = 0.822075 + I0.000000	0.548446 + I0.000000	0.152971 + I0.000000
# dh = 0.000100
# out = data/E8.6e6.0_tol1e-4.log
# model = sun
# scan_steps = 100.000000
# H0 = 
#	 0.000000e+00 0.000000e+00 0.000000e+00
#	 0.000000e+00 1.546160e-02 0.000000e+00
#	 0.000000e+00 0.000000e+00 5.060419e-01
# W = 
#	 6.758072e-01 4.508635e-01 1.257533e-01
#	 4.508635e-01 3.007928e-01 8.389608e-02
#	 1.257533e-01 8.389608e-02 2.340000e-02
# H0W = 
#	 0.000000e+00 -6.971073e-03 -6.363643e-02
#	 6.971073e-03 0.000000e+00 -4.115776e-02
#	 6.363643e-02 4.115776e-02 0.000000e+00
# H0H0W = 
#	 0.000000e+00 1.077840e-04 3.220270e-02
#	 1.077840e-04 0.000000e+00 2.019118e-02
#	 3.220270e-02 2.019118e-02 0.000000e+00
# WH0W = 
#	 2.229098e-02 7.900317e-03 -5.948855e-02
#	 7.900317e-03 6.199432e-04 -4.098485e-02
#	 -5.948855e-02 -4.098485e-02 -2.291093e-02
#################################################
##            CALCULATION COMPLETED            ##
#################################################
# Psi[0]^2 = 0.673231 + I0.000000
# Psi[1]^2 = 0.300689 + I0.000000
# Psi[2]^2 = 0.026079 + I0.000000
# phi0 = 2.211047 
# phi1 = 2.213163 
# phi2 = 2.280953 
# Psi = 
#	6.580023e-01+i(-4.901677e-01)
#	4.390540e-01+i(-3.285130e-01)
#	1.224524e-01+i(-1.052847e-01)
#ProbSurv b 1-|Psi|^2 calls E tol dh dh(prev) dh(last)
0.546030024621	1	-9.01501e-14	9001	8.6e+06	0.0001	0.0001	0.0001	5e-05
