# a = 0.100000
# b = 1.000000
# E = 0.870000
# tol = 0.000100
# s12 = 0.554977
# s13 = 0.152971
# psi0 = 0.822075 + I0.000000	0.548446 + I0.000000	0.152971 + I0.000000
# dh = 0.000100
# out = data/E8.7e-1.0_tol1e-4.log
# model = sun
# scan_steps = 100.000000
# H0 = 
#	 0.000000e+00 0.000000e+00 0.000000e+00
#	 0.000000e+00 1.528388e+05 0.000000e+00
#	 0.000000e+00 0.000000e+00 5.002253e+06
# W = 
#	 6.758072e-01 4.508635e-01 1.257533e-01
#	 4.508635e-01 3.007928e-01 8.389608e-02
#	 1.257533e-01 8.389608e-02 2.340000e-02
# H0W = 
#	 0.000000e+00 -6.890946e+04 -6.290497e+05
#	 6.890946e+04 0.000000e+00 -4.068468e+05
#	 6.290497e+05 4.068468e+05 0.000000e+00
# H0H0W = 
#	 0.000000e+00 1.053204e+10 3.146666e+12
#	 1.053204e+10 0.000000e+00 1.972969e+12
#	 3.146666e+12 1.972969e+12 0.000000e+00
# WH0W = 
#	 2.203477e+05 7.809509e+04 -5.880477e+05
#	 7.809509e+04 6.128174e+03 -4.051376e+05
#	 -5.880477e+05 -4.051376e+05 -2.264758e+05
#################################################
##            CALCULATION COMPLETED            ##
#################################################
# Psi[0]^2 = 0.609626 + I0.000000
# Psi[1]^2 = 0.366760 + I0.000000
# Psi[2]^2 = 0.023613 + I0.000000
# phi0 = 1.945564 
# phi1 = -1.884767 
# phi2 = 2.104090 
# Psi = 
#	7.265934e-01+i(-2.858113e-01)
#	-5.760022e-01+i(-1.870345e-01)
#	1.323283e-01+i(-7.811993e-02)
#ProbSurv b 1-|Psi|^2 calls E tol dh dh(prev) dh(last)
0.522861148169	1	4.63612e-11	414660	0.87	0.0001	0.0001	2.17046e-06	2.00188e-06
