# a = 0.100000
# b = 1.000000
# E = 2751181.564346
# tol = 0.000100
# s12 = 0.554977
# s13 = 0.152971
# psi0 = 0.822075 + I0.000000	0.548446 + I0.000000	0.152971 + I0.000000
# dh = 0.000100
# out = data/E8.7e5.5_tol1e-4.log
# model = sun
# scan_steps = 100.000000
# H0 = 
#	 0.000000e+00 0.000000e+00 0.000000e+00
#	 0.000000e+00 4.833188e-02 0.000000e+00
#	 0.000000e+00 0.000000e+00 1.581851e+00
# W = 
#	 6.758072e-01 4.508635e-01 1.257533e-01
#	 4.508635e-01 3.007928e-01 8.389608e-02
#	 1.257533e-01 8.389608e-02 2.340000e-02
# H0W = 
#	 0.000000e+00 -2.179108e-02 -1.989230e-01
#	 2.179108e-02 0.000000e+00 -1.286563e-01
#	 1.989230e-01 1.286563e-01 0.000000e+00
# H0H0W = 
#	 0.000000e+00 1.053204e-03 3.146666e-01
#	 1.053204e-03 0.000000e+00 1.972969e-01
#	 3.146666e-01 1.972969e-01 0.000000e+00
# WH0W = 
#	 6.968005e-02 2.469583e-02 -1.859570e-01
#	 2.469583e-02 1.937899e-03 -1.281157e-01
#	 -1.859570e-01 -1.281157e-01 -7.161795e-02
#################################################
##            CALCULATION COMPLETED            ##
#################################################
# Psi[0]^2 = 0.667253 + I0.000000
# Psi[1]^2 = 0.300232 + I0.000000
# Psi[2]^2 = 0.032515 + I0.000000
# phi0 = 2.237993 
# phi1 = 2.244605 
# phi2 = 2.460521 
# Psi = 
#	6.416885e-01+i(-5.054590e-01)
#	4.281839e-01+i(-3.418928e-01)
#	1.135335e-01+i(-1.400896e-01)
#ProbSurv b 1-|Psi|^2 calls E tol dh dh(prev) dh(last)
 0.54200285082	1	-9.99201e-14	9001	2.75118e+06	0.0001	0.0001	0.0001	5e-05
