# a = 0.100000
# b = 1.000000
# E = 8700000.000000
# tol = 0.000100
# s12 = 0.554977
# s13 = 0.152971
# psi0 = 0.822075 + I0.000000	0.548446 + I0.000000	0.152971 + I0.000000
# dh = 0.000100
# out = data/E8.7e6.0_tol1e-4.log
# model = sun
# scan_steps = 100.000000
# H0 = 
#	 0.000000e+00 0.000000e+00 0.000000e+00
#	 0.000000e+00 1.528388e-02 0.000000e+00
#	 0.000000e+00 0.000000e+00 5.002253e-01
# W = 
#	 6.758072e-01 4.508635e-01 1.257533e-01
#	 4.508635e-01 3.007928e-01 8.389608e-02
#	 1.257533e-01 8.389608e-02 2.340000e-02
# H0W = 
#	 0.000000e+00 -6.890946e-03 -6.290497e-02
#	 6.890946e-03 0.000000e+00 -4.068468e-02
#	 6.290497e-02 4.068468e-02 0.000000e+00
# H0H0W = 
#	 0.000000e+00 1.053204e-04 3.146666e-02
#	 1.053204e-04 0.000000e+00 1.972969e-02
#	 3.146666e-02 1.972969e-02 0.000000e+00
# WH0W = 
#	 2.203477e-02 7.809509e-03 -5.880477e-02
#	 7.809509e-03 6.128174e-04 -4.051376e-02
#	 -5.880477e-02 -4.051376e-02 -2.264758e-02
#################################################
##            CALCULATION COMPLETED            ##
#################################################
# Psi[0]^2 = 0.673262 + I0.000000
# Psi[1]^2 = 0.300691 + I0.000000
# Psi[2]^2 = 0.026047 + I0.000000
# phi0 = 2.210902 
# phi1 = 2.212994 
# phi2 = 2.279997 
# Psi = 
#	6.580883e-01+i(-4.900833e-01)
#	4.391108e-01+i(-3.284394e-01)
#	1.224777e-01+i(-1.051030e-01)
#ProbSurv b 1-|Psi|^2 calls E tol dh dh(prev) dh(last)
0.546050326152	1	-9.54792e-14	9001	8.7e+06	0.0001	0.0001	0.0001	5e-05
