# a = 0.100000
# b = 1.000000
# E = 870.000000
# tol = 0.000100
# s12 = 0.554977
# s13 = 0.152971
# psi0 = 0.822075 + I0.000000	0.548446 + I0.000000	0.152971 + I0.000000
# dh = 0.000100
# out = data/E8.7e2.0_tol1e-4.log
# model = sun
# scan_steps = 100.000000
# H0 = 
#	 0.000000e+00 0.000000e+00 0.000000e+00
#	 0.000000e+00 1.528388e+02 0.000000e+00
#	 0.000000e+00 0.000000e+00 5.002253e+03
# W = 
#	 6.758072e-01 4.508635e-01 1.257533e-01
#	 4.508635e-01 3.007928e-01 8.389608e-02
#	 1.257533e-01 8.389608e-02 2.340000e-02
# H0W = 
#	 0.000000e+00 -6.890946e+01 -6.290497e+02
#	 6.890946e+01 0.000000e+00 -4.068468e+02
#	 6.290497e+02 4.068468e+02 0.000000e+00
# H0H0W = 
#	 0.000000e+00 1.053204e+04 3.146666e+06
#	 1.053204e+04 0.000000e+00 1.972969e+06
#	 3.146666e+06 1.972969e+06 0.000000e+00
# WH0W = 
#	 2.203477e+02 7.809509e+01 -5.880477e+02
#	 7.809509e+01 6.128174e+00 -4.051376e+02
#	 -5.880477e+02 -4.051376e+02 -2.264758e+02
#################################################
##            CALCULATION COMPLETED            ##
#################################################
# Psi[0]^2 = 0.000009 + I0.000000
# Psi[1]^2 = 0.001672 + I0.000000
# Psi[2]^2 = 0.998320 + I0.000000
# phi0 = -0.245843 
# phi1 = 2.763852 
# phi2 = -0.862398 
# Psi = 
#	-7.164865e-04+i(2.855457e-03)
#	1.507958e-02+i(-3.800338e-02)
#	-7.587666e-01+i(6.500714e-01)
#ProbSurv b 1-|Psi|^2 calls E tol dh dh(prev) dh(last)
0.0238693581962	1	-1.00586e-13	9001	870	0.0001	0.0001	0.0001	5e-05
