# a = 0.100000
# b = 1.000000
# E = 275.118156
# tol = 0.000100
# s12 = 0.554977
# s13 = 0.152971
# psi0 = 0.822075 + I0.000000	0.548446 + I0.000000	0.152971 + I0.000000
# dh = 0.000100
# out = data/E8.7e1.5_tol1e-4.log
# model = sun
# scan_steps = 100.000000
# H0 = 
#	 0.000000e+00 0.000000e+00 0.000000e+00
#	 0.000000e+00 4.833188e+02 0.000000e+00
#	 0.000000e+00 0.000000e+00 1.581851e+04
# W = 
#	 6.758072e-01 4.508635e-01 1.257533e-01
#	 4.508635e-01 3.007928e-01 8.389608e-02
#	 1.257533e-01 8.389608e-02 2.340000e-02
# H0W = 
#	 0.000000e+00 -2.179108e+02 -1.989230e+03
#	 2.179108e+02 0.000000e+00 -1.286563e+03
#	 1.989230e+03 1.286563e+03 0.000000e+00
# H0H0W = 
#	 0.000000e+00 1.053204e+05 3.146666e+07
#	 1.053204e+05 0.000000e+00 1.972969e+07
#	 3.146666e+07 1.972969e+07 0.000000e+00
# WH0W = 
#	 6.968005e+02 2.469583e+02 -1.859570e+03
#	 2.469583e+02 1.937899e+01 -1.281157e+03
#	 -1.859570e+03 -1.281157e+03 -7.161795e+02
#################################################
##            CALCULATION COMPLETED            ##
#################################################
# Psi[0]^2 = 0.000097 + I0.000000
# Psi[1]^2 = 0.068986 + I0.000000
# Psi[2]^2 = 0.930917 + I0.000000
# phi0 = 0.342020 
# phi1 = 2.033015 
# phi2 = -2.861245 
# Psi = 
#	3.300403e-03+i(9.270500e-03)
#	2.350905e-01+i(-1.171257e-01)
#	-2.669612e-01+i(-9.271725e-01)
#ProbSurv b 1-|Psi|^2 calls E tol dh dh(prev) dh(last)
0.0425993899359	1	-4.42979e-13	9001	275.118	0.0001	0.0001	0.0001	5e-05
