# a = 0.100000
# b = 1.000000
# E = 8700.000000
# tol = 0.000100
# s12 = 0.554977
# s13 = 0.152971
# psi0 = 0.822075 + I0.000000	0.548446 + I0.000000	0.152971 + I0.000000
# dh = 0.000100
# out = data/E8.7e3.0_tol1e-4.log
# model = sun
# scan_steps = 100.000000
# H0 = 
#	 0.000000e+00 0.000000e+00 0.000000e+00
#	 0.000000e+00 1.528388e+01 0.000000e+00
#	 0.000000e+00 0.000000e+00 5.002253e+02
# W = 
#	 6.758072e-01 4.508635e-01 1.257533e-01
#	 4.508635e-01 3.007928e-01 8.389608e-02
#	 1.257533e-01 8.389608e-02 2.340000e-02
# H0W = 
#	 0.000000e+00 -6.890946e+00 -6.290497e+01
#	 6.890946e+00 0.000000e+00 -4.068468e+01
#	 6.290497e+01 4.068468e+01 0.000000e+00
# H0H0W = 
#	 0.000000e+00 1.053204e+02 3.146666e+04
#	 1.053204e+02 0.000000e+00 1.972969e+04
#	 3.146666e+04 1.972969e+04 0.000000e+00
# WH0W = 
#	 2.203477e+01 7.809509e+00 -5.880477e+01
#	 7.809509e+00 6.128174e-01 -4.051376e+01
#	 -5.880477e+01 -4.051376e+01 -2.264758e+01
#################################################
##            CALCULATION COMPLETED            ##
#################################################
# Psi[0]^2 = 0.000062 + I0.000000
# Psi[1]^2 = 0.001092 + I0.000000
# Psi[2]^2 = 0.998846 + I0.000000
# phi0 = -2.794165 
# phi1 = 0.016455 
# phi2 = 2.190414 
# Psi = 
#	-2.686773e-03+i(-7.419642e-03)
#	5.437251e-04+i(3.303936e-02)
#	8.136309e-01+i(-5.803883e-01)
#ProbSurv b 1-|Psi|^2 calls E tol dh dh(prev) dh(last)
0.0237435090347	1	-9.83658e-14	9001	8700	0.0001	0.0001	0.0001	5e-05
