# a = 0.100000
# b = 1.000000
# E = 275118.156435
# tol = 0.000100
# s12 = 0.554977
# s13 = 0.152971
# psi0 = 0.822075 + I0.000000	0.548446 + I0.000000	0.152971 + I0.000000
# dh = 0.000100
# out = data/E8.7e4.5_tol1e-4.log
# model = sun
# scan_steps = 100.000000
# H0 = 
#	 0.000000e+00 0.000000e+00 0.000000e+00
#	 0.000000e+00 4.833188e-01 0.000000e+00
#	 0.000000e+00 0.000000e+00 1.581851e+01
# W = 
#	 6.758072e-01 4.508635e-01 1.257533e-01
#	 4.508635e-01 3.007928e-01 8.389608e-02
#	 1.257533e-01 8.389608e-02 2.340000e-02
# H0W = 
#	 0.000000e+00 -2.179108e-01 -1.989230e+00
#	 2.179108e-01 0.000000e+00 -1.286563e+00
#	 1.989230e+00 1.286563e+00 0.000000e+00
# H0H0W = 
#	 0.000000e+00 1.053204e-01 3.146666e+01
#	 1.053204e-01 0.000000e+00 1.972969e+01
#	 3.146666e+01 1.972969e+01 0.000000e+00
# WH0W = 
#	 6.968005e-01 2.469583e-01 -1.859570e+00
#	 2.469583e-01 1.937899e-02 -1.281157e+00
#	 -1.859570e+00 -1.281157e+00 -7.161795e-01
#################################################
##            CALCULATION COMPLETED            ##
#################################################
# Psi[0]^2 = 0.533127 + I0.000000
# Psi[1]^2 = 0.265038 + I0.000000
# Psi[2]^2 = 0.201835 + I0.000000
# phi0 = 2.574973 
# phi1 = 2.642280 
# phi2 = -0.970818 
# Psi = 
#	3.919348e-01+i(-6.160468e-01)
#	2.465065e-01+i(-4.519656e-01)
#	-3.707964e-01+i(2.536635e-01)
#ProbSurv b 1-|Psi|^2 calls E tol dh dh(prev) dh(last)
0.444735303651	1	-1.21902e-13	9001	275118	0.0001	0.0001	0.0001	5e-05
