# a = 0.100000
# b = 1.000000
# E = 87.000000
# tol = 0.000100
# s12 = 0.554977
# s13 = 0.152971
# psi0 = 0.822075 + I0.000000	0.548446 + I0.000000	0.152971 + I0.000000
# dh = 0.000100
# out = data/E8.7e1.0_tol1e-4.log
# model = sun
# scan_steps = 100.000000
# H0 = 
#	 0.000000e+00 0.000000e+00 0.000000e+00
#	 0.000000e+00 1.528388e+03 0.000000e+00
#	 0.000000e+00 0.000000e+00 5.002253e+04
# W = 
#	 6.758072e-01 4.508635e-01 1.257533e-01
#	 4.508635e-01 3.007928e-01 8.389608e-02
#	 1.257533e-01 8.389608e-02 2.340000e-02
# H0W = 
#	 0.000000e+00 -6.890946e+02 -6.290497e+03
#	 6.890946e+02 0.000000e+00 -4.068468e+03
#	 6.290497e+03 4.068468e+03 0.000000e+00
# H0H0W = 
#	 0.000000e+00 1.053204e+06 3.146666e+08
#	 1.053204e+06 0.000000e+00 1.972969e+08
#	 3.146666e+08 1.972969e+08 0.000000e+00
# WH0W = 
#	 2.203477e+03 7.809509e+02 -5.880477e+03
#	 7.809509e+02 6.128174e+01 -4.051376e+03
#	 -5.880477e+03 -4.051376e+03 -2.264758e+03
#################################################
##            CALCULATION COMPLETED            ##
#################################################
# Psi[0]^2 = 0.000991 + I0.000000
# Psi[1]^2 = 0.924329 + I0.000000
# Psi[2]^2 = 0.074680 + I0.000000
# phi0 = 0.433594 
# phi1 = -1.977442 
# phi2 = 1.376207 
# Psi = 
#	1.322578e-02+i(2.856675e-02)
#	-8.830191e-01+i(-3.802716e-01)
#	2.681185e-01+i(5.284174e-02)
#ProbSurv b 1-|Psi|^2 calls E tol dh dh(prev) dh(last)
0.280448796589	1	8.06688e-13	9001	87	0.0001	0.0001	0.0001	5e-05
