# a = 0.100000
# b = 1.000000
# E = 880.000000
# tol = 0.000100
# s12 = 0.554977
# s13 = 0.152971
# psi0 = 0.822075 + I0.000000	0.548446 + I0.000000	0.152971 + I0.000000
# dh = 0.000100
# out = data/E8.8e2.0_tol1e-4.log
# model = sun
# scan_steps = 100.000000
# H0 = 
#	 0.000000e+00 0.000000e+00 0.000000e+00
#	 0.000000e+00 1.511020e+02 0.000000e+00
#	 0.000000e+00 0.000000e+00 4.945409e+03
# W = 
#	 6.758072e-01 4.508635e-01 1.257533e-01
#	 4.508635e-01 3.007928e-01 8.389608e-02
#	 1.257533e-01 8.389608e-02 2.340000e-02
# H0W = 
#	 0.000000e+00 -6.812640e+01 -6.219014e+02
#	 6.812640e+01 0.000000e+00 -4.022235e+02
#	 6.219014e+02 4.022235e+02 0.000000e+00
# H0H0W = 
#	 0.000000e+00 1.029404e+04 3.075557e+06
#	 1.029404e+04 0.000000e+00 1.928383e+06
#	 3.075557e+06 1.928383e+06 0.000000e+00
# WH0W = 
#	 2.178437e+02 7.720764e+01 -5.813654e+02
#	 7.720764e+01 6.058536e+00 -4.005337e+02
#	 -5.813654e+02 -4.005337e+02 -2.239023e+02
#################################################
##            CALCULATION COMPLETED            ##
#################################################
# Psi[0]^2 = 0.000010 + I0.000000
# Psi[1]^2 = 0.001627 + I0.000000
# Psi[2]^2 = 0.998363 + I0.000000
# phi0 = -0.700183 
# phi1 = 0.365317 
# phi2 = -0.411186 
# Psi = 
#	-2.081645e-03+i(2.470499e-03)
#	1.440778e-02+i(3.766888e-02)
#	-3.993690e-01+i(9.158970e-01)
#ProbSurv b 1-|Psi|^2 calls E tol dh dh(prev) dh(last)
0.0238579962936	1	-1.02363e-13	9001	880	0.0001	0.0001	0.0001	5e-05
