# a = 0.100000
# b = 1.000000
# E = 8800.000000
# tol = 0.000100
# s12 = 0.554977
# s13 = 0.152971
# psi0 = 0.822075 + I0.000000	0.548446 + I0.000000	0.152971 + I0.000000
# dh = 0.000100
# out = data/E8.8e3.0_tol1e-4.log
# model = sun
# scan_steps = 100.000000
# H0 = 
#	 0.000000e+00 0.000000e+00 0.000000e+00
#	 0.000000e+00 1.511020e+01 0.000000e+00
#	 0.000000e+00 0.000000e+00 4.945409e+02
# W = 
#	 6.758072e-01 4.508635e-01 1.257533e-01
#	 4.508635e-01 3.007928e-01 8.389608e-02
#	 1.257533e-01 8.389608e-02 2.340000e-02
# H0W = 
#	 0.000000e+00 -6.812640e+00 -6.219014e+01
#	 6.812640e+00 0.000000e+00 -4.022235e+01
#	 6.219014e+01 4.022235e+01 0.000000e+00
# H0H0W = 
#	 0.000000e+00 1.029404e+02 3.075557e+04
#	 1.029404e+02 0.000000e+00 1.928383e+04
#	 3.075557e+04 1.928383e+04 0.000000e+00
# WH0W = 
#	 2.178437e+01 7.720764e+00 -5.813654e+01
#	 7.720764e+00 6.058536e-01 -4.005337e+01
#	 -5.813654e+01 -4.005337e+01 -2.239023e+01
#################################################
##            CALCULATION COMPLETED            ##
#################################################
# Psi[0]^2 = 0.000048 + I0.000000
# Psi[1]^2 = 0.000860 + I0.000000
# Psi[2]^2 = 0.999092 + I0.000000
# phi0 = -2.731239 
# phi1 = -0.096478 
# phi2 = -0.966151 
# Psi = 
#	-2.769547e-03+i(-6.366015e-03)
#	-2.824504e-03+i(2.918537e-02)
#	-8.223299e-01+i(5.682126e-01)
#ProbSurv b 1-|Psi|^2 calls E tol dh dh(prev) dh(last)
0.0236699359793	1	-9.72555e-14	9001	8800	0.0001	0.0001	0.0001	5e-05
