# a = 0.100000
# b = 1.000000
# E = 88.000000
# tol = 0.000100
# s12 = 0.554977
# s13 = 0.152971
# psi0 = 0.822075 + I0.000000	0.548446 + I0.000000	0.152971 + I0.000000
# dh = 0.000100
# out = data/E8.8e1.0_tol1e-4.log
# model = sun
# scan_steps = 100.000000
# H0 = 
#	 0.000000e+00 0.000000e+00 0.000000e+00
#	 0.000000e+00 1.511020e+03 0.000000e+00
#	 0.000000e+00 0.000000e+00 4.945409e+04
# W = 
#	 6.758072e-01 4.508635e-01 1.257533e-01
#	 4.508635e-01 3.007928e-01 8.389608e-02
#	 1.257533e-01 8.389608e-02 2.340000e-02
# H0W = 
#	 0.000000e+00 -6.812640e+02 -6.219014e+03
#	 6.812640e+02 0.000000e+00 -4.022235e+03
#	 6.219014e+03 4.022235e+03 0.000000e+00
# H0H0W = 
#	 0.000000e+00 1.029404e+06 3.075557e+08
#	 1.029404e+06 0.000000e+00 1.928383e+08
#	 3.075557e+08 1.928383e+08 0.000000e+00
# WH0W = 
#	 2.178437e+03 7.720764e+02 -5.813654e+03
#	 7.720764e+02 6.058536e+01 -4.005337e+03
#	 -5.813654e+03 -4.005337e+03 -2.239023e+03
#################################################
##            CALCULATION COMPLETED            ##
#################################################
# Psi[0]^2 = 0.001015 + I0.000000
# Psi[1]^2 = 0.923010 + I0.000000
# Psi[2]^2 = 0.075976 + I0.000000
# phi0 = -2.087214 
# phi1 = -2.801369 
# phi2 = -1.000139 
# Psi = 
#	-2.770188e-02+i(-1.572955e-02)
#	-3.205953e-01+i(-9.056645e-01)
#	-2.319611e-01+i(1.488951e-01)
#ProbSurv b 1-|Psi|^2 calls E tol dh dh(prev) dh(last)
0.280098262365	1	8.5576e-13	9001	88	0.0001	0.0001	0.0001	5e-05
