# a = 0.100000
# b = 1.000000
# E = 0.880000
# tol = 0.000100
# s12 = 0.554977
# s13 = 0.152971
# psi0 = 0.822075 + I0.000000	0.548446 + I0.000000	0.152971 + I0.000000
# dh = 0.000100
# out = data/E8.8e-1.0_tol1e-4.log
# model = sun
# scan_steps = 100.000000
# H0 = 
#	 0.000000e+00 0.000000e+00 0.000000e+00
#	 0.000000e+00 1.511020e+05 0.000000e+00
#	 0.000000e+00 0.000000e+00 4.945409e+06
# W = 
#	 6.758072e-01 4.508635e-01 1.257533e-01
#	 4.508635e-01 3.007928e-01 8.389608e-02
#	 1.257533e-01 8.389608e-02 2.340000e-02
# H0W = 
#	 0.000000e+00 -6.812640e+04 -6.219014e+05
#	 6.812640e+04 0.000000e+00 -4.022235e+05
#	 6.219014e+05 4.022235e+05 0.000000e+00
# H0H0W = 
#	 0.000000e+00 1.029404e+10 3.075557e+12
#	 1.029404e+10 0.000000e+00 1.928383e+12
#	 3.075557e+12 1.928383e+12 0.000000e+00
# WH0W = 
#	 2.178437e+05 7.720764e+04 -5.813654e+05
#	 7.720764e+04 6.058536e+03 -4.005337e+05
#	 -5.813654e+05 -4.005337e+05 -2.239023e+05
#################################################
##            CALCULATION COMPLETED            ##
#################################################
# Psi[0]^2 = 0.608817 + I0.000000
# Psi[1]^2 = 0.367567 + I0.000000
# Psi[2]^2 = 0.023616 + I0.000000
# phi0 = 1.533742 
# phi1 = -0.085598 
# phi2 = 0.395862 
# Psi = 
#	7.797314e-01+i(2.890589e-02)
#	-5.183255e-02+i(6.040537e-01)
#	5.925755e-02+i(1.417903e-01)
#ProbSurv b 1-|Psi|^2 calls E tol dh dh(prev) dh(last)
0.522556886381	1	6.34178e-11	433959	0.88	0.0001	0.0001	2.07394e-06	1.10773e-06
