# a = 0.100000
# b = 1.000000
# E = 8800000.000000
# tol = 0.000100
# s12 = 0.554977
# s13 = 0.152971
# psi0 = 0.822075 + I0.000000	0.548446 + I0.000000	0.152971 + I0.000000
# dh = 0.000100
# out = data/E8.8e6.0_tol1e-4.log
# model = sun
# scan_steps = 100.000000
# H0 = 
#	 0.000000e+00 0.000000e+00 0.000000e+00
#	 0.000000e+00 1.511020e-02 0.000000e+00
#	 0.000000e+00 0.000000e+00 4.945409e-01
# W = 
#	 6.758072e-01 4.508635e-01 1.257533e-01
#	 4.508635e-01 3.007928e-01 8.389608e-02
#	 1.257533e-01 8.389608e-02 2.340000e-02
# H0W = 
#	 0.000000e+00 -6.812640e-03 -6.219014e-02
#	 6.812640e-03 0.000000e+00 -4.022235e-02
#	 6.219014e-02 4.022235e-02 0.000000e+00
# H0H0W = 
#	 0.000000e+00 1.029404e-04 3.075557e-02
#	 1.029404e-04 0.000000e+00 1.928383e-02
#	 3.075557e-02 1.928383e-02 0.000000e+00
# WH0W = 
#	 2.178437e-02 7.720764e-03 -5.813654e-02
#	 7.720764e-03 6.058536e-04 -4.005337e-02
#	 -5.813654e-02 -4.005337e-02 -2.239023e-02
#################################################
##            CALCULATION COMPLETED            ##
#################################################
# Psi[0]^2 = 0.673292 + I0.000000
# Psi[1]^2 = 0.300692 + I0.000000
# Psi[2]^2 = 0.026016 + I0.000000
# phi0 = 2.210760 
# phi1 = 2.212828 
# phi2 = 2.279063 
# Psi = 
#	6.581724e-01+i(-4.900007e-01)
#	4.391663e-01+i(-3.283675e-01)
#	1.225021e-01+i(-1.049255e-01)
#ProbSurv b 1-|Psi|^2 calls E tol dh dh(prev) dh(last)
0.546070151371	1	-1.03917e-13	9001	8.8e+06	0.0001	0.0001	0.0001	5e-05
