# a = 0.100000
# b = 1.000000
# E = 8.800000
# tol = 0.000100
# s12 = 0.554977
# s13 = 0.152971
# psi0 = 0.822075 + I0.000000	0.548446 + I0.000000	0.152971 + I0.000000
# dh = 0.000100
# out = data/E8.8e0.0_tol1e-4.log
# model = sun
# scan_steps = 100.000000
# H0 = 
#	 0.000000e+00 0.000000e+00 0.000000e+00
#	 0.000000e+00 1.511020e+04 0.000000e+00
#	 0.000000e+00 0.000000e+00 4.945409e+05
# W = 
#	 6.758072e-01 4.508635e-01 1.257533e-01
#	 4.508635e-01 3.007928e-01 8.389608e-02
#	 1.257533e-01 8.389608e-02 2.340000e-02
# H0W = 
#	 0.000000e+00 -6.812640e+03 -6.219014e+04
#	 6.812640e+03 0.000000e+00 -4.022235e+04
#	 6.219014e+04 4.022235e+04 0.000000e+00
# H0H0W = 
#	 0.000000e+00 1.029404e+08 3.075557e+10
#	 1.029404e+08 0.000000e+00 1.928383e+10
#	 3.075557e+10 1.928383e+10 0.000000e+00
# WH0W = 
#	 2.178437e+04 7.720764e+03 -5.813654e+04
#	 7.720764e+03 6.058536e+02 -4.005337e+04
#	 -5.813654e+04 -4.005337e+04 -2.239023e+04
#################################################
##            CALCULATION COMPLETED            ##
#################################################
# Psi[0]^2 = 0.114016 + I0.000000
# Psi[1]^2 = 0.860259 + I0.000000
# Psi[2]^2 = 0.025724 + I0.000000
# phi0 = -0.181876 
# phi1 = -1.935316 
# phi2 = 2.079674 
# Psi = 
#	-6.107467e-02+i(3.320935e-01)
#	-8.665602e-01+i(-3.306551e-01)
#	1.400659e-01+i(-7.814089e-02)
#ProbSurv b 1-|Psi|^2 calls E tol dh dh(prev) dh(last)
0.336414747007	1	-1.04006e-11	22623	8.8	0.0001	0.0001	3.97852e-05	2.91929e-05
