# a = 0.100000
# b = 1.000000
# E = 278280.434095
# tol = 0.000100
# s12 = 0.554977
# s13 = 0.152971
# psi0 = 0.822075 + I0.000000	0.548446 + I0.000000	0.152971 + I0.000000
# dh = 0.000100
# out = data/E8.8e4.5_tol1e-4.log
# model = sun
# scan_steps = 100.000000
# H0 = 
#	 0.000000e+00 0.000000e+00 0.000000e+00
#	 0.000000e+00 4.778266e-01 0.000000e+00
#	 0.000000e+00 0.000000e+00 1.563876e+01
# W = 
#	 6.758072e-01 4.508635e-01 1.257533e-01
#	 4.508635e-01 3.007928e-01 8.389608e-02
#	 1.257533e-01 8.389608e-02 2.340000e-02
# H0W = 
#	 0.000000e+00 -2.154346e-01 -1.966625e+00
#	 2.154346e-01 0.000000e+00 -1.271943e+00
#	 1.966625e+00 1.271943e+00 0.000000e+00
# H0H0W = 
#	 0.000000e+00 1.029404e-01 3.075557e+01
#	 1.029404e-01 0.000000e+00 1.928383e+01
#	 3.075557e+01 1.928383e+01 0.000000e+00
# WH0W = 
#	 6.888823e-01 2.441520e-01 -1.838439e+00
#	 2.441520e-01 1.915877e-02 -1.266599e+00
#	 -1.838439e+00 -1.266599e+00 -7.080411e-01
#################################################
##            CALCULATION COMPLETED            ##
#################################################
# Psi[0]^2 = 0.534965 + I0.000000
# Psi[1]^2 = 0.265624 + I0.000000
# Psi[2]^2 = 0.199411 + I0.000000
# phi0 = 2.571330 
# phi1 = 2.637841 
# phi2 = -1.012337 
# Psi = 
#	3.948559e-01+i(-6.156737e-01)
#	2.487846e-01+i(-4.513645e-01)
#	-3.787108e-01+i(2.366203e-01)
#ProbSurv b 1-|Psi|^2 calls E tol dh dh(prev) dh(last)
0.446097261684	1	-9.70335e-14	9001	278280	0.0001	0.0001	0.0001	5e-05
