# a = 0.100000
# b = 1.000000
# E = 2782.804341
# tol = 0.000100
# s12 = 0.554977
# s13 = 0.152971
# psi0 = 0.822075 + I0.000000	0.548446 + I0.000000	0.152971 + I0.000000
# dh = 0.000100
# out = data/E8.8e2.5_tol1e-4.log
# model = sun
# scan_steps = 100.000000
# H0 = 
#	 0.000000e+00 0.000000e+00 0.000000e+00
#	 0.000000e+00 4.778266e+01 0.000000e+00
#	 0.000000e+00 0.000000e+00 1.563876e+03
# W = 
#	 6.758072e-01 4.508635e-01 1.257533e-01
#	 4.508635e-01 3.007928e-01 8.389608e-02
#	 1.257533e-01 8.389608e-02 2.340000e-02
# H0W = 
#	 0.000000e+00 -2.154346e+01 -1.966625e+02
#	 2.154346e+01 0.000000e+00 -1.271943e+02
#	 1.966625e+02 1.271943e+02 0.000000e+00
# H0H0W = 
#	 0.000000e+00 1.029404e+03 3.075557e+05
#	 1.029404e+03 0.000000e+00 1.928383e+05
#	 3.075557e+05 1.928383e+05 0.000000e+00
# WH0W = 
#	 6.888823e+01 2.441520e+01 -1.838439e+02
#	 2.441520e+01 1.915877e+00 -1.266599e+02
#	 -1.838439e+02 -1.266599e+02 -7.080411e+01
#################################################
##            CALCULATION COMPLETED            ##
#################################################
# Psi[0]^2 = 0.000000 + I0.000000
# Psi[1]^2 = 0.000119 + I0.000000
# Psi[2]^2 = 0.999881 + I0.000000
# phi0 = -3.092277 
# phi1 = 1.390695 
# phi2 = -0.340127 
# Psi = 
#	-3.104512e-05+i(-6.290069e-04)
#	1.071973e-02+i(1.951787e-03)
#	-3.335868e-01+i(9.426562e-01)
#ProbSurv b 1-|Psi|^2 calls E tol dh dh(prev) dh(last)
0.0234331914322	1	-6.30607e-14	9001	2782.8	0.0001	0.0001	0.0001	5e-05
