# a = 0.100000
# b = 1.000000
# E = 88000.000000
# tol = 0.000100
# s12 = 0.554977
# s13 = 0.152971
# psi0 = 0.822075 + I0.000000	0.548446 + I0.000000	0.152971 + I0.000000
# dh = 0.000100
# out = data/E8.8e4.0_tol1e-4.log
# model = sun
# scan_steps = 100.000000
# H0 = 
#	 0.000000e+00 0.000000e+00 0.000000e+00
#	 0.000000e+00 1.511020e+00 0.000000e+00
#	 0.000000e+00 0.000000e+00 4.945409e+01
# W = 
#	 6.758072e-01 4.508635e-01 1.257533e-01
#	 4.508635e-01 3.007928e-01 8.389608e-02
#	 1.257533e-01 8.389608e-02 2.340000e-02
# H0W = 
#	 0.000000e+00 -6.812640e-01 -6.219014e+00
#	 6.812640e-01 0.000000e+00 -4.022235e+00
#	 6.219014e+00 4.022235e+00 0.000000e+00
# H0H0W = 
#	 0.000000e+00 1.029404e+00 3.075557e+02
#	 1.029404e+00 0.000000e+00 1.928383e+02
#	 3.075557e+02 1.928383e+02 0.000000e+00
# WH0W = 
#	 2.178437e+00 7.720764e-01 -5.813654e+00
#	 7.720764e-01 6.058536e-02 -4.005337e+00
#	 -5.813654e+00 -4.005337e+00 -2.239023e+00
#################################################
##            CALCULATION COMPLETED            ##
#################################################
# Psi[0]^2 = 0.313707 + I0.000000
# Psi[1]^2 = 0.195127 + I0.000000
# Psi[2]^2 = 0.491167 + I0.000000
# phi0 = -3.058440 
# phi1 = -2.846547 
# phi2 = 2.727526 
# Psi = 
#	-4.651951e-02+i(-5.581600e-01)
#	-1.284484e-01+i(-4.226437e-01)
#	2.819700e-01+i(-6.416070e-01)
#ProbSurv b 1-|Psi|^2 calls E tol dh dh(prev) dh(last)
0.282191227016	1	-1.21236e-13	9001	88000	0.0001	0.0001	0.0001	5e-05
