# a = 0.100000
# b = 1.000000
# E = 278.280434
# tol = 0.000100
# s12 = 0.554977
# s13 = 0.152971
# psi0 = 0.822075 + I0.000000	0.548446 + I0.000000	0.152971 + I0.000000
# dh = 0.000100
# out = data/E8.8e1.5_tol1e-4.log
# model = sun
# scan_steps = 100.000000
# H0 = 
#	 0.000000e+00 0.000000e+00 0.000000e+00
#	 0.000000e+00 4.778266e+02 0.000000e+00
#	 0.000000e+00 0.000000e+00 1.563876e+04
# W = 
#	 6.758072e-01 4.508635e-01 1.257533e-01
#	 4.508635e-01 3.007928e-01 8.389608e-02
#	 1.257533e-01 8.389608e-02 2.340000e-02
# H0W = 
#	 0.000000e+00 -2.154346e+02 -1.966625e+03
#	 2.154346e+02 0.000000e+00 -1.271943e+03
#	 1.966625e+03 1.271943e+03 0.000000e+00
# H0H0W = 
#	 0.000000e+00 1.029404e+05 3.075557e+07
#	 1.029404e+05 0.000000e+00 1.928383e+07
#	 3.075557e+07 1.928383e+07 0.000000e+00
# WH0W = 
#	 6.888823e+02 2.441520e+02 -1.838439e+03
#	 2.441520e+02 1.915877e+01 -1.266599e+03
#	 -1.838439e+03 -1.266599e+03 -7.080411e+02
#################################################
##            CALCULATION COMPLETED            ##
#################################################
# Psi[0]^2 = 0.000103 + I0.000000
# Psi[1]^2 = 0.065479 + I0.000000
# Psi[2]^2 = 0.934418 + I0.000000
# phi0 = -0.926153 
# phi1 = -1.457722 
# phi2 = -1.529538 
# Psi = 
#	-8.120092e-03+i(6.104574e-03)
#	-2.542542e-01+i(2.887275e-02)
#	-9.658303e-01+i(3.987151e-02)
#ProbSurv b 1-|Psi|^2 calls E tol dh dh(prev) dh(last)
0.0416306862044	1	-4.26548e-13	9001	278.28	0.0001	0.0001	0.0001	5e-05
