# a = 0.100000
# b = 1.000000
# E = 281.442712
# tol = 0.000100
# s12 = 0.554977
# s13 = 0.152971
# psi0 = 0.822075 + I0.000000	0.548446 + I0.000000	0.152971 + I0.000000
# dh = 0.000100
# out = data/E8.9e1.5_tol1e-4.log
# model = sun
# scan_steps = 100.000000
# H0 = 
#	 0.000000e+00 0.000000e+00 0.000000e+00
#	 0.000000e+00 4.724577e+02 0.000000e+00
#	 0.000000e+00 0.000000e+00 1.546304e+04
# W = 
#	 6.758072e-01 4.508635e-01 1.257533e-01
#	 4.508635e-01 3.007928e-01 8.389608e-02
#	 1.257533e-01 8.389608e-02 2.340000e-02
# H0W = 
#	 0.000000e+00 -2.130140e+02 -1.944528e+03
#	 2.130140e+02 0.000000e+00 -1.257651e+03
#	 1.944528e+03 1.257651e+03 0.000000e+00
# H0H0W = 
#	 0.000000e+00 1.006401e+05 3.006832e+07
#	 1.006401e+05 0.000000e+00 1.885292e+07
#	 3.006832e+07 1.885292e+07 0.000000e+00
# WH0W = 
#	 6.811421e+02 2.414087e+02 -1.817782e+03
#	 2.414087e+02 1.894351e+01 -1.252367e+03
#	 -1.817782e+03 -1.252367e+03 -7.000856e+02
#################################################
##            CALCULATION COMPLETED            ##
#################################################
# Psi[0]^2 = 0.000086 + I0.000000
# Psi[1]^2 = 0.062227 + I0.000000
# Psi[2]^2 = 0.937687 + I0.000000
# phi0 = -2.096297 
# phi1 = 1.401019 
# phi2 = -2.823577 
# Psi = 
#	-8.042491e-03+i(-4.663750e-03)
#	2.458663e-01+i(4.214824e-02)
#	-3.027833e-01+i(-9.197875e-01)
#ProbSurv b 1-|Psi|^2 calls E tol dh dh(prev) dh(last)
0.0407176336408	1	-5.18252e-13	9001	281.443	0.0001	0.0001	0.0001	5e-05
