# a = 0.100000
# b = 1.000000
# E = 28144.271175
# tol = 0.000100
# s12 = 0.554977
# s13 = 0.152971
# psi0 = 0.822075 + I0.000000	0.548446 + I0.000000	0.152971 + I0.000000
# dh = 0.000100
# out = data/E8.9e3.5_tol1e-4.log
# model = sun
# scan_steps = 100.000000
# H0 = 
#	 0.000000e+00 0.000000e+00 0.000000e+00
#	 0.000000e+00 4.724577e+00 0.000000e+00
#	 0.000000e+00 0.000000e+00 1.546304e+02
# W = 
#	 6.758072e-01 4.508635e-01 1.257533e-01
#	 4.508635e-01 3.007928e-01 8.389608e-02
#	 1.257533e-01 8.389608e-02 2.340000e-02
# H0W = 
#	 0.000000e+00 -2.130140e+00 -1.944528e+01
#	 2.130140e+00 0.000000e+00 -1.257651e+01
#	 1.944528e+01 1.257651e+01 0.000000e+00
# H0H0W = 
#	 0.000000e+00 1.006401e+01 3.006832e+03
#	 1.006401e+01 0.000000e+00 1.885292e+03
#	 3.006832e+03 1.885292e+03 0.000000e+00
# WH0W = 
#	 6.811421e+00 2.414087e+00 -1.817782e+01
#	 2.414087e+00 1.894351e-01 -1.252367e+01
#	 -1.817782e+01 -1.252367e+01 -7.000856e+00
#################################################
##            CALCULATION COMPLETED            ##
#################################################
# Psi[0]^2 = 0.052051 + I0.000000
# Psi[1]^2 = 0.066152 + I0.000000
# Psi[2]^2 = 0.881796 + I0.000000
# phi0 = -1.244197 
# phi1 = -0.561192 
# phi2 = 1.196582 
# Psi = 
#	-2.160875e-01+i(7.319517e-02)
#	-1.368813e-01+i(2.177519e-01)
#	8.740539e-01+i(3.432581e-01)
#ProbSurv b 1-|Psi|^2 calls E tol dh dh(prev) dh(last)
0.075708848154	1	-6.17284e-14	9001	28144.3	0.0001	0.0001	0.0001	5e-05
