# a = 0.100000
# b = 1.000000
# E = 8900000.000000
# tol = 0.000100
# s12 = 0.554977
# s13 = 0.152971
# psi0 = 0.822075 + I0.000000	0.548446 + I0.000000	0.152971 + I0.000000
# dh = 0.000100
# out = data/E8.9e6.0_tol1e-4.log
# model = sun
# scan_steps = 100.000000
# H0 = 
#	 0.000000e+00 0.000000e+00 0.000000e+00
#	 0.000000e+00 1.494043e-02 0.000000e+00
#	 0.000000e+00 0.000000e+00 4.889843e-01
# W = 
#	 6.758072e-01 4.508635e-01 1.257533e-01
#	 4.508635e-01 3.007928e-01 8.389608e-02
#	 1.257533e-01 8.389608e-02 2.340000e-02
# H0W = 
#	 0.000000e+00 -6.736093e-03 -6.149138e-02
#	 6.736093e-03 0.000000e+00 -3.977042e-02
#	 6.149138e-02 3.977042e-02 0.000000e+00
# H0H0W = 
#	 0.000000e+00 1.006401e-04 3.006832e-02
#	 1.006401e-04 0.000000e+00 1.885292e-02
#	 3.006832e-02 1.885292e-02 0.000000e+00
# WH0W = 
#	 2.153960e-02 7.634014e-03 -5.748332e-02
#	 7.634014e-03 5.990463e-04 -3.960333e-02
#	 -5.748332e-02 -3.960333e-02 -2.213865e-02
#################################################
##            CALCULATION COMPLETED            ##
#################################################
# Psi[0]^2 = 0.673321 + I0.000000
# Psi[1]^2 = 0.300694 + I0.000000
# Psi[2]^2 = 0.025986 + I0.000000
# phi0 = 2.210621 
# phi1 = 2.212666 
# phi2 = 2.278151 
# Psi = 
#	6.582546e-01+i(-4.899200e-01)
#	4.392206e-01+i(-3.282972e-01)
#	1.225259e-01+i(-1.047522e-01)
#ProbSurv b 1-|Psi|^2 calls E tol dh dh(prev) dh(last)
0.546089516838	1	-1.00364e-13	9001	8.9e+06	0.0001	0.0001	0.0001	5e-05
