# a = 0.100000
# b = 1.000000
# E = 2.814427
# tol = 0.000100
# s12 = 0.554977
# s13 = 0.152971
# psi0 = 0.822075 + I0.000000	0.548446 + I0.000000	0.152971 + I0.000000
# dh = 0.000100
# out = data/E8.9e-0.5_tol1e-4.log
# model = sun
# scan_steps = 100.000000
# H0 = 
#	 0.000000e+00 0.000000e+00 0.000000e+00
#	 0.000000e+00 4.724577e+04 0.000000e+00
#	 0.000000e+00 0.000000e+00 1.546304e+06
# W = 
#	 6.758072e-01 4.508635e-01 1.257533e-01
#	 4.508635e-01 3.007928e-01 8.389608e-02
#	 1.257533e-01 8.389608e-02 2.340000e-02
# H0W = 
#	 0.000000e+00 -2.130140e+04 -1.944528e+05
#	 2.130140e+04 0.000000e+00 -1.257651e+05
#	 1.944528e+05 1.257651e+05 0.000000e+00
# H0H0W = 
#	 0.000000e+00 1.006401e+09 3.006832e+11
#	 1.006401e+09 0.000000e+00 1.885292e+11
#	 3.006832e+11 1.885292e+11 0.000000e+00
# WH0W = 
#	 6.811421e+04 2.414087e+04 -1.817782e+05
#	 2.414087e+04 1.894351e+03 -1.252367e+05
#	 -1.817782e+05 -1.252367e+05 -7.000856e+04
#################################################
##            CALCULATION COMPLETED            ##
#################################################
# Psi[0]^2 = 0.440088 + I0.000000
# Psi[1]^2 = 0.535811 + I0.000000
# Psi[2]^2 = 0.024101 + I0.000000
# phi0 = -1.175320 
# phi1 = 0.397499 
# phi2 = 1.064769 
# Psi = 
#	-6.121864e-01+i(2.555700e-01)
#	2.833639e-01+i(6.749189e-01)
#	1.357894e-01+i(7.524829e-02)
#ProbSurv b 1-|Psi|^2 calls E tol dh dh(prev) dh(last)
 0.45914678022	1	3.44935e-12	85831	2.81443	0.0001	0.0001	1.04859e-05	8.2304e-06
