# a = 0.100000
# b = 1.000000
# E = 28.144271
# tol = 0.000100
# s12 = 0.554977
# s13 = 0.152971
# psi0 = 0.822075 + I0.000000	0.548446 + I0.000000	0.152971 + I0.000000
# dh = 0.000100
# out = data/E8.9e0.5_tol1e-4.log
# model = sun
# scan_steps = 100.000000
# H0 = 
#	 0.000000e+00 0.000000e+00 0.000000e+00
#	 0.000000e+00 4.724577e+03 0.000000e+00
#	 0.000000e+00 0.000000e+00 1.546304e+05
# W = 
#	 6.758072e-01 4.508635e-01 1.257533e-01
#	 4.508635e-01 3.007928e-01 8.389608e-02
#	 1.257533e-01 8.389608e-02 2.340000e-02
# H0W = 
#	 0.000000e+00 -2.130140e+03 -1.944528e+04
#	 2.130140e+03 0.000000e+00 -1.257651e+04
#	 1.944528e+04 1.257651e+04 0.000000e+00
# H0H0W = 
#	 0.000000e+00 1.006401e+07 3.006832e+09
#	 1.006401e+07 0.000000e+00 1.885292e+09
#	 3.006832e+09 1.885292e+09 0.000000e+00
# WH0W = 
#	 6.811421e+03 2.414087e+03 -1.817782e+04
#	 2.414087e+03 1.894351e+02 -1.252367e+04
#	 -1.817782e+04 -1.252367e+04 -7.000856e+03
#################################################
##            CALCULATION COMPLETED            ##
#################################################
# Psi[0]^2 = 0.010541 + I0.000000
# Psi[1]^2 = 0.957397 + I0.000000
# Psi[2]^2 = 0.032062 + I0.000000
# phi0 = -0.253320 
# phi1 = -2.482083 
# phi2 = 1.286703 
# Psi = 
#	-2.573110e-02+i(9.939359e-02)
#	-5.995352e-01+i(-7.732750e-01)
#	1.718818e-01+i(5.018808e-02)
#ProbSurv b 1-|Psi|^2 calls E tol dh dh(prev) dh(last)
0.295852071684	1	-2.64722e-12	9001	28.1443	0.0001	0.0001	0.0001	5e-05
