# a = 0.100000
# b = 1.000000
# E = 89.000000
# tol = 0.000100
# s12 = 0.554977
# s13 = 0.152971
# psi0 = 0.822075 + I0.000000	0.548446 + I0.000000	0.152971 + I0.000000
# dh = 0.000100
# out = data/E8.9e1.0_tol1e-4.log
# model = sun
# scan_steps = 100.000000
# H0 = 
#	 0.000000e+00 0.000000e+00 0.000000e+00
#	 0.000000e+00 1.494043e+03 0.000000e+00
#	 0.000000e+00 0.000000e+00 4.889843e+04
# W = 
#	 6.758072e-01 4.508635e-01 1.257533e-01
#	 4.508635e-01 3.007928e-01 8.389608e-02
#	 1.257533e-01 8.389608e-02 2.340000e-02
# H0W = 
#	 0.000000e+00 -6.736093e+02 -6.149138e+03
#	 6.736093e+02 0.000000e+00 -3.977042e+03
#	 6.149138e+03 3.977042e+03 0.000000e+00
# H0H0W = 
#	 0.000000e+00 1.006401e+06 3.006832e+08
#	 1.006401e+06 0.000000e+00 1.885292e+08
#	 3.006832e+08 1.885292e+08 0.000000e+00
# WH0W = 
#	 2.153960e+03 7.634014e+02 -5.748332e+03
#	 7.634014e+02 5.990463e+01 -3.960333e+03
#	 -5.748332e+03 -3.960333e+03 -2.213865e+03
#################################################
##            CALCULATION COMPLETED            ##
#################################################
# Psi[0]^2 = 0.000979 + I0.000000
# Psi[1]^2 = 0.921718 + I0.000000
# Psi[2]^2 = 0.077303 + I0.000000
# phi0 = 1.745551 
# phi1 = 2.961618 
# phi2 = 1.839831 
# Psi = 
#	3.081952e-02+i(-5.441357e-03)
#	1.718555e-01+i(-9.445546e-01)
#	2.680324e-01+i(-7.390180e-02)
#ProbSurv b 1-|Psi|^2 calls E tol dh dh(prev) dh(last)
0.279716856838	1	9.22151e-13	9001	89	0.0001	0.0001	0.0001	5e-05
