# a = 0.100000
# b = 1.000000
# E = 890.000000
# tol = 0.000100
# s12 = 0.554977
# s13 = 0.152971
# psi0 = 0.822075 + I0.000000	0.548446 + I0.000000	0.152971 + I0.000000
# dh = 0.000100
# out = data/E8.9e2.0_tol1e-4.log
# model = sun
# scan_steps = 100.000000
# H0 = 
#	 0.000000e+00 0.000000e+00 0.000000e+00
#	 0.000000e+00 1.494043e+02 0.000000e+00
#	 0.000000e+00 0.000000e+00 4.889843e+03
# W = 
#	 6.758072e-01 4.508635e-01 1.257533e-01
#	 4.508635e-01 3.007928e-01 8.389608e-02
#	 1.257533e-01 8.389608e-02 2.340000e-02
# H0W = 
#	 0.000000e+00 -6.736093e+01 -6.149138e+02
#	 6.736093e+01 0.000000e+00 -3.977042e+02
#	 6.149138e+02 3.977042e+02 0.000000e+00
# H0H0W = 
#	 0.000000e+00 1.006401e+04 3.006832e+06
#	 1.006401e+04 0.000000e+00 1.885292e+06
#	 3.006832e+06 1.885292e+06 0.000000e+00
# WH0W = 
#	 2.153960e+02 7.634014e+01 -5.748332e+02
#	 7.634014e+01 5.990463e+00 -3.960333e+02
#	 -5.748332e+02 -3.960333e+02 -2.213865e+02
#################################################
##            CALCULATION COMPLETED            ##
#################################################
# Psi[0]^2 = 0.000010 + I0.000000
# Psi[1]^2 = 0.001577 + I0.000000
# Psi[2]^2 = 0.998413 + I0.000000
# phi0 = -1.294205 
# phi1 = -1.893349 
# phi2 = 1.075398 
# Psi = 
#	-3.054686e-03+i(8.671259e-04)
#	-3.766180e-02+i(-1.258750e-02)
#	8.790810e-01+i(4.750050e-01)
#ProbSurv b 1-|Psi|^2 calls E tol dh dh(prev) dh(last)
0.0238439868398	1	-6.75016e-14	9001	890	0.0001	0.0001	0.0001	5e-05
