# a = 0.100000
# b = 1.000000
# E = 2814.427118
# tol = 0.000100
# s12 = 0.554977
# s13 = 0.152971
# psi0 = 0.822075 + I0.000000	0.548446 + I0.000000	0.152971 + I0.000000
# dh = 0.000100
# out = data/E8.9e2.5_tol1e-4.log
# model = sun
# scan_steps = 100.000000
# H0 = 
#	 0.000000e+00 0.000000e+00 0.000000e+00
#	 0.000000e+00 4.724577e+01 0.000000e+00
#	 0.000000e+00 0.000000e+00 1.546304e+03
# W = 
#	 6.758072e-01 4.508635e-01 1.257533e-01
#	 4.508635e-01 3.007928e-01 8.389608e-02
#	 1.257533e-01 8.389608e-02 2.340000e-02
# H0W = 
#	 0.000000e+00 -2.130140e+01 -1.944528e+02
#	 2.130140e+01 0.000000e+00 -1.257651e+02
#	 1.944528e+02 1.257651e+02 0.000000e+00
# H0H0W = 
#	 0.000000e+00 1.006401e+03 3.006832e+05
#	 1.006401e+03 0.000000e+00 1.885292e+05
#	 3.006832e+05 1.885292e+05 0.000000e+00
# WH0W = 
#	 6.811421e+01 2.414087e+01 -1.817782e+02
#	 2.414087e+01 1.894351e+00 -1.252367e+02
#	 -1.817782e+02 -1.252367e+02 -7.000856e+01
#################################################
##            CALCULATION COMPLETED            ##
#################################################
# Psi[0]^2 = 0.000001 + I0.000000
# Psi[1]^2 = 0.000113 + I0.000000
# Psi[2]^2 = 0.999885 + I0.000000
# phi0 = 2.975822 
# phi1 = -3.112327 
# phi2 = 0.631261 
# Psi = 
#	1.886013e-04+i(-1.127282e-03)
#	-3.115654e-04+i(-1.064295e-02)
#	5.901295e-01+i(8.072376e-01)
#ProbSurv b 1-|Psi|^2 calls E tol dh dh(prev) dh(last)
0.0234323001235	1	-5.9508e-14	9001	2814.43	0.0001	0.0001	0.0001	5e-05
