# a = 0.100000
# b = 1.000000
# E = 890000.000000
# tol = 0.000100
# s12 = 0.554977
# s13 = 0.152971
# psi0 = 0.822075 + I0.000000	0.548446 + I0.000000	0.152971 + I0.000000
# dh = 0.000100
# out = data/E8.9e5.0_tol1e-4.log
# model = sun
# scan_steps = 100.000000
# H0 = 
#	 0.000000e+00 0.000000e+00 0.000000e+00
#	 0.000000e+00 1.494043e-01 0.000000e+00
#	 0.000000e+00 0.000000e+00 4.889843e+00
# W = 
#	 6.758072e-01 4.508635e-01 1.257533e-01
#	 4.508635e-01 3.007928e-01 8.389608e-02
#	 1.257533e-01 8.389608e-02 2.340000e-02
# H0W = 
#	 0.000000e+00 -6.736093e-02 -6.149138e-01
#	 6.736093e-02 0.000000e+00 -3.977042e-01
#	 6.149138e-01 3.977042e-01 0.000000e+00
# H0H0W = 
#	 0.000000e+00 1.006401e-02 3.006832e+00
#	 1.006401e-02 0.000000e+00 1.885292e+00
#	 3.006832e+00 1.885292e+00 0.000000e+00
# WH0W = 
#	 2.153960e-01 7.634014e-02 -5.748332e-01
#	 7.634014e-02 5.990463e-03 -3.960333e-01
#	 -5.748332e-01 -3.960333e-01 -2.213865e-01
#################################################
##            CALCULATION COMPLETED            ##
#################################################
# Psi[0]^2 = 0.644251 + I0.000000
# Psi[1]^2 = 0.296601 + I0.000000
# Psi[2]^2 = 0.059148 + I0.000000
# phi0 = 2.321407 
# phi1 = 2.341832 
# phi2 = 3.046085 
# Psi = 
#	5.869577e-01+i(-5.474776e-01)
#	3.905893e-01+i(-3.795274e-01)
#	2.319248e-02+i(-2.420952e-01)
#ProbSurv b 1-|Psi|^2 calls E tol dh dh(prev) dh(last)
0.525989003242	1	-6.72795e-14	9001	890000	0.0001	0.0001	0.0001	5e-05
