# a = 0.100000
# b = 1.000000
# E = 8900.000000
# tol = 0.000100
# s12 = 0.554977
# s13 = 0.152971
# psi0 = 0.822075 + I0.000000	0.548446 + I0.000000	0.152971 + I0.000000
# dh = 0.000100
# out = data/E8.9e3.0_tol1e-4.log
# model = sun
# scan_steps = 100.000000
# H0 = 
#	 0.000000e+00 0.000000e+00 0.000000e+00
#	 0.000000e+00 1.494043e+01 0.000000e+00
#	 0.000000e+00 0.000000e+00 4.889843e+02
# W = 
#	 6.758072e-01 4.508635e-01 1.257533e-01
#	 4.508635e-01 3.007928e-01 8.389608e-02
#	 1.257533e-01 8.389608e-02 2.340000e-02
# H0W = 
#	 0.000000e+00 -6.736093e+00 -6.149138e+01
#	 6.736093e+00 0.000000e+00 -3.977042e+01
#	 6.149138e+01 3.977042e+01 0.000000e+00
# H0H0W = 
#	 0.000000e+00 1.006401e+02 3.006832e+04
#	 1.006401e+02 0.000000e+00 1.885292e+04
#	 3.006832e+04 1.885292e+04 0.000000e+00
# WH0W = 
#	 2.153960e+01 7.634014e+00 -5.748332e+01
#	 7.634014e+00 5.990463e-01 -3.960333e+01
#	 -5.748332e+01 -3.960333e+01 -2.213865e+01
#################################################
##            CALCULATION COMPLETED            ##
#################################################
# Psi[0]^2 = 0.000066 + I0.000000
# Psi[1]^2 = 0.001061 + I0.000000
# Psi[2]^2 = 0.998872 + I0.000000
# phi0 = -2.766202 
# phi1 = -0.044784 
# phi2 = 2.237096 
# Psi = 
#	-2.988385e-03+i(-7.583223e-03)
#	-1.458381e-03+i(3.254306e-02)
#	7.856709e-01+i(-6.177327e-01)
#ProbSurv b 1-|Psi|^2 calls E tol dh dh(prev) dh(last)
0.0237377060859	1	-8.26006e-14	9001	8900	0.0001	0.0001	0.0001	5e-05
