# a = 0.100000
# b = 1.000000
# E = 281442.711755
# tol = 0.000100
# s12 = 0.554977
# s13 = 0.152971
# psi0 = 0.822075 + I0.000000	0.548446 + I0.000000	0.152971 + I0.000000
# dh = 0.000100
# out = data/E8.9e4.5_tol1e-4.log
# model = sun
# scan_steps = 100.000000
# H0 = 
#	 0.000000e+00 0.000000e+00 0.000000e+00
#	 0.000000e+00 4.724577e-01 0.000000e+00
#	 0.000000e+00 0.000000e+00 1.546304e+01
# W = 
#	 6.758072e-01 4.508635e-01 1.257533e-01
#	 4.508635e-01 3.007928e-01 8.389608e-02
#	 1.257533e-01 8.389608e-02 2.340000e-02
# H0W = 
#	 0.000000e+00 -2.130140e-01 -1.944528e+00
#	 2.130140e-01 0.000000e+00 -1.257651e+00
#	 1.944528e+00 1.257651e+00 0.000000e+00
# H0H0W = 
#	 0.000000e+00 1.006401e-01 3.006832e+01
#	 1.006401e-01 0.000000e+00 1.885292e+01
#	 3.006832e+01 1.885292e+01 0.000000e+00
# WH0W = 
#	 6.811421e-01 2.414087e-01 -1.817782e+00
#	 2.414087e-01 1.894351e-02 -1.252367e+00
#	 -1.817782e+00 -1.252367e+00 -7.000856e-01
#################################################
##            CALCULATION COMPLETED            ##
#################################################
# Psi[0]^2 = 0.536776 + I0.000000
# Psi[1]^2 = 0.266200 + I0.000000
# Psi[2]^2 = 0.197024 + I0.000000
# phi0 = 2.567751 
# phi1 = 2.633485 
# phi2 = -1.052780 
# Psi = 
#	3.977280e-01+i(-6.152952e-01)
#	2.510203e-01+i(-4.507648e-01)
#	-3.856390e-01+i(2.197878e-01)
#ProbSurv b 1-|Psi|^2 calls E tol dh dh(prev) dh(last)
0.447438371967	1	-1.25011e-13	9001	281443	0.0001	0.0001	0.0001	5e-05
