# a = 0.100000
# b = 1.000000
# E = 900.000000
# tol = 0.000100
# s12 = 0.554977
# s13 = 0.152971
# psi0 = 0.822075 + I0.000000	0.548446 + I0.000000	0.152971 + I0.000000
# dh = 0.000100
# out = data/E9.0e2.0_tol1e-4.log
# model = sun
# scan_steps = 100.000000
# H0 = 
#	 0.000000e+00 0.000000e+00 0.000000e+00
#	 0.000000e+00 1.477442e+02 0.000000e+00
#	 0.000000e+00 0.000000e+00 4.835511e+03
# W = 
#	 6.758072e-01 4.508635e-01 1.257533e-01
#	 4.508635e-01 3.007928e-01 8.389608e-02
#	 1.257533e-01 8.389608e-02 2.340000e-02
# H0W = 
#	 0.000000e+00 -6.661248e+01 -6.080814e+02
#	 6.661248e+01 0.000000e+00 -3.932852e+02
#	 6.080814e+02 3.932852e+02 0.000000e+00
# H0H0W = 
#	 0.000000e+00 9.841608e+03 2.940384e+06
#	 9.841608e+03 0.000000e+00 1.843630e+06
#	 2.940384e+06 1.843630e+06 0.000000e+00
# WH0W = 
#	 2.130027e+02 7.549192e+01 -5.684461e+02
#	 7.549192e+01 5.923902e+00 -3.916330e+02
#	 -5.684461e+02 -3.916330e+02 -2.189266e+02
#################################################
##            CALCULATION COMPLETED            ##
#################################################
# Psi[0]^2 = 0.000008 + I0.000000
# Psi[1]^2 = 0.001538 + I0.000000
# Psi[2]^2 = 0.998453 + I0.000000
# phi0 = -1.816986 
# phi1 = 2.267495 
# phi2 = -2.721599 
# Psi = 
#	-2.810210e-03+i(-7.061695e-04)
#	3.008300e-02+i(-2.516924e-02)
#	-4.074393e-01+i(-9.123850e-01)
#ProbSurv b 1-|Psi|^2 calls E tol dh dh(prev) dh(last)
0.0238322402051	1	-8.26006e-14	9001	900	0.0001	0.0001	0.0001	5e-05
