# a = 0.100000
# b = 1.000000
# E = 2846.049894
# tol = 0.000100
# s12 = 0.554977
# s13 = 0.152971
# psi0 = 0.822075 + I0.000000	0.548446 + I0.000000	0.152971 + I0.000000
# dh = 0.000100
# out = data/E9.0e2.5_tol1e-4.log
# model = sun
# scan_steps = 100.000000
# H0 = 
#	 0.000000e+00 0.000000e+00 0.000000e+00
#	 0.000000e+00 4.672082e+01 0.000000e+00
#	 0.000000e+00 0.000000e+00 1.529123e+03
# W = 
#	 6.758072e-01 4.508635e-01 1.257533e-01
#	 4.508635e-01 3.007928e-01 8.389608e-02
#	 1.257533e-01 8.389608e-02 2.340000e-02
# H0W = 
#	 0.000000e+00 -2.106471e+01 -1.922922e+02
#	 2.106471e+01 0.000000e+00 -1.243677e+02
#	 1.922922e+02 1.243677e+02 0.000000e+00
# H0H0W = 
#	 0.000000e+00 9.841608e+02 2.940384e+05
#	 9.841608e+02 0.000000e+00 1.843630e+05
#	 2.940384e+05 1.843630e+05 0.000000e+00
# WH0W = 
#	 6.735738e+01 2.387264e+01 -1.797585e+02
#	 2.387264e+01 1.873302e+00 -1.238452e+02
#	 -1.797585e+02 -1.238452e+02 -6.923068e+01
#################################################
##            CALCULATION COMPLETED            ##
#################################################
# Psi[0]^2 = 0.000001 + I0.000000
# Psi[1]^2 = 0.000110 + I0.000000
# Psi[2]^2 = 0.999889 + I0.000000
# phi0 = -3.128999 
# phi1 = -1.237946 
# phi2 = 1.877981 
# Psi = 
#	-1.244743e-05+i(-9.883164e-04)
#	-9.924038e-03+i(3.430863e-03)
#	9.531357e-01+i(-3.023593e-01)
#ProbSurv b 1-|Psi|^2 calls E tol dh dh(prev) dh(last)
0.0234312219463	1	-1.64313e-14	9001	2846.05	0.0001	0.0001	0.0001	5e-05
