# a = 0.100000
# b = 1.000000
# E = 284604.989415
# tol = 0.000100
# s12 = 0.554977
# s13 = 0.152971
# psi0 = 0.822075 + I0.000000	0.548446 + I0.000000	0.152971 + I0.000000
# dh = 0.000100
# out = data/E9.0e4.5_tol1e-4.log
# model = sun
# scan_steps = 100.000000
# H0 = 
#	 0.000000e+00 0.000000e+00 0.000000e+00
#	 0.000000e+00 4.672082e-01 0.000000e+00
#	 0.000000e+00 0.000000e+00 1.529123e+01
# W = 
#	 6.758072e-01 4.508635e-01 1.257533e-01
#	 4.508635e-01 3.007928e-01 8.389608e-02
#	 1.257533e-01 8.389608e-02 2.340000e-02
# H0W = 
#	 0.000000e+00 -2.106471e-01 -1.922922e+00
#	 2.106471e-01 0.000000e+00 -1.243677e+00
#	 1.922922e+00 1.243677e+00 0.000000e+00
# H0H0W = 
#	 0.000000e+00 9.841608e-02 2.940384e+01
#	 9.841608e-02 0.000000e+00 1.843630e+01
#	 2.940384e+01 1.843630e+01 0.000000e+00
# WH0W = 
#	 6.735738e-01 2.387264e-01 -1.797585e+00
#	 2.387264e-01 1.873302e-02 -1.238452e+00
#	 -1.797585e+00 -1.238452e+00 -6.923068e-01
#################################################
##            CALCULATION COMPLETED            ##
#################################################
# Psi[0]^2 = 0.538558 + I0.000000
# Psi[1]^2 = 0.266767 + I0.000000
# Psi[2]^2 = 0.194674 + I0.000000
# phi0 = 2.564235 
# phi1 = 2.629210 
# phi2 = -1.092185 
# Psi = 
#	4.005523e-01+i(-6.149114e-01)
#	2.532146e-01+i(-4.501664e-01)
#	-3.916419e-01+i(2.032020e-01)
#ProbSurv b 1-|Psi|^2 calls E tol dh dh(prev) dh(last)
0.448758598427	1	-9.23706e-14	9001	284605	0.0001	0.0001	0.0001	5e-05
