# a = 0.100000
# b = 1.000000
# E = 90000.000000
# tol = 0.000100
# s12 = 0.554977
# s13 = 0.152971
# psi0 = 0.822075 + I0.000000	0.548446 + I0.000000	0.152971 + I0.000000
# dh = 0.000100
# out = data/E9.0e4.0_tol1e-4.log
# model = sun
# scan_steps = 100.000000
# H0 = 
#	 0.000000e+00 0.000000e+00 0.000000e+00
#	 0.000000e+00 1.477442e+00 0.000000e+00
#	 0.000000e+00 0.000000e+00 4.835511e+01
# W = 
#	 6.758072e-01 4.508635e-01 1.257533e-01
#	 4.508635e-01 3.007928e-01 8.389608e-02
#	 1.257533e-01 8.389608e-02 2.340000e-02
# H0W = 
#	 0.000000e+00 -6.661248e-01 -6.080814e+00
#	 6.661248e-01 0.000000e+00 -3.932852e+00
#	 6.080814e+00 3.932852e+00 0.000000e+00
# H0H0W = 
#	 0.000000e+00 9.841608e-01 2.940384e+02
#	 9.841608e-01 0.000000e+00 1.843630e+02
#	 2.940384e+02 1.843630e+02 0.000000e+00
# WH0W = 
#	 2.130027e+00 7.549192e-01 -5.684461e+00
#	 7.549192e-01 5.923902e-02 -3.916330e+00
#	 -5.684461e+00 -3.916330e+00 -2.189266e+00
#################################################
##            CALCULATION COMPLETED            ##
#################################################
# Psi[0]^2 = 0.318308 + I0.000000
# Psi[1]^2 = 0.196535 + I0.000000
# Psi[2]^2 = 0.485157 + I0.000000
# phi0 = -3.080181 
# phi1 = -2.872586 
# phi2 = 2.353293 
# Psi = 
#	-3.462595e-02+i(-5.631243e-01)
#	-1.178235e-01+i(-4.273788e-01)
#	4.939497e-01+i(-4.910913e-01)
#ProbSurv b 1-|Psi|^2 calls E tol dh dh(prev) dh(last)
0.285583777539	1	-1.19682e-13	9001	90000	0.0001	0.0001	0.0001	5e-05
