# a = 0.100000
# b = 1.000000
# E = 2846049.894152
# tol = 0.000100
# s12 = 0.554977
# s13 = 0.152971
# psi0 = 0.822075 + I0.000000	0.548446 + I0.000000	0.152971 + I0.000000
# dh = 0.000100
# out = data/E9.0e5.5_tol1e-4.log
# model = sun
# scan_steps = 100.000000
# H0 = 
#	 0.000000e+00 0.000000e+00 0.000000e+00
#	 0.000000e+00 4.672082e-02 0.000000e+00
#	 0.000000e+00 0.000000e+00 1.529123e+00
# W = 
#	 6.758072e-01 4.508635e-01 1.257533e-01
#	 4.508635e-01 3.007928e-01 8.389608e-02
#	 1.257533e-01 8.389608e-02 2.340000e-02
# H0W = 
#	 0.000000e+00 -2.106471e-02 -1.922922e-01
#	 2.106471e-02 0.000000e+00 -1.243677e-01
#	 1.922922e-01 1.243677e-01 0.000000e+00
# H0H0W = 
#	 0.000000e+00 9.841608e-04 2.940384e-01
#	 9.841608e-04 0.000000e+00 1.843630e-01
#	 2.940384e-01 1.843630e-01 0.000000e+00
# WH0W = 
#	 6.735738e-02 2.387264e-02 -1.797585e-01
#	 2.387264e-02 1.873302e-03 -1.238452e-01
#	 -1.797585e-01 -1.238452e-01 -6.923068e-02
#################################################
##            CALCULATION COMPLETED            ##
#################################################
# Psi[0]^2 = 0.667562 + I0.000000
# Psi[1]^2 = 0.300262 + I0.000000
# Psi[2]^2 = 0.032175 + I0.000000
# phi0 = 2.236669 
# phi1 = 2.243060 
# phi2 = 2.451591 
# Psi = 
#	6.425064e-01+i(-5.047256e-01)
#	4.287331e-01+i(-3.412481e-01)
#	1.141788e-01+i(-1.383418e-01)
#ProbSurv b 1-|Psi|^2 calls E tol dh dh(prev) dh(last)
0.542213141289	1	-9.03722e-14	9001	2.84605e+06	0.0001	0.0001	0.0001	5e-05
