# a = 0.100000
# b = 1.000000
# E = 0.900000
# tol = 0.000100
# s12 = 0.554977
# s13 = 0.152971
# psi0 = 0.822075 + I0.000000	0.548446 + I0.000000	0.152971 + I0.000000
# dh = 0.000100
# out = data/E9.0e-1.0_tol1e-4.log
# model = sun
# scan_steps = 100.000000
# H0 = 
#	 0.000000e+00 0.000000e+00 0.000000e+00
#	 0.000000e+00 1.477442e+05 0.000000e+00
#	 0.000000e+00 0.000000e+00 4.835511e+06
# W = 
#	 6.758072e-01 4.508635e-01 1.257533e-01
#	 4.508635e-01 3.007928e-01 8.389608e-02
#	 1.257533e-01 8.389608e-02 2.340000e-02
# H0W = 
#	 0.000000e+00 -6.661248e+04 -6.080814e+05
#	 6.661248e+04 0.000000e+00 -3.932852e+05
#	 6.080814e+05 3.932852e+05 0.000000e+00
# H0H0W = 
#	 0.000000e+00 9.841608e+09 2.940384e+12
#	 9.841608e+09 0.000000e+00 1.843630e+12
#	 2.940384e+12 1.843630e+12 0.000000e+00
# WH0W = 
#	 2.130027e+05 7.549192e+04 -5.684461e+05
#	 7.549192e+04 5.923902e+03 -3.916330e+05
#	 -5.684461e+05 -3.916330e+05 -2.189266e+05
#################################################
##            CALCULATION COMPLETED            ##
#################################################
# Psi[0]^2 = 0.607193 + I0.000000
# Psi[1]^2 = 0.369187 + I0.000000
# Psi[2]^2 = 0.023621 + I0.000000
# phi0 = 0.709225 
# phi1 = 0.907800 
# phi2 = 2.119731 
# Psi = 
#	5.074674e-01+i(5.913285e-01)
#	4.788867e-01+i(3.739707e-01)
#	1.311108e-01+i(-8.019272e-02)
#ProbSurv b 1-|Psi|^2 calls E tol dh dh(prev) dh(last)
0.521946476296	1	6.27652e-11	464457	0.9	0.0001	0.0001	1.93775e-06	1.06846e-06
