# a = 0.100000
# b = 1.000000
# E = 284.604989
# tol = 0.000100
# s12 = 0.554977
# s13 = 0.152971
# psi0 = 0.822075 + I0.000000	0.548446 + I0.000000	0.152971 + I0.000000
# dh = 0.000100
# out = data/E9.0e1.5_tol1e-4.log
# model = sun
# scan_steps = 100.000000
# H0 = 
#	 0.000000e+00 0.000000e+00 0.000000e+00
#	 0.000000e+00 4.672082e+02 0.000000e+00
#	 0.000000e+00 0.000000e+00 1.529123e+04
# W = 
#	 6.758072e-01 4.508635e-01 1.257533e-01
#	 4.508635e-01 3.007928e-01 8.389608e-02
#	 1.257533e-01 8.389608e-02 2.340000e-02
# H0W = 
#	 0.000000e+00 -2.106471e+02 -1.922922e+03
#	 2.106471e+02 0.000000e+00 -1.243677e+03
#	 1.922922e+03 1.243677e+03 0.000000e+00
# H0H0W = 
#	 0.000000e+00 9.841608e+04 2.940384e+07
#	 9.841608e+04 0.000000e+00 1.843630e+07
#	 2.940384e+07 1.843630e+07 0.000000e+00
# WH0W = 
#	 6.735738e+02 2.387264e+02 -1.797585e+03
#	 2.387264e+02 1.873302e+01 -1.238452e+03
#	 -1.797585e+03 -1.238452e+03 -6.923068e+02
#################################################
##            CALCULATION COMPLETED            ##
#################################################
# Psi[0]^2 = 0.000094 + I0.000000
# Psi[1]^2 = 0.059183 + I0.000000
# Psi[2]^2 = 0.940723 + I0.000000
# phi0 = 3.086613 
# phi1 = -1.956970 
# phi2 = -0.584697 
# Psi = 
#	5.327299e-04+i(-9.679743e-03)
#	-2.253597e-01+i(-9.162892e-02)
#	-5.353378e-01+i(8.087871e-01)
#ProbSurv b 1-|Psi|^2 calls E tol dh dh(prev) dh(last)
0.0398782171696	1	-4.19886e-13	9001	284.605	0.0001	0.0001	0.0001	5e-05
