# a = 0.100000
# b = 1.000000
# E = 9000.000000
# tol = 0.000100
# s12 = 0.554977
# s13 = 0.152971
# psi0 = 0.822075 + I0.000000	0.548446 + I0.000000	0.152971 + I0.000000
# dh = 0.000100
# out = data/E9.0e3.0_tol1e-4.log
# model = sun
# scan_steps = 100.000000
# H0 = 
#	 0.000000e+00 0.000000e+00 0.000000e+00
#	 0.000000e+00 1.477442e+01 0.000000e+00
#	 0.000000e+00 0.000000e+00 4.835511e+02
# W = 
#	 6.758072e-01 4.508635e-01 1.257533e-01
#	 4.508635e-01 3.007928e-01 8.389608e-02
#	 1.257533e-01 8.389608e-02 2.340000e-02
# H0W = 
#	 0.000000e+00 -6.661248e+00 -6.080814e+01
#	 6.661248e+00 0.000000e+00 -3.932852e+01
#	 6.080814e+01 3.932852e+01 0.000000e+00
# H0H0W = 
#	 0.000000e+00 9.841608e+01 2.940384e+04
#	 9.841608e+01 0.000000e+00 1.843630e+04
#	 2.940384e+04 1.843630e+04 0.000000e+00
# WH0W = 
#	 2.130027e+01 7.549192e+00 -5.684461e+01
#	 7.549192e+00 5.923902e-01 -3.916330e+01
#	 -5.684461e+01 -3.916330e+01 -2.189266e+01
#################################################
##            CALCULATION COMPLETED            ##
#################################################
# Psi[0]^2 = 0.000085 + I0.000000
# Psi[1]^2 = 0.001424 + I0.000000
# Psi[2]^2 = 0.998492 + I0.000000
# phi0 = -2.831302 
# phi1 = -0.268369 
# phi2 = -0.768515 
# Psi = 
#	-2.808511e-03+i(-8.758872e-03)
#	-1.000433e-02+i(3.637903e-02)
#	-6.945441e-01+i(7.184013e-01)
#ProbSurv b 1-|Psi|^2 calls E tol dh dh(prev) dh(last)
0.0238500717218	1	-1.08802e-13	9001	9000	0.0001	0.0001	0.0001	5e-05
