# a = 0.100000
# b = 1.000000
# E = 2.846050
# tol = 0.000100
# s12 = 0.554977
# s13 = 0.152971
# psi0 = 0.822075 + I0.000000	0.548446 + I0.000000	0.152971 + I0.000000
# dh = 0.000100
# out = data/E9.0e-0.5_tol1e-4.log
# model = sun
# scan_steps = 100.000000
# H0 = 
#	 0.000000e+00 0.000000e+00 0.000000e+00
#	 0.000000e+00 4.672082e+04 0.000000e+00
#	 0.000000e+00 0.000000e+00 1.529123e+06
# W = 
#	 6.758072e-01 4.508635e-01 1.257533e-01
#	 4.508635e-01 3.007928e-01 8.389608e-02
#	 1.257533e-01 8.389608e-02 2.340000e-02
# H0W = 
#	 0.000000e+00 -2.106471e+04 -1.922922e+05
#	 2.106471e+04 0.000000e+00 -1.243677e+05
#	 1.922922e+05 1.243677e+05 0.000000e+00
# H0H0W = 
#	 0.000000e+00 9.841608e+08 2.940384e+11
#	 9.841608e+08 0.000000e+00 1.843630e+11
#	 2.940384e+11 1.843630e+11 0.000000e+00
# WH0W = 
#	 6.735738e+04 2.387264e+04 -1.797585e+05
#	 2.387264e+04 1.873302e+03 -1.238452e+05
#	 -1.797585e+05 -1.238452e+05 -6.923068e+04
#################################################
##            CALCULATION COMPLETED            ##
#################################################
# Psi[0]^2 = 0.437292 + I0.000000
# Psi[1]^2 = 0.538599 + I0.000000
# Psi[2]^2 = 0.024109 + I0.000000
# phi0 = -2.615267 
# phi1 = 0.614292 
# phi2 = 0.947773 
# Psi = 
#	-3.322006e-01+i(-5.717821e-01)
#	4.230010e-01+i(5.997241e-01)
#	1.260985e-01+i(9.059961e-02)
#ProbSurv b 1-|Psi|^2 calls E tol dh dh(prev) dh(last)
 0.45809587595	1	3.199e-12	82939	2.84605	0.0001	0.0001	1.08516e-05	6.58308e-06
