# a = 0.100000
# b = 1.000000
# E = 1.000000
# tol = 0.000100
# s12 = 0.554977
# s13 = 0.152971
# psi0 = 0.822075 + I0.000000	0.548446 + I0.000000	0.152971 + I0.000000
# dh = 0.000100
# out = data/E1.0e0.0_tol1e-4.log
# model = sun
# scan_steps = 100.000000
# H0 = 
#	 0.000000e+00 0.000000e+00 0.000000e+00
#	 0.000000e+00 1.329698e+05 0.000000e+00
#	 0.000000e+00 0.000000e+00 4.351960e+06
# W = 
#	 6.758072e-01 4.508635e-01 1.257533e-01
#	 4.508635e-01 3.007928e-01 8.389608e-02
#	 1.257533e-01 8.389608e-02 2.340000e-02
# H0W = 
#	 0.000000e+00 -5.995123e+04 -5.472733e+05
#	 5.995123e+04 0.000000e+00 -3.539567e+05
#	 5.472733e+05 3.539567e+05 0.000000e+00
# H0H0W = 
#	 0.000000e+00 7.971702e+09 2.381711e+12
#	 7.971702e+09 0.000000e+00 1.493340e+12
#	 2.381711e+12 1.493340e+12 0.000000e+00
# WH0W = 
#	 1.917025e+05 6.794272e+04 -5.116015e+05
#	 6.794272e+04 5.331512e+03 -3.524697e+05
#	 -5.116015e+05 -3.524697e+05 -1.970340e+05
#################################################
##            CALCULATION COMPLETED            ##
#################################################
# Psi[0]^2 = 0.598985 + I0.000000
# Psi[1]^2 = 0.377370 + I0.000000
# Psi[2]^2 = 0.023646 + I0.000000
# phi0 = 2.852132 
# phi1 = -3.006950 
# phi2 = -1.602858 
# Psi = 
#	2.209099e-01+i(-7.417435e-01)
#	-8.246170e-02+i(-6.087445e-01)
#	-1.536924e-01+i(-4.929288e-03)
#ProbSurv b 1-|Psi|^2 calls E tol dh dh(prev) dh(last)
0.518861494938	1	2.34299e-11	483978	1	0.0001	0.0001	1.85959e-06	1.40229e-06
# a = 0.100000
# b = 1.000000
# E = 0.316228
# tol = 0.000100
# s12 = 0.554977
# s13 = 0.152971
# psi0 = 0.822075 + I0.000000	0.548446 + I0.000000	0.152971 + I0.000000
# dh = 0.000100
# out = data/E1.0e-0.5_tol1e-4.log
# model = sun
# scan_steps = 100.000000
# H0 = 
#	 0.000000e+00 0.000000e+00 0.000000e+00
#	 0.000000e+00 4.204874e+05 0.000000e+00
#	 0.000000e+00 0.000000e+00 1.376211e+07
# W = 
#	 6.758072e-01 4.508635e-01 1.257533e-01
#	 4.508635e-01 3.007928e-01 8.389608e-02
#	 1.257533e-01 8.389608e-02 2.340000e-02
# H0W = 
#	 0.000000e+00 -1.895824e+05 -1.730630e+06
#	 1.895824e+05 0.000000e+00 -1.119309e+06
#	 1.730630e+06 1.119309e+06 0.000000e+00
# H0H0W = 
#	 0.000000e+00 7.971702e+10 2.381711e+13
#	 7.971702e+10 0.000000e+00 1.493340e+13
#	 2.381711e+13 1.493340e+13 0.000000e+00
# WH0W = 
#	 6.062164e+05 2.148538e+05 -1.617826e+06
#	 2.148538e+05 1.685972e+04 -1.114607e+06
#	 -1.617826e+06 -1.114607e+06 -6.230762e+05
#################################################
##            CALCULATION COMPLETED            ##
#################################################
# Psi[0]^2 = 0.652858 + I0.000000
# Psi[1]^2 = 0.323665 + I0.000000
# Psi[2]^2 = 0.023477 + I0.000000
# phi0 = -0.860220 
# phi1 = -0.069357 
# phi2 = -1.005284 
# Psi = 
#	-6.124501e-01+i(5.270320e-01)
#	-3.942672e-02+i(5.675477e-01)
#	-1.293683e-01+i(8.210422e-02)
#ProbSurv b 1-|Psi|^2 calls E tol dh dh(prev) dh(last)
0.539111493185	1	2.08391e-10	1285455	0.316228	0.0001	0.0001	7.00142e-07	3.98742e-07
# a = 0.100000
# b = 1.000000
# E = 3.162278
# tol = 0.000100
# s12 = 0.554977
# s13 = 0.152971
# psi0 = 0.822075 + I0.000000	0.548446 + I0.000000	0.152971 + I0.000000
# dh = 0.000100
# out = data/E1.0e0.5_tol1e-4.log
# model = sun
# scan_steps = 100.000000
# H0 = 
#	 0.000000e+00 0.000000e+00 0.000000e+00
#	 0.000000e+00 4.204874e+04 0.000000e+00
#	 0.000000e+00 0.000000e+00 1.376211e+06
# W = 
#	 6.758072e-01 4.508635e-01 1.257533e-01
#	 4.508635e-01 3.007928e-01 8.389608e-02
#	 1.257533e-01 8.389608e-02 2.340000e-02
# H0W = 
#	 0.000000e+00 -1.895824e+04 -1.730630e+05
#	 1.895824e+04 0.000000e+00 -1.119309e+05
#	 1.730630e+05 1.119309e+05 0.000000e+00
# H0H0W = 
#	 0.000000e+00 7.971702e+08 2.381711e+11
#	 7.971702e+08 0.000000e+00 1.493340e+11
#	 2.381711e+11 1.493340e+11 0.000000e+00
# WH0W = 
#	 6.062164e+04 2.148538e+04 -1.617826e+05
#	 2.148538e+04 1.685972e+03 -1.114607e+05
#	 -1.617826e+05 -1.114607e+05 -6.230762e+04
#################################################
##            CALCULATION COMPLETED            ##
#################################################
# Psi[0]^2 = 0.409839 + I0.000000
# Psi[1]^2 = 0.565971 + I0.000000
# Psi[2]^2 = 0.024190 + I0.000000
# phi0 = 1.770481 
# phi1 = 1.045968 
# phi2 = 0.539600 
# Psi = 
#	6.274659e-01+i(-1.269877e-01)
#	6.510570e-01+i(3.769558e-01)
#	7.991064e-02+i(1.334321e-01)
#ProbSurv b 1-|Psi|^2 calls E tol dh dh(prev) dh(last)
0.447778380391	1	-1.53222e-11	58857	3.16228	0.0001	0.0001	1.52918e-05	8.16361e-06
# a = 0.100000
# b = 1.000000
# E = 0.100000
# tol = 0.000100
# s12 = 0.554977
# s13 = 0.152971
# psi0 = 0.822075 + I0.000000	0.548446 + I0.000000	0.152971 + I0.000000
# dh = 0.000100
# out = data/E1.0e-1.0_tol1e-4.log
# model = sun
# scan_steps = 100.000000
# H0 = 
#	 0.000000e+00 0.000000e+00 0.000000e+00
#	 0.000000e+00 1.329698e+06 0.000000e+00
#	 0.000000e+00 0.000000e+00 4.351960e+07
# W = 
#	 6.758072e-01 4.508635e-01 1.257533e-01
#	 4.508635e-01 3.007928e-01 8.389608e-02
#	 1.257533e-01 8.389608e-02 2.340000e-02
# H0W = 
#	 0.000000e+00 -5.995123e+05 -5.472733e+06
#	 5.995123e+05 0.000000e+00 -3.539567e+06
#	 5.472733e+06 3.539567e+06 0.000000e+00
# H0H0W = 
#	 0.000000e+00 7.971702e+11 2.381711e+14
#	 7.971702e+11 0.000000e+00 1.493340e+14
#	 2.381711e+14 1.493340e+14 0.000000e+00
# WH0W = 
#	 1.917025e+06 6.794272e+05 -5.116015e+06
#	 6.794272e+05 5.331512e+04 -3.524697e+06
#	 -5.116015e+06 -3.524697e+06 -1.970340e+06
#################################################
##            CALCULATION COMPLETED            ##
#################################################
# Psi[0]^2 = 0.668694 + I0.000000
# Psi[1]^2 = 0.307882 + I0.000000
# Psi[2]^2 = 0.023424 + I0.000000
# phi0 = 1.310509 
# phi1 = 2.860776 
# phi2 = -0.703134 
# Psi = 
#	7.901926e-01+i(2.104510e-01)
#	1.537772e-01+i(-5.331362e-01)
#	-9.896410e-02+i(1.167497e-01)
#ProbSurv b 1-|Psi|^2 calls E tol dh dh(prev) dh(last)
0.545064912016	1	1.7501e-09	10432740	0.1	0.0001	0.0001	8.62669e-08	4.84374e-08
# a = 0.100000
# b = 1.000000
# E = 10.000000
# tol = 0.000100
# s12 = 0.554977
# s13 = 0.152971
# psi0 = 0.822075 + I0.000000	0.548446 + I0.000000	0.152971 + I0.000000
# dh = 0.000100
# out = data/E1.0e1.0_tol1e-4.log
# model = sun
# scan_steps = 100.000000
# H0 = 
#	 0.000000e+00 0.000000e+00 0.000000e+00
#	 0.000000e+00 1.329698e+04 0.000000e+00
#	 0.000000e+00 0.000000e+00 4.351960e+05
# W = 
#	 6.758072e-01 4.508635e-01 1.257533e-01
#	 4.508635e-01 3.007928e-01 8.389608e-02
#	 1.257533e-01 8.389608e-02 2.340000e-02
# H0W = 
#	 0.000000e+00 -5.995123e+03 -5.472733e+04
#	 5.995123e+03 0.000000e+00 -3.539567e+04
#	 5.472733e+04 3.539567e+04 0.000000e+00
# H0H0W = 
#	 0.000000e+00 7.971702e+07 2.381711e+10
#	 7.971702e+07 0.000000e+00 1.493340e+10
#	 2.381711e+10 1.493340e+10 0.000000e+00
# WH0W = 
#	 1.917025e+04 6.794272e+03 -5.116015e+04
#	 6.794272e+03 5.331512e+02 -3.524697e+04
#	 -5.116015e+04 -3.524697e+04 -1.970340e+04
#################################################
##            CALCULATION COMPLETED            ##
#################################################
# Psi[0]^2 = 0.089744 + I0.000000
# Psi[1]^2 = 0.884188 + I0.000000
# Psi[2]^2 = 0.026068 + I0.000000
# phi0 = -0.974029 
# phi1 = 0.413375 
# phi2 = -1.089106 
# Psi = 
#	-2.477940e-01+i(1.683517e-01)
#	3.777260e-01+i(8.611105e-01)
#	-1.430832e-01+i(7.479833e-02)
#ProbSurv b 1-|Psi|^2 calls E tol dh dh(prev) dh(last)
0.327217192598	1	-9.50906e-12	19627	10	0.0001	0.0001	4.58585e-05	3.6531e-05
# a = 0.100000
# b = 1.000000
# E = 31.622777
# tol = 0.000100
# s12 = 0.554977
# s13 = 0.152971
# psi0 = 0.822075 + I0.000000	0.548446 + I0.000000	0.152971 + I0.000000
# dh = 0.000100
# out = data/E1.0e1.5_tol1e-4.log
# model = sun
# scan_steps = 100.000000
# H0 = 
#	 0.000000e+00 0.000000e+00 0.000000e+00
#	 0.000000e+00 4.204874e+03 0.000000e+00
#	 0.000000e+00 0.000000e+00 1.376211e+05
# W = 
#	 6.758072e-01 4.508635e-01 1.257533e-01
#	 4.508635e-01 3.007928e-01 8.389608e-02
#	 1.257533e-01 8.389608e-02 2.340000e-02
# H0W = 
#	 0.000000e+00 -1.895824e+03 -1.730630e+04
#	 1.895824e+03 0.000000e+00 -1.119309e+04
#	 1.730630e+04 1.119309e+04 0.000000e+00
# H0H0W = 
#	 0.000000e+00 7.971702e+06 2.381711e+09
#	 7.971702e+06 0.000000e+00 1.493340e+09
#	 2.381711e+09 1.493340e+09 0.000000e+00
# WH0W = 
#	 6.062164e+03 2.148538e+03 -1.617826e+04
#	 2.148538e+03 1.685972e+02 -1.114607e+04
#	 -1.617826e+04 -1.114607e+04 -6.230762e+03
#################################################
##            CALCULATION COMPLETED            ##
#################################################
# Psi[0]^2 = 0.008244 + I0.000000
# Psi[1]^2 = 0.958068 + I0.000000
# Psi[2]^2 = 0.033688 + I0.000000
# phi0 = 2.092860 
# phi1 = -1.894036 
# phi2 = -0.704956 
# Psi = 
#	7.870153e-02+i(-4.527737e-02)
#	-9.281183e-01+i(-3.109089e-01)
#	-1.189361e-01+i(1.397938e-01)
#ProbSurv b 1-|Psi|^2 calls E tol dh dh(prev) dh(last)
0.294539567637	1	-3.84959e-12	9001	31.6228	0.0001	0.0001	0.0001	5e-05
# a = 0.100000
# b = 1.000000
# E = 100.000000
# tol = 0.000100
# s12 = 0.554977
# s13 = 0.152971
# psi0 = 0.822075 + I0.000000	0.548446 + I0.000000	0.152971 + I0.000000
# dh = 0.000100
# out = data/E1.0e2.0_tol1e-4.log
# model = sun
# scan_steps = 100.000000
# H0 = 
#	 0.000000e+00 0.000000e+00 0.000000e+00
#	 0.000000e+00 1.329698e+03 0.000000e+00
#	 0.000000e+00 0.000000e+00 4.351960e+04
# W = 
#	 6.758072e-01 4.508635e-01 1.257533e-01
#	 4.508635e-01 3.007928e-01 8.389608e-02
#	 1.257533e-01 8.389608e-02 2.340000e-02
# H0W = 
#	 0.000000e+00 -5.995123e+02 -5.472733e+03
#	 5.995123e+02 0.000000e+00 -3.539567e+03
#	 5.472733e+03 3.539567e+03 0.000000e+00
# H0H0W = 
#	 0.000000e+00 7.971702e+05 2.381711e+08
#	 7.971702e+05 0.000000e+00 1.493340e+08
#	 2.381711e+08 1.493340e+08 0.000000e+00
# WH0W = 
#	 1.917025e+03 6.794272e+02 -5.116015e+03
#	 6.794272e+02 5.331512e+01 -3.524697e+03
#	 -5.116015e+03 -3.524697e+03 -1.970340e+03
#################################################
##            CALCULATION COMPLETED            ##
#################################################
# Psi[0]^2 = 0.000794 + I0.000000
# Psi[1]^2 = 0.904952 + I0.000000
# Psi[2]^2 = 0.094254 + I0.000000
# phi0 = 2.240118 
# phi1 = 2.007128 
# phi2 = 2.274513 
# Psi = 
#	2.209494e-02+i(-1.748041e-02)
#	8.621616e-01+i(-4.020319e-01)
#	2.340761e-01+i(-1.986514e-01)
#ProbSurv b 1-|Psi|^2 calls E tol dh dh(prev) dh(last)
 0.27494507982	1	1.38212e-12	9001	100	0.0001	0.0001	0.0001	5e-05
# a = 0.100000
# b = 1.000000
# E = 316.227766
# tol = 0.000100
# s12 = 0.554977
# s13 = 0.152971
# psi0 = 0.822075 + I0.000000	0.548446 + I0.000000	0.152971 + I0.000000
# dh = 0.000100
# out = data/E1.0e2.5_tol1e-4.log
# model = sun
# scan_steps = 100.000000
# H0 = 
#	 0.000000e+00 0.000000e+00 0.000000e+00
#	 0.000000e+00 4.204874e+02 0.000000e+00
#	 0.000000e+00 0.000000e+00 1.376211e+04
# W = 
#	 6.758072e-01 4.508635e-01 1.257533e-01
#	 4.508635e-01 3.007928e-01 8.389608e-02
#	 1.257533e-01 8.389608e-02 2.340000e-02
# H0W = 
#	 0.000000e+00 -1.895824e+02 -1.730630e+03
#	 1.895824e+02 0.000000e+00 -1.119309e+03
#	 1.730630e+03 1.119309e+03 0.000000e+00
# H0H0W = 
#	 0.000000e+00 7.971702e+04 2.381711e+07
#	 7.971702e+04 0.000000e+00 1.493340e+07
#	 2.381711e+07 1.493340e+07 0.000000e+00
# WH0W = 
#	 6.062164e+02 2.148538e+02 -1.617826e+03
#	 2.148538e+02 1.685972e+01 -1.114607e+03
#	 -1.617826e+03 -1.114607e+03 -6.230762e+02
#################################################
##            CALCULATION COMPLETED            ##
#################################################
# Psi[0]^2 = 0.000079 + I0.000000
# Psi[1]^2 = 0.037727 + I0.000000
# Psi[2]^2 = 0.962194 + I0.000000
# phi0 = -1.111130 
# phi1 = -0.429185 
# phi2 = -2.474881 
# Psi = 
#	-7.973729e-03+i(3.947261e-03)
#	-8.082626e-02+i(1.766173e-01)
#	-6.066025e-01+i(-7.708616e-01)
#ProbSurv b 1-|Psi|^2 calls E tol dh dh(prev) dh(last)
0.0339167206823	1	-4.17e-13	9001	316.228	0.0001	0.0001	0.0001	5e-05
# a = 0.100000
# b = 1.000000
# E = 1000.000000
# tol = 0.000100
# s12 = 0.554977
# s13 = 0.152971
# psi0 = 0.822075 + I0.000000	0.548446 + I0.000000	0.152971 + I0.000000
# dh = 0.000100
# out = data/E1.0e3.0_tol1e-4.log
# model = sun
# scan_steps = 100.000000
# H0 = 
#	 0.000000e+00 0.000000e+00 0.000000e+00
#	 0.000000e+00 1.329698e+02 0.000000e+00
#	 0.000000e+00 0.000000e+00 4.351960e+03
# W = 
#	 6.758072e-01 4.508635e-01 1.257533e-01
#	 4.508635e-01 3.007928e-01 8.389608e-02
#	 1.257533e-01 8.389608e-02 2.340000e-02
# H0W = 
#	 0.000000e+00 -5.995123e+01 -5.472733e+02
#	 5.995123e+01 0.000000e+00 -3.539567e+02
#	 5.472733e+02 3.539567e+02 0.000000e+00
# H0H0W = 
#	 0.000000e+00 7.971702e+03 2.381711e+06
#	 7.971702e+03 0.000000e+00 1.493340e+06
#	 2.381711e+06 1.493340e+06 0.000000e+00
# WH0W = 
#	 1.917025e+02 6.794272e+01 -5.116015e+02
#	 6.794272e+01 5.331512e+00 -3.524697e+02
#	 -5.116015e+02 -3.524697e+02 -1.970340e+02
#################################################
##            CALCULATION COMPLETED            ##
#################################################
# Psi[0]^2 = 0.000009 + I0.000000
# Psi[1]^2 = 0.001187 + I0.000000
# Psi[2]^2 = 0.998804 + I0.000000
# phi0 = 0.141547 
# phi1 = 0.395066 
# phi2 = 1.183018 
# Psi = 
#	4.140156e-04+i(2.905377e-03)
#	1.326147e-02+i(3.180289e-02)
#	9.251977e-01+i(3.779064e-01)
#ProbSurv b 1-|Psi|^2 calls E tol dh dh(prev) dh(last)
0.0237349648078	1	-6.92779e-14	9001	1000	0.0001	0.0001	0.0001	5e-05
# a = 0.100000
# b = 1.000000
# E = 3162.277660
# tol = 0.000100
# s12 = 0.554977
# s13 = 0.152971
# psi0 = 0.822075 + I0.000000	0.548446 + I0.000000	0.152971 + I0.000000
# dh = 0.000100
# out = data/E1.0e3.5_tol1e-4.log
# model = sun
# scan_steps = 100.000000
# H0 = 
#	 0.000000e+00 0.000000e+00 0.000000e+00
#	 0.000000e+00 4.204874e+01 0.000000e+00
#	 0.000000e+00 0.000000e+00 1.376211e+03
# W = 
#	 6.758072e-01 4.508635e-01 1.257533e-01
#	 4.508635e-01 3.007928e-01 8.389608e-02
#	 1.257533e-01 8.389608e-02 2.340000e-02
# H0W = 
#	 0.000000e+00 -1.895824e+01 -1.730630e+02
#	 1.895824e+01 0.000000e+00 -1.119309e+02
#	 1.730630e+02 1.119309e+02 0.000000e+00
# H0H0W = 
#	 0.000000e+00 7.971702e+02 2.381711e+05
#	 7.971702e+02 0.000000e+00 1.493340e+05
#	 2.381711e+05 1.493340e+05 0.000000e+00
# WH0W = 
#	 6.062164e+01 2.148538e+01 -1.617826e+02
#	 2.148538e+01 1.685972e+00 -1.114607e+02
#	 -1.617826e+02 -1.114607e+02 -6.230762e+01
#################################################
##            CALCULATION COMPLETED            ##
#################################################
# Psi[0]^2 = 0.000001 + I0.000000
# Psi[1]^2 = 0.000092 + I0.000000
# Psi[2]^2 = 0.999908 + I0.000000
# phi0 = 1.685026 
# phi1 = 2.617741 
# phi2 = 2.466621 
# Psi = 
#	9.006672e-04+i(-1.033326e-04)
#	4.785581e-03+i(-8.284038e-03)
#	6.248463e-01+i(-7.806887e-01)
#ProbSurv b 1-|Psi|^2 calls E tol dh dh(prev) dh(last)
0.0234259251531	1	-2.62013e-14	9001	3162.28	0.0001	0.0001	0.0001	5e-05
# a = 0.100000
# b = 1.000000
# E = 10000.000000
# tol = 0.000100
# s12 = 0.554977
# s13 = 0.152971
# psi0 = 0.822075 + I0.000000	0.548446 + I0.000000	0.152971 + I0.000000
# dh = 0.000100
# out = data/E1.0e4.0_tol1e-4.log
# model = sun
# scan_steps = 100.000000
# H0 = 
#	 0.000000e+00 0.000000e+00 0.000000e+00
#	 0.000000e+00 1.329698e+01 0.000000e+00
#	 0.000000e+00 0.000000e+00 4.351960e+02
# W = 
#	 6.758072e-01 4.508635e-01 1.257533e-01
#	 4.508635e-01 3.007928e-01 8.389608e-02
#	 1.257533e-01 8.389608e-02 2.340000e-02
# H0W = 
#	 0.000000e+00 -5.995123e+00 -5.472733e+01
#	 5.995123e+00 0.000000e+00 -3.539567e+01
#	 5.472733e+01 3.539567e+01 0.000000e+00
# H0H0W = 
#	 0.000000e+00 7.971702e+01 2.381711e+04
#	 7.971702e+01 0.000000e+00 1.493340e+04
#	 2.381711e+04 1.493340e+04 0.000000e+00
# WH0W = 
#	 1.917025e+01 6.794272e+00 -5.116015e+01
#	 6.794272e+00 5.331512e-01 -3.524697e+01
#	 -5.116015e+01 -3.524697e+01 -1.970340e+01
#################################################
##            CALCULATION COMPLETED            ##
#################################################
# Psi[0]^2 = 0.000209 + I0.000000
# Psi[1]^2 = 0.002147 + I0.000000
# Psi[2]^2 = 0.997644 + I0.000000
# phi0 = 2.916746 
# phi1 = -1.161749 
# phi2 = -2.131439 
# Psi = 
#	3.221937e-03+i(-1.408719e-02)
#	-4.250989e-02+i(1.842798e-02)
#	-8.459158e-01+i(-5.311036e-01)
#ProbSurv b 1-|Psi|^2 calls E tol dh dh(prev) dh(last)
0.024131715995	1	-8.9484e-14	9001	10000	0.0001	0.0001	0.0001	5e-05
# a = 0.100000
# b = 1.000000
# E = 31622.776602
# tol = 0.000100
# s12 = 0.554977
# s13 = 0.152971
# psi0 = 0.822075 + I0.000000	0.548446 + I0.000000	0.152971 + I0.000000
# dh = 0.000100
# out = data/E1.0e4.5_tol1e-4.log
# model = sun
# scan_steps = 100.000000
# H0 = 
#	 0.000000e+00 0.000000e+00 0.000000e+00
#	 0.000000e+00 4.204874e+00 0.000000e+00
#	 0.000000e+00 0.000000e+00 1.376211e+02
# W = 
#	 6.758072e-01 4.508635e-01 1.257533e-01
#	 4.508635e-01 3.007928e-01 8.389608e-02
#	 1.257533e-01 8.389608e-02 2.340000e-02
# H0W = 
#	 0.000000e+00 -1.895824e+00 -1.730630e+01
#	 1.895824e+00 0.000000e+00 -1.119309e+01
#	 1.730630e+01 1.119309e+01 0.000000e+00
# H0H0W = 
#	 0.000000e+00 7.971702e+00 2.381711e+03
#	 7.971702e+00 0.000000e+00 1.493340e+03
#	 2.381711e+03 1.493340e+03 0.000000e+00
# WH0W = 
#	 6.062164e+00 2.148538e+00 -1.617826e+01
#	 2.148538e+00 1.685972e-01 -1.114607e+01
#	 -1.617826e+01 -1.114607e+01 -6.230762e+00
#################################################
##            CALCULATION COMPLETED            ##
#################################################
# Psi[0]^2 = 0.070361 + I0.000000
# Psi[1]^2 = 0.079420 + I0.000000
# Psi[2]^2 = 0.850220 + I0.000000
# phi0 = -1.521448 
# phi1 = -0.919335 
# phi2 = -0.031465 
# Psi = 
#	-2.649330e-01+i(1.308472e-02)
#	-2.240989e-01+i(1.708783e-01)
#	-2.900806e-02+i(9.216171e-01)
#ProbSurv b 1-|Psi|^2 calls E tol dh dh(prev) dh(last)
0.0913342812277	1	-8.12683e-14	9001	31622.8	0.0001	0.0001	0.0001	5e-05
# a = 0.100000
# b = 1.000000
# E = 100000.000000
# tol = 0.000100
# s12 = 0.554977
# s13 = 0.152971
# psi0 = 0.822075 + I0.000000	0.548446 + I0.000000	0.152971 + I0.000000
# dh = 0.000100
# out = data/E1.0e5.0_tol1e-4.log
# model = sun
# scan_steps = 100.000000
# H0 = 
#	 0.000000e+00 0.000000e+00 0.000000e+00
#	 0.000000e+00 1.329698e+00 0.000000e+00
#	 0.000000e+00 0.000000e+00 4.351960e+01
# W = 
#	 6.758072e-01 4.508635e-01 1.257533e-01
#	 4.508635e-01 3.007928e-01 8.389608e-02
#	 1.257533e-01 8.389608e-02 2.340000e-02
# H0W = 
#	 0.000000e+00 -5.995123e-01 -5.472733e+00
#	 5.995123e-01 0.000000e+00 -3.539567e+00
#	 5.472733e+00 3.539567e+00 0.000000e+00
# H0H0W = 
#	 0.000000e+00 7.971702e-01 2.381711e+02
#	 7.971702e-01 0.000000e+00 1.493340e+02
#	 2.381711e+02 1.493340e+02 0.000000e+00
# WH0W = 
#	 1.917025e+00 6.794272e-01 -5.116015e+00
#	 6.794272e-01 5.331512e-02 -3.524697e+00
#	 -5.116015e+00 -3.524697e+00 -1.970340e+00
#################################################
##            CALCULATION COMPLETED            ##
#################################################
# Psi[0]^2 = 0.339270 + I0.000000
# Psi[1]^2 = 0.203360 + I0.000000
# Psi[2]^2 = 0.457370 + I0.000000
# phi0 = 3.114876 
# phi1 = -2.980662 
# phi2 = 0.742310 
# Psi = 
#	1.555968e-02+i(-5.822610e-01)
#	-7.225939e-02+i(-4.451275e-01)
#	4.571675e-01+i(4.983653e-01)
#ProbSurv b 1-|Psi|^2 calls E tol dh dh(prev) dh(last)
0.301152737063	1	-6.03961e-14	9001	100000	0.0001	0.0001	0.0001	5e-05
# a = 0.100000
# b = 1.000000
# E = 316227.766017
# tol = 0.000100
# s12 = 0.554977
# s13 = 0.152971
# psi0 = 0.822075 + I0.000000	0.548446 + I0.000000	0.152971 + I0.000000
# dh = 0.000100
# out = data/E1.0e5.5_tol1e-4.log
# model = sun
# scan_steps = 100.000000
# H0 = 
#	 0.000000e+00 0.000000e+00 0.000000e+00
#	 0.000000e+00 4.204874e-01 0.000000e+00
#	 0.000000e+00 0.000000e+00 1.376211e+01
# W = 
#	 6.758072e-01 4.508635e-01 1.257533e-01
#	 4.508635e-01 3.007928e-01 8.389608e-02
#	 1.257533e-01 8.389608e-02 2.340000e-02
# H0W = 
#	 0.000000e+00 -1.895824e-01 -1.730630e+00
#	 1.895824e-01 0.000000e+00 -1.119309e+00
#	 1.730630e+00 1.119309e+00 0.000000e+00
# H0H0W = 
#	 0.000000e+00 7.971702e-02 2.381711e+01
#	 7.971702e-02 0.000000e+00 1.493340e+01
#	 2.381711e+01 1.493340e+01 0.000000e+00
# WH0W = 
#	 6.062164e-01 2.148538e-01 -1.617826e+00
#	 2.148538e-01 1.685972e-02 -1.114607e+00
#	 -1.617826e+00 -1.114607e+00 -6.230762e-01
#################################################
##            CALCULATION COMPLETED            ##
#################################################
# Psi[0]^2 = 0.554858 + I0.000000
# Psi[1]^2 = 0.271931 + I0.000000
# Psi[2]^2 = 0.173211 + I0.000000
# phi0 = 2.532163 
# phi1 = 2.590407 
# phi2 = -1.436952 
# Psi = 
#	4.263735e-01+i(-6.107891e-01)
#	2.730924e-01+i(-4.442426e-01)
#	-4.124644e-01+i(5.553794e-02)
#ProbSurv b 1-|Psi|^2 calls E tol dh dh(prev) dh(last)
0.460824856696	1	-1.0858e-13	9001	316228	0.0001	0.0001	0.0001	5e-05
# a = 0.100000
# b = 1.000000
# E = 1000000.000000
# tol = 0.000100
# s12 = 0.554977
# s13 = 0.152971
# psi0 = 0.822075 + I0.000000	0.548446 + I0.000000	0.152971 + I0.000000
# dh = 0.000100
# out = data/E1.0e6.0_tol1e-4.log
# model = sun
# scan_steps = 100.000000
# H0 = 
#	 0.000000e+00 0.000000e+00 0.000000e+00
#	 0.000000e+00 1.329698e-01 0.000000e+00
#	 0.000000e+00 0.000000e+00 4.351960e+00
# W = 
#	 6.758072e-01 4.508635e-01 1.257533e-01
#	 4.508635e-01 3.007928e-01 8.389608e-02
#	 1.257533e-01 8.389608e-02 2.340000e-02
# H0W = 
#	 0.000000e+00 -5.995123e-02 -5.472733e-01
#	 5.995123e-02 0.000000e+00 -3.539567e-01
#	 5.472733e-01 3.539567e-01 0.000000e+00
# H0H0W = 
#	 0.000000e+00 7.971702e-03 2.381711e+00
#	 7.971702e-03 0.000000e+00 1.493340e+00
#	 2.381711e+00 1.493340e+00 0.000000e+00
# WH0W = 
#	 1.917025e-01 6.794272e-02 -5.116015e-01
#	 6.794272e-02 5.331512e-03 -3.524697e-01
#	 -5.116015e-01 -3.524697e-01 -1.970340e-01
#################################################
##            CALCULATION COMPLETED            ##
#################################################
# Psi[0]^2 = 0.648477 + I0.000000
# Psi[1]^2 = 0.297431 + I0.000000
# Psi[2]^2 = 0.054092 + I0.000000
# phi0 = 2.307848 
# phi1 = 2.326025 
# phi2 = 2.947555 
# Psi = 
#	5.962729e-01+i(-5.412357e-01)
#	3.970934e-01+i(-3.738281e-01)
#	4.484590e-02+i(-2.282120e-01)
#ProbSurv b 1-|Psi|^2 calls E tol dh dh(prev) dh(last)
0.528976503577	1	-8.39329e-14	9001	1e+06	0.0001	0.0001	0.0001	5e-05
# a = 0.100000
# b = 1.000000
# E = 1.100000
# tol = 0.000100
# s12 = 0.554977
# s13 = 0.152971
# psi0 = 0.822075 + I0.000000	0.548446 + I0.000000	0.152971 + I0.000000
# dh = 0.000100
# out = data/E1.1e0.0_tol1e-4.log
# model = sun
# scan_steps = 100.000000
# H0 = 
#	 0.000000e+00 0.000000e+00 0.000000e+00
#	 0.000000e+00 1.208816e+05 0.000000e+00
#	 0.000000e+00 0.000000e+00 3.956327e+06
# W = 
#	 6.758072e-01 4.508635e-01 1.257533e-01
#	 4.508635e-01 3.007928e-01 8.389608e-02
#	 1.257533e-01 8.389608e-02 2.340000e-02
# H0W = 
#	 0.000000e+00 -5.450112e+04 -4.975211e+05
#	 5.450112e+04 0.000000e+00 -3.217788e+05
#	 4.975211e+05 3.217788e+05 0.000000e+00
# H0H0W = 
#	 0.000000e+00 6.588184e+09 1.968356e+12
#	 6.588184e+09 0.000000e+00 1.234165e+12
#	 1.968356e+12 1.234165e+12 0.000000e+00
# WH0W = 
#	 1.742750e+05 6.176611e+04 -4.650923e+05
#	 6.176611e+04 4.846829e+03 -3.204270e+05
#	 -4.650923e+05 -3.204270e+05 -1.791218e+05
#################################################
##            CALCULATION COMPLETED            ##
#################################################
# Psi[0]^2 = 0.590677 + I0.000000
# Psi[1]^2 = 0.385653 + I0.000000
# Psi[2]^2 = 0.023670 + I0.000000
# phi0 = -1.317184 
# phi1 = -2.003381 
# phi2 = -2.932717 
# Psi = 
#	-7.439707e-01+i(1.928323e-01)
#	-5.638055e-01+i(-2.603386e-01)
#	-3.190269e-02+i(-1.505079e-01)
#ProbSurv b 1-|Psi|^2 calls E tol dh dh(prev) dh(last)
0.515739080602	1	4.94191e-11	383215	1.1	0.0001	0.0001	2.34856e-06	1.38455e-06
# a = 0.100000
# b = 1.000000
# E = 0.347851
# tol = 0.000100
# s12 = 0.554977
# s13 = 0.152971
# psi0 = 0.822075 + I0.000000	0.548446 + I0.000000	0.152971 + I0.000000
# dh = 0.000100
# out = data/E1.1e-0.5_tol1e-4.log
# model = sun
# scan_steps = 100.000000
# H0 = 
#	 0.000000e+00 0.000000e+00 0.000000e+00
#	 0.000000e+00 3.822613e+05 0.000000e+00
#	 0.000000e+00 0.000000e+00 1.251101e+07
# W = 
#	 6.758072e-01 4.508635e-01 1.257533e-01
#	 4.508635e-01 3.007928e-01 8.389608e-02
#	 1.257533e-01 8.389608e-02 2.340000e-02
# H0W = 
#	 0.000000e+00 -1.723477e+05 -1.573300e+06
#	 1.723477e+05 0.000000e+00 -1.017554e+06
#	 1.573300e+06 1.017554e+06 0.000000e+00
# H0H0W = 
#	 0.000000e+00 6.588184e+10 1.968356e+13
#	 6.588184e+10 0.000000e+00 1.234165e+13
#	 1.968356e+13 1.234165e+13 0.000000e+00
# WH0W = 
#	 5.511058e+05 1.953216e+05 -1.470751e+06
#	 1.953216e+05 1.532702e+04 -1.013279e+06
#	 -1.470751e+06 -1.013279e+06 -5.664329e+05
#################################################
##            CALCULATION COMPLETED            ##
#################################################
# Psi[0]^2 = 0.650491 + I0.000000
# Psi[1]^2 = 0.326024 + I0.000000
# Psi[2]^2 = 0.023485 + I0.000000
# phi0 = -2.109257 
# phi1 = -1.898153 
# phi2 = -0.693351 
# Psi = 
#	-6.924054e-01+i(-4.136012e-01)
#	-5.406631e-01+i(-1.835953e-01)
#	-9.794369e-02+i(1.178646e-01)
#ProbSurv b 1-|Psi|^2 calls E tol dh dh(prev) dh(last)
0.538221768905	1	4.37275e-11	1972094	0.347851	0.0001	0.0001	4.56368e-07	3.0006e-07
# a = 0.100000
# b = 1.000000
# E = 3.478505
# tol = 0.000100
# s12 = 0.554977
# s13 = 0.152971
# psi0 = 0.822075 + I0.000000	0.548446 + I0.000000	0.152971 + I0.000000
# dh = 0.000100
# out = data/E1.1e0.5_tol1e-4.log
# model = sun
# scan_steps = 100.000000
# H0 = 
#	 0.000000e+00 0.000000e+00 0.000000e+00
#	 0.000000e+00 3.822613e+04 0.000000e+00
#	 0.000000e+00 0.000000e+00 1.251101e+06
# W = 
#	 6.758072e-01 4.508635e-01 1.257533e-01
#	 4.508635e-01 3.007928e-01 8.389608e-02
#	 1.257533e-01 8.389608e-02 2.340000e-02
# H0W = 
#	 0.000000e+00 -1.723477e+04 -1.573300e+05
#	 1.723477e+04 0.000000e+00 -1.017554e+05
#	 1.573300e+05 1.017554e+05 0.000000e+00
# H0H0W = 
#	 0.000000e+00 6.588184e+08 1.968356e+11
#	 6.588184e+08 0.000000e+00 1.234165e+11
#	 1.968356e+11 1.234165e+11 0.000000e+00
# WH0W = 
#	 5.511058e+04 1.953216e+04 -1.470751e+05
#	 1.953216e+04 1.532702e+03 -1.013279e+05
#	 -1.470751e+05 -1.013279e+05 -5.664329e+04
#################################################
##            CALCULATION COMPLETED            ##
#################################################
# Psi[0]^2 = 0.383109 + I0.000000
# Psi[1]^2 = 0.592620 + I0.000000
# Psi[2]^2 = 0.024271 + I0.000000
# phi0 = -0.219846 
# phi1 = -0.455612 
# phi2 = 2.498330 
# Psi = 
#	-1.349818e-01+i(6.040601e-01)
#	-3.387296e-01+i(6.912905e-01)
#	9.344527e-02+i(-1.246556e-01)
#ProbSurv b 1-|Psi|^2 calls E tol dh dh(prev) dh(last)
 0.43773144709	1	-2.12739e-11	43635	3.47851	0.0001	0.0001	2.06265e-05	1.28488e-05
# a = 0.100000
# b = 1.000000
# E = 0.110000
# tol = 0.000100
# s12 = 0.554977
# s13 = 0.152971
# psi0 = 0.822075 + I0.000000	0.548446 + I0.000000	0.152971 + I0.000000
# dh = 0.000100
# out = data/E1.1e-1.0_tol1e-4.log
# model = sun
# scan_steps = 100.000000
# H0 = 
#	 0.000000e+00 0.000000e+00 0.000000e+00
#	 0.000000e+00 1.208816e+06 0.000000e+00
#	 0.000000e+00 0.000000e+00 3.956327e+07
# W = 
#	 6.758072e-01 4.508635e-01 1.257533e-01
#	 4.508635e-01 3.007928e-01 8.389608e-02
#	 1.257533e-01 8.389608e-02 2.340000e-02
# H0W = 
#	 0.000000e+00 -5.450112e+05 -4.975211e+06
#	 5.450112e+05 0.000000e+00 -3.217788e+06
#	 4.975211e+06 3.217788e+06 0.000000e+00
# H0H0W = 
#	 0.000000e+00 6.588184e+11 1.968356e+14
#	 6.588184e+11 0.000000e+00 1.234165e+14
#	 1.968356e+14 1.234165e+14 0.000000e+00
# WH0W = 
#	 1.742750e+06 6.176611e+05 -4.650923e+06
#	 6.176611e+05 4.846829e+04 -3.204270e+06
#	 -4.650923e+06 -3.204270e+06 -1.791218e+06
#################################################
##            CALCULATION COMPLETED            ##
#################################################
# Psi[0]^2 = 0.667975 + I0.000000
# Psi[1]^2 = 0.308598 + I0.000000
# Psi[2]^2 = 0.023427 + I0.000000
# phi0 = 0.922895 
# phi1 = 3.139556 
# phi2 = -1.565869 
# Psi = 
#	6.516736e-01+i(4.932508e-01)
#	1.131354e-03+i(-5.555151e-01)
#	-1.530564e-01+i(7.541912e-04)
#ProbSurv b 1-|Psi|^2 calls E tol dh dh(prev) dh(last)
0.544794556774	1	1.40112e-09	8935693	0.11	0.0001	0.0001	1.0072e-07	6.52764e-08
# a = 0.100000
# b = 1.000000
# E = 11.000000
# tol = 0.000100
# s12 = 0.554977
# s13 = 0.152971
# psi0 = 0.822075 + I0.000000	0.548446 + I0.000000	0.152971 + I0.000000
# dh = 0.000100
# out = data/E1.1e1.0_tol1e-4.log
# model = sun
# scan_steps = 100.000000
# H0 = 
#	 0.000000e+00 0.000000e+00 0.000000e+00
#	 0.000000e+00 1.208816e+04 0.000000e+00
#	 0.000000e+00 0.000000e+00 3.956327e+05
# W = 
#	 6.758072e-01 4.508635e-01 1.257533e-01
#	 4.508635e-01 3.007928e-01 8.389608e-02
#	 1.257533e-01 8.389608e-02 2.340000e-02
# H0W = 
#	 0.000000e+00 -5.450112e+03 -4.975211e+04
#	 5.450112e+03 0.000000e+00 -3.217788e+04
#	 4.975211e+04 3.217788e+04 0.000000e+00
# H0H0W = 
#	 0.000000e+00 6.588184e+07 1.968356e+10
#	 6.588184e+07 0.000000e+00 1.234165e+10
#	 1.968356e+10 1.234165e+10 0.000000e+00
# WH0W = 
#	 1.742750e+04 6.176611e+03 -4.650923e+04
#	 6.176611e+03 4.846829e+02 -3.204270e+04
#	 -4.650923e+04 -3.204270e+04 -1.791218e+04
#################################################
##            CALCULATION COMPLETED            ##
#################################################
# Psi[0]^2 = 0.074567 + I0.000000
# Psi[1]^2 = 0.899116 + I0.000000
# Psi[2]^2 = 0.026318 + I0.000000
# phi0 = 1.908253 
# phi1 = 2.727697 
# phi2 = -1.082194 
# Psi = 
#	2.576677e-01+i(-9.040978e-02)
#	3.813528e-01+i(-8.681507e-01)
#	-1.432454e-01+i(7.614839e-02)
#ProbSurv b 1-|Psi|^2 calls E tol dh dh(prev) dh(last)
0.321455966921	1	-8.45524e-12	17551	11	0.0001	0.0001	5.12846e-05	2.87183e-05
# a = 0.100000
# b = 1.000000
# E = 34.785054
# tol = 0.000100
# s12 = 0.554977
# s13 = 0.152971
# psi0 = 0.822075 + I0.000000	0.548446 + I0.000000	0.152971 + I0.000000
# dh = 0.000100
# out = data/E1.1e1.5_tol1e-4.log
# model = sun
# scan_steps = 100.000000
# H0 = 
#	 0.000000e+00 0.000000e+00 0.000000e+00
#	 0.000000e+00 3.822613e+03 0.000000e+00
#	 0.000000e+00 0.000000e+00 1.251101e+05
# W = 
#	 6.758072e-01 4.508635e-01 1.257533e-01
#	 4.508635e-01 3.007928e-01 8.389608e-02
#	 1.257533e-01 8.389608e-02 2.340000e-02
# H0W = 
#	 0.000000e+00 -1.723477e+03 -1.573300e+04
#	 1.723477e+03 0.000000e+00 -1.017554e+04
#	 1.573300e+04 1.017554e+04 0.000000e+00
# H0H0W = 
#	 0.000000e+00 6.588184e+06 1.968356e+09
#	 6.588184e+06 0.000000e+00 1.234165e+09
#	 1.968356e+09 1.234165e+09 0.000000e+00
# WH0W = 
#	 5.511058e+03 1.953216e+03 -1.470751e+04
#	 1.953216e+03 1.532702e+02 -1.013279e+04
#	 -1.470751e+04 -1.013279e+04 -5.664329e+03
#################################################
##            CALCULATION COMPLETED            ##
#################################################
# Psi[0]^2 = 0.006801 + I0.000000
# Psi[1]^2 = 0.958419 + I0.000000
# Psi[2]^2 = 0.034780 + I0.000000
# phi0 = 0.555403 
# phi1 = 0.645934 
# phi2 = -0.610432 
# Psi = 
#	4.348449e-02+i(7.007250e-02)
#	5.892969e-01+i(7.817596e-01)
#	-1.069024e-01+i(1.528133e-01)
#ProbSurv b 1-|Psi|^2 calls E tol dh dh(prev) dh(last)
0.293695565209	1	-2.08744e-12	9001	34.7851	0.0001	0.0001	0.0001	5e-05
# a = 0.100000
# b = 1.000000
# E = 110.000000
# tol = 0.000100
# s12 = 0.554977
# s13 = 0.152971
# psi0 = 0.822075 + I0.000000	0.548446 + I0.000000	0.152971 + I0.000000
# dh = 0.000100
# out = data/E1.1e2.0_tol1e-4.log
# model = sun
# scan_steps = 100.000000
# H0 = 
#	 0.000000e+00 0.000000e+00 0.000000e+00
#	 0.000000e+00 1.208816e+03 0.000000e+00
#	 0.000000e+00 0.000000e+00 3.956327e+04
# W = 
#	 6.758072e-01 4.508635e-01 1.257533e-01
#	 4.508635e-01 3.007928e-01 8.389608e-02
#	 1.257533e-01 8.389608e-02 2.340000e-02
# H0W = 
#	 0.000000e+00 -5.450112e+02 -4.975211e+03
#	 5.450112e+02 0.000000e+00 -3.217788e+03
#	 4.975211e+03 3.217788e+03 0.000000e+00
# H0H0W = 
#	 0.000000e+00 6.588184e+05 1.968356e+08
#	 6.588184e+05 0.000000e+00 1.234165e+08
#	 1.968356e+08 1.234165e+08 0.000000e+00
# WH0W = 
#	 1.742750e+03 6.176611e+02 -4.650923e+03
#	 6.176611e+02 4.846829e+01 -3.204270e+03
#	 -4.650923e+03 -3.204270e+03 -1.791218e+03
#################################################
##            CALCULATION COMPLETED            ##
#################################################
# Psi[0]^2 = 0.000651 + I0.000000
# Psi[1]^2 = 0.885053 + I0.000000
# Psi[2]^2 = 0.114297 + I0.000000
# phi0 = 2.192499 
# phi1 = 2.963734 
# phi2 = 1.279642 
# Psi = 
#	2.073427e-02+i(-1.485574e-02)
#	1.664439e-01+i(-9.259315e-01)
#	3.238494e-01+i(9.704799e-02)
#ProbSurv b 1-|Psi|^2 calls E tol dh dh(prev) dh(last)
0.269331692134	1	1.62714e-12	9001	110	0.0001	0.0001	0.0001	5e-05
# a = 0.100000
# b = 1.000000
# E = 347.850543
# tol = 0.000100
# s12 = 0.554977
# s13 = 0.152971
# psi0 = 0.822075 + I0.000000	0.548446 + I0.000000	0.152971 + I0.000000
# dh = 0.000100
# out = data/E1.1e2.5_tol1e-4.log
# model = sun
# scan_steps = 100.000000
# H0 = 
#	 0.000000e+00 0.000000e+00 0.000000e+00
#	 0.000000e+00 3.822613e+02 0.000000e+00
#	 0.000000e+00 0.000000e+00 1.251101e+04
# W = 
#	 6.758072e-01 4.508635e-01 1.257533e-01
#	 4.508635e-01 3.007928e-01 8.389608e-02
#	 1.257533e-01 8.389608e-02 2.340000e-02
# H0W = 
#	 0.000000e+00 -1.723477e+02 -1.573300e+03
#	 1.723477e+02 0.000000e+00 -1.017554e+03
#	 1.573300e+03 1.017554e+03 0.000000e+00
# H0H0W = 
#	 0.000000e+00 6.588184e+04 1.968356e+07
#	 6.588184e+04 0.000000e+00 1.234165e+07
#	 1.968356e+07 1.234165e+07 0.000000e+00
# WH0W = 
#	 5.511058e+02 1.953216e+02 -1.470751e+03
#	 1.953216e+02 1.532702e+01 -1.013279e+03
#	 -1.470751e+03 -1.013279e+03 -5.664329e+02
#################################################
##            CALCULATION COMPLETED            ##
#################################################
# Psi[0]^2 = 0.000063 + I0.000000
# Psi[1]^2 = 0.025915 + I0.000000
# Psi[2]^2 = 0.974022 + I0.000000
# phi0 = 2.581343 
# phi1 = 1.513836 
# phi2 = 0.104481 
# Psi = 
#	4.226278e-03+i(-6.737284e-03)
#	1.607194e-01+i(9.164604e-03)
#	1.029279e-01+i(9.815436e-01)
#ProbSurv b 1-|Psi|^2 calls E tol dh dh(prev) dh(last)
0.0306298209534	1	-3.82361e-13	9001	347.851	0.0001	0.0001	0.0001	5e-05
# a = 0.100000
# b = 1.000000
# E = 1100.000000
# tol = 0.000100
# s12 = 0.554977
# s13 = 0.152971
# psi0 = 0.822075 + I0.000000	0.548446 + I0.000000	0.152971 + I0.000000
# dh = 0.000100
# out = data/E1.1e3.0_tol1e-4.log
# model = sun
# scan_steps = 100.000000
# H0 = 
#	 0.000000e+00 0.000000e+00 0.000000e+00
#	 0.000000e+00 1.208816e+02 0.000000e+00
#	 0.000000e+00 0.000000e+00 3.956327e+03
# W = 
#	 6.758072e-01 4.508635e-01 1.257533e-01
#	 4.508635e-01 3.007928e-01 8.389608e-02
#	 1.257533e-01 8.389608e-02 2.340000e-02
# H0W = 
#	 0.000000e+00 -5.450112e+01 -4.975211e+02
#	 5.450112e+01 0.000000e+00 -3.217788e+02
#	 4.975211e+02 3.217788e+02 0.000000e+00
# H0H0W = 
#	 0.000000e+00 6.588184e+03 1.968356e+06
#	 6.588184e+03 0.000000e+00 1.234165e+06
#	 1.968356e+06 1.234165e+06 0.000000e+00
# WH0W = 
#	 1.742750e+02 6.176611e+01 -4.650923e+02
#	 6.176611e+01 4.846829e+00 -3.204270e+02
#	 -4.650923e+02 -3.204270e+02 -1.791218e+02
#################################################
##            CALCULATION COMPLETED            ##
#################################################
# Psi[0]^2 = 0.000007 + I0.000000
# Psi[1]^2 = 0.000941 + I0.000000
# Psi[2]^2 = 0.999053 + I0.000000
# phi0 = 2.689744 
# phi1 = 2.760846 
# phi2 = -0.013078 
# Psi = 
#	1.140662e-03+i(-2.350244e-03)
#	1.139684e-02+i(-2.847228e-02)
#	-1.307110e-02+i(9.994407e-01)
#ProbSurv b 1-|Psi|^2 calls E tol dh dh(prev) dh(last)
0.023665356728	1	-4.24105e-14	9001	1100	0.0001	0.0001	0.0001	5e-05
# a = 0.100000
# b = 1.000000
# E = 3478.505426
# tol = 0.000100
# s12 = 0.554977
# s13 = 0.152971
# psi0 = 0.822075 + I0.000000	0.548446 + I0.000000	0.152971 + I0.000000
# dh = 0.000100
# out = data/E1.1e3.5_tol1e-4.log
# model = sun
# scan_steps = 100.000000
# H0 = 
#	 0.000000e+00 0.000000e+00 0.000000e+00
#	 0.000000e+00 3.822613e+01 0.000000e+00
#	 0.000000e+00 0.000000e+00 1.251101e+03
# W = 
#	 6.758072e-01 4.508635e-01 1.257533e-01
#	 4.508635e-01 3.007928e-01 8.389608e-02
#	 1.257533e-01 8.389608e-02 2.340000e-02
# H0W = 
#	 0.000000e+00 -1.723477e+01 -1.573300e+02
#	 1.723477e+01 0.000000e+00 -1.017554e+02
#	 1.573300e+02 1.017554e+02 0.000000e+00
# H0H0W = 
#	 0.000000e+00 6.588184e+02 1.968356e+05
#	 6.588184e+02 0.000000e+00 1.234165e+05
#	 1.968356e+05 1.234165e+05 0.000000e+00
# WH0W = 
#	 5.511058e+01 1.953216e+01 -1.470751e+02
#	 1.953216e+01 1.532702e+00 -1.013279e+02
#	 -1.470751e+02 -1.013279e+02 -5.664329e+01
#################################################
##            CALCULATION COMPLETED            ##
#################################################
# Psi[0]^2 = 0.000000 + I0.000000
# Psi[1]^2 = 0.000070 + I0.000000
# Psi[2]^2 = 0.999930 + I0.000000
# phi0 = -0.302131 
# phi1 = 0.081293 
# phi2 = -2.755093 
# Psi = 
#	-1.671002e-04+i(5.361406e-04)
#	6.790989e-04+i(8.335330e-03)
#	-3.769352e-01+i(-9.262017e-01)
#ProbSurv b 1-|Psi|^2 calls E tol dh dh(prev) dh(last)
0.023419606298	1	-5.66214e-14	9001	3478.51	0.0001	0.0001	0.0001	5e-05
# a = 0.100000
# b = 1.000000
# E = 11000.000000
# tol = 0.000100
# s12 = 0.554977
# s13 = 0.152971
# psi0 = 0.822075 + I0.000000	0.548446 + I0.000000	0.152971 + I0.000000
# dh = 0.000100
# out = data/E1.1e4.0_tol1e-4.log
# model = sun
# scan_steps = 100.000000
# H0 = 
#	 0.000000e+00 0.000000e+00 0.000000e+00
#	 0.000000e+00 1.208816e+01 0.000000e+00
#	 0.000000e+00 0.000000e+00 3.956327e+02
# W = 
#	 6.758072e-01 4.508635e-01 1.257533e-01
#	 4.508635e-01 3.007928e-01 8.389608e-02
#	 1.257533e-01 8.389608e-02 2.340000e-02
# H0W = 
#	 0.000000e+00 -5.450112e+00 -4.975211e+01
#	 5.450112e+00 0.000000e+00 -3.217788e+01
#	 4.975211e+01 3.217788e+01 0.000000e+00
# H0H0W = 
#	 0.000000e+00 6.588184e+01 1.968356e+04
#	 6.588184e+01 0.000000e+00 1.234165e+04
#	 1.968356e+04 1.234165e+04 0.000000e+00
# WH0W = 
#	 1.742750e+01 6.176611e+00 -4.650923e+01
#	 6.176611e+00 4.846829e-01 -3.204270e+01
#	 -4.650923e+01 -3.204270e+01 -1.791218e+01
#################################################
##            CALCULATION COMPLETED            ##
#################################################
# Psi[0]^2 = 0.000555 + I0.000000
# Psi[1]^2 = 0.003949 + I0.000000
# Psi[2]^2 = 0.995496 + I0.000000
# phi0 = 2.323245 
# phi1 = -1.974038 
# phi2 = 1.689721 
# Psi = 
#	1.719155e-02+i(-1.609438e-02)
#	-5.780102e-02+i(-2.465903e-02)
#	9.906984e-01+i(-1.183772e-01)
#ProbSurv b 1-|Psi|^2 calls E tol dh dh(prev) dh(last)
0.0248572423362	1	-9.85878e-14	9001	11000	0.0001	0.0001	0.0001	5e-05
# a = 0.100000
# b = 1.000000
# E = 34785.054262
# tol = 0.000100
# s12 = 0.554977
# s13 = 0.152971
# psi0 = 0.822075 + I0.000000	0.548446 + I0.000000	0.152971 + I0.000000
# dh = 0.000100
# out = data/E1.1e4.5_tol1e-4.log
# model = sun
# scan_steps = 100.000000
# H0 = 
#	 0.000000e+00 0.000000e+00 0.000000e+00
#	 0.000000e+00 3.822613e+00 0.000000e+00
#	 0.000000e+00 0.000000e+00 1.251101e+02
# W = 
#	 6.758072e-01 4.508635e-01 1.257533e-01
#	 4.508635e-01 3.007928e-01 8.389608e-02
#	 1.257533e-01 8.389608e-02 2.340000e-02
# H0W = 
#	 0.000000e+00 -1.723477e+00 -1.573300e+01
#	 1.723477e+00 0.000000e+00 -1.017554e+01
#	 1.573300e+01 1.017554e+01 0.000000e+00
# H0H0W = 
#	 0.000000e+00 6.588184e+00 1.968356e+03
#	 6.588184e+00 0.000000e+00 1.234165e+03
#	 1.968356e+03 1.234165e+03 0.000000e+00
# WH0W = 
#	 5.511058e+00 1.953216e+00 -1.470751e+01
#	 1.953216e+00 1.532702e-01 -1.013279e+01
#	 -1.470751e+01 -1.013279e+01 -5.664329e+00
#################################################
##            CALCULATION COMPLETED            ##
#################################################
# Psi[0]^2 = 0.086619 + I0.000000
# Psi[1]^2 = 0.090162 + I0.000000
# Psi[2]^2 = 0.823220 + I0.000000
# phi0 = -1.730292 
# phi1 = -1.182245 
# phi2 = 0.850894 
# Psi = 
#	-2.905749e-01+i(-4.674254e-02)
#	-2.778871e-01+i(1.137567e-01)
