# a = 0.100000
# b = 1.000000
# E = 0.031623
# tol = 0.000500
# s12 = 0.554977
# s13 = 0.152971
# psi0 = 0.822075 + I0.000000	0.548446 + I0.000000	0.152971 + I0.000000
# dh = 0.000100
# out = data191214/E-1.5_tol5e-4.log
# model = sun
# H0 = 
#	 0.000000e+00 0.000000e+00 0.000000e+00
#	 0.000000e+00 4.204874e+06 0.000000e+00
#	 0.000000e+00 0.000000e+00 1.376211e+08
# W = 
#	 6.758072e-01 4.508635e-01 1.257533e-01
#	 4.508635e-01 3.007928e-01 8.389608e-02
#	 1.257533e-01 8.389608e-02 2.340000e-02
# H0W = 
#	 0.000000e+00 -1.895824e+06 -1.730630e+07
#	 1.895824e+06 0.000000e+00 -1.119309e+07
#	 1.730630e+07 1.119309e+07 0.000000e+00
# H0H0W = 
#	 0.000000e+00 7.971702e+12 2.381711e+15
#	 7.971702e+12 0.000000e+00 1.493340e+15
#	 2.381711e+15 1.493340e+15 0.000000e+00
# WH0W = 
#	 6.062164e+06 2.148538e+06 -1.617826e+07
#	 2.148538e+06 1.685972e+05 -1.114607e+07
#	 -1.617826e+07 -1.114607e+07 -6.230762e+06
#################################################
##            CALCULATION COMPLETED            ##
#################################################
# Psi[0]^2 = 0.673573 + I0.000000
# Psi[1]^2 = 0.303020 + I0.000000
# Psi[2]^2 = 0.023408 + I0.000000
# phi0 = -2.331071 
# phi1 = -2.147180 
# phi2 = -0.049548 
# Psi = 
#	-5.947283e-01+i(-5.655712e-01)
#	-4.615373e-01+i(-3.000050e-01)
#	-7.577586e-03+i(1.528080e-01)
#ProbSurv b 1-|Psi|^2 calls E tol dh dh(prev) dh(last)
0.546899096712	1	2.3303e-09	25023602	0.0316228	0.0005	0.0001	3.5966e-08	3.21437e-08
