# a = 0.100000
# b = 1.000000
# E = 0.003162
# tol = 0.000500
# s12 = 0.554977
# s13 = 0.152971
# psi0 = 0.822075 + I0.000000	0.548446 + I0.000000	0.152971 + I0.000000
# dh = 0.000100
# out = data191214/E-2.5_tol5e-4.log
# model = sun
# H0 = 
#	 0.000000e+00 0.000000e+00 0.000000e+00
#	 0.000000e+00 4.204874e+07 0.000000e+00
#	 0.000000e+00 0.000000e+00 1.376211e+09
# W = 
#	 6.758072e-01 4.508635e-01 1.257533e-01
#	 4.508635e-01 3.007928e-01 8.389608e-02
#	 1.257533e-01 8.389608e-02 2.340000e-02
# H0W = 
#	 0.000000e+00 -1.895824e+07 -1.730630e+08
#	 1.895824e+07 0.000000e+00 -1.119309e+08
#	 1.730630e+08 1.119309e+08 0.000000e+00
# H0H0W = 
#	 0.000000e+00 7.971702e+14 2.381711e+17
#	 7.971702e+14 0.000000e+00 1.493340e+17
#	 2.381711e+17 1.493340e+17 0.000000e+00
# WH0W = 
#	 6.062164e+07 2.148538e+07 -1.617826e+08
#	 2.148538e+07 1.685972e+06 -1.114607e+08
#	 -1.617826e+08 -1.114607e+08 -6.230762e+07
#################################################
##            CALCULATION COMPLETED            ##
#################################################
# Psi[0]^2 = 0.675584 + I0.000000
# Psi[1]^2 = 0.301015 + I0.000000
# Psi[2]^2 = 0.023401 + I0.000000
# phi0 = -1.236088 
# phi1 = -1.879521 
# phi2 = 0.625550 
# Psi = 
#	-7.763267e-01+i(2.700022e-01)
#	-5.227091e-01+i(-1.667033e-01)
#	8.957234e-02+i(1.240063e-01)
#ProbSurv b 1-|Psi|^2 calls E tol dh dh(prev) dh(last)
 0.54765541402	1	7.0371e-08	598776553	0.00316228	0.0005	0.0001	1.50306e-09	1.21273e-09
