# a = 0.100000
# b = 1.000000
# E = 0.010000
# tol = 0.000500
# s12 = 0.554977
# s13 = 0.152971
# psi0 = 0.822075 + I0.000000	0.548446 + I0.000000	0.152971 + I0.000000
# dh = 0.000100
# out = data191214/E-2.0_tol5e-4.log
# model = sun
# H0 = 
#	 0.000000e+00 0.000000e+00 0.000000e+00
#	 0.000000e+00 1.329698e+07 0.000000e+00
#	 0.000000e+00 0.000000e+00 4.351960e+08
# W = 
#	 6.758072e-01 4.508635e-01 1.257533e-01
#	 4.508635e-01 3.007928e-01 8.389608e-02
#	 1.257533e-01 8.389608e-02 2.340000e-02
# H0W = 
#	 0.000000e+00 -5.995123e+06 -5.472733e+07
#	 5.995123e+06 0.000000e+00 -3.539567e+07
#	 5.472733e+07 3.539567e+07 0.000000e+00
# H0H0W = 
#	 0.000000e+00 7.971702e+13 2.381711e+16
#	 7.971702e+13 0.000000e+00 1.493340e+16
#	 2.381711e+16 1.493340e+16 0.000000e+00
# WH0W = 
#	 1.917025e+07 6.794272e+06 -5.116015e+07
#	 6.794272e+06 5.331512e+05 -3.524697e+07
#	 -5.116015e+07 -3.524697e+07 -1.970340e+07
#################################################
##            CALCULATION COMPLETED            ##
#################################################
# Psi[0]^2 = 0.675102 + I0.000000
# Psi[1]^2 = 0.301496 + I0.000000
# Psi[2]^2 = 0.023402 + I0.000000
# phi0 = -1.498923 
# phi1 = -2.531027 
# phi2 = 2.931820 
# Psi = 
#	-8.195246e-01+i(5.900334e-02)
#	-3.148080e-01+i(-4.498794e-01)
#	3.185583e-02+i(-1.496250e-01)
#ProbSurv b 1-|Psi|^2 calls E tol dh dh(prev) dh(last)
0.547474103877	1	4.83854e-09	75392554	0.01	0.0005	0.0001	1.19375e-08	8.71025e-09
