# a = 0.100000
# b = 1.000000
# E = 316.227766
# tol = 0.000500
# s12 = 0.554977
# s13 = 0.152971
# psi0 = 0.822075 + I0.000000	0.548446 + I0.000000	0.152971 + I0.000000
# dh = 0.000100
# out = data191214/E2.5_tol5e-4.log
# model = sun
# H0 = 
#	 0.000000e+00 0.000000e+00 0.000000e+00
#	 0.000000e+00 4.204874e+02 0.000000e+00
#	 0.000000e+00 0.000000e+00 1.376211e+04
# W = 
#	 6.758072e-01 4.508635e-01 1.257533e-01
#	 4.508635e-01 3.007928e-01 8.389608e-02
#	 1.257533e-01 8.389608e-02 2.340000e-02
# H0W = 
#	 0.000000e+00 -1.895824e+02 -1.730630e+03
#	 1.895824e+02 0.000000e+00 -1.119309e+03
#	 1.730630e+03 1.119309e+03 0.000000e+00
# H0H0W = 
#	 0.000000e+00 7.971702e+04 2.381711e+07
#	 7.971702e+04 0.000000e+00 1.493340e+07
#	 2.381711e+07 1.493340e+07 0.000000e+00
# WH0W = 
#	 6.062164e+02 2.148538e+02 -1.617826e+03
#	 2.148538e+02 1.685972e+01 -1.114607e+03
#	 -1.617826e+03 -1.114607e+03 -6.230762e+02
#################################################
##            CALCULATION COMPLETED            ##
#################################################
# Psi[0]^2 = 0.000079 + I0.000000
# Psi[1]^2 = 0.037727 + I0.000000
# Psi[2]^2 = 0.962194 + I0.000000
# phi0 = -1.111130 
# phi1 = -0.429185 
# phi2 = -2.474881 
# Psi = 
#	-7.973729e-03+i(3.947261e-03)
#	-8.082626e-02+i(1.766173e-01)
#	-6.066025e-01+i(-7.708616e-01)
#ProbSurv b 1-|Psi|^2 calls E tol dh dh(prev) dh(last)
0.0339167206823	1	-4.17e-13	9001	316.228	0.0005	0.0001	0.0001	5e-05
