# a = 0.100000
# b = 1.000000
# E = 3162.277660
# tol = 0.000500
# s12 = 0.554977
# s13 = 0.152971
# psi0 = 0.822075 + I0.000000	0.548446 + I0.000000	0.152971 + I0.000000
# dh = 0.000100
# out = data191214/E3.5_tol5e-4.log
# model = sun
# H0 = 
#	 0.000000e+00 0.000000e+00 0.000000e+00
#	 0.000000e+00 4.204874e+01 0.000000e+00
#	 0.000000e+00 0.000000e+00 1.376211e+03
# W = 
#	 6.758072e-01 4.508635e-01 1.257533e-01
#	 4.508635e-01 3.007928e-01 8.389608e-02
#	 1.257533e-01 8.389608e-02 2.340000e-02
# H0W = 
#	 0.000000e+00 -1.895824e+01 -1.730630e+02
#	 1.895824e+01 0.000000e+00 -1.119309e+02
#	 1.730630e+02 1.119309e+02 0.000000e+00
# H0H0W = 
#	 0.000000e+00 7.971702e+02 2.381711e+05
#	 7.971702e+02 0.000000e+00 1.493340e+05
#	 2.381711e+05 1.493340e+05 0.000000e+00
# WH0W = 
#	 6.062164e+01 2.148538e+01 -1.617826e+02
#	 2.148538e+01 1.685972e+00 -1.114607e+02
#	 -1.617826e+02 -1.114607e+02 -6.230762e+01
#################################################
##            CALCULATION COMPLETED            ##
#################################################
# Psi[0]^2 = 0.000001 + I0.000000
# Psi[1]^2 = 0.000092 + I0.000000
# Psi[2]^2 = 0.999908 + I0.000000
# phi0 = 1.685026 
# phi1 = 2.617741 
# phi2 = 2.466621 
# Psi = 
#	9.006672e-04+i(-1.033326e-04)
#	4.785581e-03+i(-8.284038e-03)
#	6.248463e-01+i(-7.806887e-01)
#ProbSurv b 1-|Psi|^2 calls E tol dh dh(prev) dh(last)
0.0234259251531	1	-2.62013e-14	9001	3162.28	0.0005	0.0001	0.0001	5e-05
