# a = 0.100000
# b = 1.000000
# E = 1000000.000000
# tol = 0.000500
# s12 = 0.554977
# s13 = 0.152971
# psi0 = 0.822075 + I0.000000	0.548446 + I0.000000	0.152971 + I0.000000
# dh = 0.000100
# out = data191214/E6.0_tol5e-4.log
# model = sun
# H0 = 
#	 0.000000e+00 0.000000e+00 0.000000e+00
#	 0.000000e+00 1.329698e-01 0.000000e+00
#	 0.000000e+00 0.000000e+00 4.351960e+00
# W = 
#	 6.758072e-01 4.508635e-01 1.257533e-01
#	 4.508635e-01 3.007928e-01 8.389608e-02
#	 1.257533e-01 8.389608e-02 2.340000e-02
# H0W = 
#	 0.000000e+00 -5.995123e-02 -5.472733e-01
#	 5.995123e-02 0.000000e+00 -3.539567e-01
#	 5.472733e-01 3.539567e-01 0.000000e+00
# H0H0W = 
#	 0.000000e+00 7.971702e-03 2.381711e+00
#	 7.971702e-03 0.000000e+00 1.493340e+00
#	 2.381711e+00 1.493340e+00 0.000000e+00
# WH0W = 
#	 1.917025e-01 6.794272e-02 -5.116015e-01
#	 6.794272e-02 5.331512e-03 -3.524697e-01
#	 -5.116015e-01 -3.524697e-01 -1.970340e-01
#################################################
##            CALCULATION COMPLETED            ##
#################################################
# Psi[0]^2 = 0.648477 + I0.000000
# Psi[1]^2 = 0.297431 + I0.000000
# Psi[2]^2 = 0.054092 + I0.000000
# phi0 = 2.307848 
# phi1 = 2.326025 
# phi2 = 2.947555 
# Psi = 
#	5.962729e-01+i(-5.412357e-01)
#	3.970934e-01+i(-3.738281e-01)
#	4.484590e-02+i(-2.282120e-01)
#ProbSurv b 1-|Psi|^2 calls E tol dh dh(prev) dh(last)
0.528976503577	1	-8.39329e-14	9001	1e+06	0.0005	0.0001	0.0001	5e-05
