# a = 0.100000
# b = 1.000000
# E = 1.000000
# tol = 0.000500
# s12 = 0.554977
# s13 = 0.152971
# psi0 = 0.822075 + I0.000000	0.548446 + I0.000000	0.152971 + I0.000000
# dh = 0.000100
# out = data191214/E0.0_tol5e-4.log
# model = sun
# H0 = 
#	 0.000000e+00 0.000000e+00 0.000000e+00
#	 0.000000e+00 1.329698e+05 0.000000e+00
#	 0.000000e+00 0.000000e+00 4.351960e+06
# W = 
#	 6.758072e-01 4.508635e-01 1.257533e-01
#	 4.508635e-01 3.007928e-01 8.389608e-02
#	 1.257533e-01 8.389608e-02 2.340000e-02
# H0W = 
#	 0.000000e+00 -5.995123e+04 -5.472733e+05
#	 5.995123e+04 0.000000e+00 -3.539567e+05
#	 5.472733e+05 3.539567e+05 0.000000e+00
# H0H0W = 
#	 0.000000e+00 7.971702e+09 2.381711e+12
#	 7.971702e+09 0.000000e+00 1.493340e+12
#	 2.381711e+12 1.493340e+12 0.000000e+00
# WH0W = 
#	 1.917025e+05 6.794272e+04 -5.116015e+05
#	 6.794272e+04 5.331512e+03 -3.524697e+05
#	 -5.116015e+05 -3.524697e+05 -1.970340e+05
#################################################
##            CALCULATION COMPLETED            ##
#################################################
# Psi[0]^2 = 0.598985 + I0.000000
# Psi[1]^2 = 0.377370 + I0.000000
# Psi[2]^2 = 0.023646 + I0.000000
# phi0 = 2.852132 
# phi1 = -3.006951 
# phi2 = -1.602895 
# Psi = 
#	2.209099e-01+i(-7.417435e-01)
#	-8.246102e-02+i(-6.087446e-01)
#	-1.536922e-01+i(-4.934981e-03)
#ProbSurv b 1-|Psi|^2 calls E tol dh dh(prev) dh(last)
0.518861494957	1	-1.49047e-11	283033	1	0.0005	0.0001	3.17986e-06	1.87445e-06
# a = 0.100000
# b = 1.000000
# E = 0.316228
# tol = 0.000500
# s12 = 0.554977
# s13 = 0.152971
# psi0 = 0.822075 + I0.000000	0.548446 + I0.000000	0.152971 + I0.000000
# dh = 0.000100
# out = data191214/E-0.5_tol5e-4.log
# model = sun
# H0 = 
#	 0.000000e+00 0.000000e+00 0.000000e+00
#	 0.000000e+00 4.204874e+05 0.000000e+00
#	 0.000000e+00 0.000000e+00 1.376211e+07
# W = 
#	 6.758072e-01 4.508635e-01 1.257533e-01
#	 4.508635e-01 3.007928e-01 8.389608e-02
#	 1.257533e-01 8.389608e-02 2.340000e-02
# H0W = 
#	 0.000000e+00 -1.895824e+05 -1.730630e+06
#	 1.895824e+05 0.000000e+00 -1.119309e+06
#	 1.730630e+06 1.119309e+06 0.000000e+00
# H0H0W = 
#	 0.000000e+00 7.971702e+10 2.381711e+13
#	 7.971702e+10 0.000000e+00 1.493340e+13
#	 2.381711e+13 1.493340e+13 0.000000e+00
# WH0W = 
#	 6.062164e+05 2.148538e+05 -1.617826e+06
#	 2.148538e+05 1.685972e+04 -1.114607e+06
#	 -1.617826e+06 -1.114607e+06 -6.230762e+05
#################################################
##            CALCULATION COMPLETED            ##
#################################################
# Psi[0]^2 = 0.652858 + I0.000000
# Psi[1]^2 = 0.323665 + I0.000000
# Psi[2]^2 = 0.023477 + I0.000000
# phi0 = -0.860220 
# phi1 = -0.069349 
# phi2 = -1.005015 
# Psi = 
#	-6.124501e-01+i(5.270320e-01)
#	-3.942204e-02+i(5.675480e-01)
#	-1.293462e-01+i(8.213911e-02)
#ProbSurv b 1-|Psi|^2 calls E tol dh dh(prev) dh(last)
0.539111493234	1	1.13597e-10	751739	0.316228	0.0005	0.0001	1.19723e-06	9.31472e-07
# a = 0.100000
# b = 1.000000
# E = 3.162278
# tol = 0.000500
# s12 = 0.554977
# s13 = 0.152971
# psi0 = 0.822075 + I0.000000	0.548446 + I0.000000	0.152971 + I0.000000
# dh = 0.000100
# out = data191214/E0.5_tol5e-4.log
# model = sun
# H0 = 
#	 0.000000e+00 0.000000e+00 0.000000e+00
#	 0.000000e+00 4.204874e+04 0.000000e+00
#	 0.000000e+00 0.000000e+00 1.376211e+06
# W = 
#	 6.758072e-01 4.508635e-01 1.257533e-01
#	 4.508635e-01 3.007928e-01 8.389608e-02
#	 1.257533e-01 8.389608e-02 2.340000e-02
# H0W = 
#	 0.000000e+00 -1.895824e+04 -1.730630e+05
#	 1.895824e+04 0.000000e+00 -1.119309e+05
#	 1.730630e+05 1.119309e+05 0.000000e+00
# H0H0W = 
#	 0.000000e+00 7.971702e+08 2.381711e+11
#	 7.971702e+08 0.000000e+00 1.493340e+11
#	 2.381711e+11 1.493340e+11 0.000000e+00
# WH0W = 
#	 6.062164e+04 2.148538e+04 -1.617826e+05
#	 2.148538e+04 1.685972e+03 -1.114607e+05
#	 -1.617826e+05 -1.114607e+05 -6.230762e+04
#################################################
##            CALCULATION COMPLETED            ##
#################################################
# Psi[0]^2 = 0.409839 + I0.000000
# Psi[1]^2 = 0.565971 + I0.000000
# Psi[2]^2 = 0.024190 + I0.000000
# phi0 = 1.770481 
# phi1 = 1.045968 
# phi2 = 0.539610 
# Psi = 
#	6.274659e-01+i(-1.269877e-01)
#	6.510570e-01+i(3.769557e-01)
#	7.991196e-02+i(1.334313e-01)
#ProbSurv b 1-|Psi|^2 calls E tol dh dh(prev) dh(last)
0.447778380362	1	-1.43503e-11	34420	3.16228	0.0005	0.0001	2.61486e-05	2.16039e-05
# a = 0.100000
# b = 1.000000
# E = 0.100000
# tol = 0.000500
# s12 = 0.554977
# s13 = 0.152971
# psi0 = 0.822075 + I0.000000	0.548446 + I0.000000	0.152971 + I0.000000
# dh = 0.000100
# out = data191214/E-1.0_tol5e-4.log
# model = sun
# H0 = 
#	 0.000000e+00 0.000000e+00 0.000000e+00
#	 0.000000e+00 1.329698e+06 0.000000e+00
#	 0.000000e+00 0.000000e+00 4.351960e+07
# W = 
#	 6.758072e-01 4.508635e-01 1.257533e-01
#	 4.508635e-01 3.007928e-01 8.389608e-02
#	 1.257533e-01 8.389608e-02 2.340000e-02
# H0W = 
#	 0.000000e+00 -5.995123e+05 -5.472733e+06
#	 5.995123e+05 0.000000e+00 -3.539567e+06
#	 5.472733e+06 3.539567e+06 0.000000e+00
# H0H0W = 
#	 0.000000e+00 7.971702e+11 2.381711e+14
#	 7.971702e+11 0.000000e+00 1.493340e+14
#	 2.381711e+14 1.493340e+14 0.000000e+00
# WH0W = 
#	 1.917025e+06 6.794272e+05 -5.116015e+06
#	 6.794272e+05 5.331512e+04 -3.524697e+06
#	 -5.116015e+06 -3.524697e+06 -1.970340e+06
#################################################
##            CALCULATION COMPLETED            ##
#################################################
# Psi[0]^2 = 0.668694 + I0.000000
# Psi[1]^2 = 0.307882 + I0.000000
# Psi[2]^2 = 0.023424 + I0.000000
# phi0 = 1.310509 
# phi1 = 2.860953 
# phi2 = -0.697333 
# Psi = 
#	7.901926e-01+i(2.104511e-01)
#	1.536827e-01+i(-5.331634e-01)
#	-9.828519e-02+i(1.173219e-01)
#ProbSurv b 1-|Psi|^2 calls E tol dh dh(prev) dh(last)
0.545064912862	1	-2.58307e-11	6101104	0.1	0.0005	0.0001	1.47514e-07	9.34385e-08
# a = 0.100000
# b = 1.000000
# E = 10.000000
# tol = 0.000500
# s12 = 0.554977
# s13 = 0.152971
# psi0 = 0.822075 + I0.000000	0.548446 + I0.000000	0.152971 + I0.000000
# dh = 0.000100
# out = data191214/E1.0_tol5e-4.log
# model = sun
# H0 = 
#	 0.000000e+00 0.000000e+00 0.000000e+00
#	 0.000000e+00 1.329698e+04 0.000000e+00
#	 0.000000e+00 0.000000e+00 4.351960e+05
# W = 
#	 6.758072e-01 4.508635e-01 1.257533e-01
#	 4.508635e-01 3.007928e-01 8.389608e-02
#	 1.257533e-01 8.389608e-02 2.340000e-02
# H0W = 
#	 0.000000e+00 -5.995123e+03 -5.472733e+04
#	 5.995123e+03 0.000000e+00 -3.539567e+04
#	 5.472733e+04 3.539567e+04 0.000000e+00
# H0H0W = 
#	 0.000000e+00 7.971702e+07 2.381711e+10
#	 7.971702e+07 0.000000e+00 1.493340e+10
#	 2.381711e+10 1.493340e+10 0.000000e+00
# WH0W = 
#	 1.917025e+04 6.794272e+03 -5.116015e+04
#	 6.794272e+03 5.331512e+02 -3.524697e+04
#	 -5.116015e+04 -3.524697e+04 -1.970340e+04
#################################################
##            CALCULATION COMPLETED            ##
#################################################
# Psi[0]^2 = 0.089744 + I0.000000
# Psi[1]^2 = 0.884219 + I0.000000
# Psi[2]^2 = 0.026037 + I0.000000
# phi0 = -0.974035 
# phi1 = 0.413306 
# phi2 = -1.091280 
# Psi = 
#	-2.477950e-01+i(1.683503e-01)
#	3.776732e-01+i(8.611517e-01)
#	-1.431602e-01+i(7.444282e-02)
#ProbSurv b 1-|Psi|^2 calls E tol dh dh(prev) dh(last)
 0.32722579772	1	-1.44227e-11	11479	10	0.0005	0.0001	7.84169e-05	4.37775e-05
# a = 0.100000
# b = 1.000000
# E = 0.031623
# tol = 0.000500
# s12 = 0.554977
# s13 = 0.152971
# psi0 = 0.822075 + I0.000000	0.548446 + I0.000000	0.152971 + I0.000000
# dh = 0.000100
# out = data191214/E-1.5_tol5e-4.log
# model = sun
# H0 = 
#	 0.000000e+00 0.000000e+00 0.000000e+00
#	 0.000000e+00 4.204874e+06 0.000000e+00
#	 0.000000e+00 0.000000e+00 1.376211e+08
# W = 
#	 6.758072e-01 4.508635e-01 1.257533e-01
#	 4.508635e-01 3.007928e-01 8.389608e-02
#	 1.257533e-01 8.389608e-02 2.340000e-02
# H0W = 
#	 0.000000e+00 -1.895824e+06 -1.730630e+07
#	 1.895824e+06 0.000000e+00 -1.119309e+07
#	 1.730630e+07 1.119309e+07 0.000000e+00
# H0H0W = 
#	 0.000000e+00 7.971702e+12 2.381711e+15
#	 7.971702e+12 0.000000e+00 1.493340e+15
#	 2.381711e+15 1.493340e+15 0.000000e+00
# WH0W = 
#	 6.062164e+06 2.148538e+06 -1.617826e+07
#	 2.148538e+06 1.685972e+05 -1.114607e+07
#	 -1.617826e+07 -1.114607e+07 -6.230762e+06
#################################################
##            CALCULATION COMPLETED            ##
#################################################
# Psi[0]^2 = 0.673573 + I0.000000
# Psi[1]^2 = 0.303020 + I0.000000
# Psi[2]^2 = 0.023408 + I0.000000
# phi0 = -2.331071 
# phi1 = -2.147180 
# phi2 = -0.049548 
# Psi = 
#	-5.947283e-01+i(-5.655712e-01)
#	-4.615373e-01+i(-3.000050e-01)
#	-7.577586e-03+i(1.528080e-01)
#ProbSurv b 1-|Psi|^2 calls E tol dh dh(prev) dh(last)
0.546899096712	1	2.3303e-09	25023602	0.0316228	0.0005	0.0001	3.5966e-08	3.21437e-08
# a = 0.100000
# b = 1.000000
# E = 31.622777
# tol = 0.000500
# s12 = 0.554977
# s13 = 0.152971
# psi0 = 0.822075 + I0.000000	0.548446 + I0.000000	0.152971 + I0.000000
# dh = 0.000100
# out = data191214/E1.5_tol5e-4.log
# model = sun
# H0 = 
#	 0.000000e+00 0.000000e+00 0.000000e+00
#	 0.000000e+00 4.204874e+03 0.000000e+00
#	 0.000000e+00 0.000000e+00 1.376211e+05
# W = 
#	 6.758072e-01 4.508635e-01 1.257533e-01
#	 4.508635e-01 3.007928e-01 8.389608e-02
#	 1.257533e-01 8.389608e-02 2.340000e-02
# H0W = 
#	 0.000000e+00 -1.895824e+03 -1.730630e+04
#	 1.895824e+03 0.000000e+00 -1.119309e+04
#	 1.730630e+04 1.119309e+04 0.000000e+00
# H0H0W = 
#	 0.000000e+00 7.971702e+06 2.381711e+09
#	 7.971702e+06 0.000000e+00 1.493340e+09
#	 2.381711e+09 1.493340e+09 0.000000e+00
# WH0W = 
#	 6.062164e+03 2.148538e+03 -1.617826e+04
#	 2.148538e+03 1.685972e+02 -1.114607e+04
#	 -1.617826e+04 -1.114607e+04 -6.230762e+03
#################################################
##            CALCULATION COMPLETED            ##
#################################################
# Psi[0]^2 = 0.008244 + I0.000000
# Psi[1]^2 = 0.958068 + I0.000000
# Psi[2]^2 = 0.033688 + I0.000000
# phi0 = 2.092860 
# phi1 = -1.894036 
# phi2 = -0.704956 
# Psi = 
#	7.870153e-02+i(-4.527737e-02)
#	-9.281183e-01+i(-3.109089e-01)
#	-1.189361e-01+i(1.397938e-01)
#ProbSurv b 1-|Psi|^2 calls E tol dh dh(prev) dh(last)
0.294539567637	1	-3.84959e-12	9001	31.6228	0.0005	0.0001	0.0001	5e-05
# a = 0.100000
# b = 1.000000
# E = 0.010000
# tol = 0.000500
# s12 = 0.554977
# s13 = 0.152971
# psi0 = 0.822075 + I0.000000	0.548446 + I0.000000	0.152971 + I0.000000
# dh = 0.000100
# out = data191214/E-2.0_tol5e-4.log
# model = sun
# H0 = 
#	 0.000000e+00 0.000000e+00 0.000000e+00
#	 0.000000e+00 1.329698e+07 0.000000e+00
#	 0.000000e+00 0.000000e+00 4.351960e+08
# W = 
#	 6.758072e-01 4.508635e-01 1.257533e-01
#	 4.508635e-01 3.007928e-01 8.389608e-02
#	 1.257533e-01 8.389608e-02 2.340000e-02
# H0W = 
#	 0.000000e+00 -5.995123e+06 -5.472733e+07
#	 5.995123e+06 0.000000e+00 -3.539567e+07
#	 5.472733e+07 3.539567e+07 0.000000e+00
# H0H0W = 
#	 0.000000e+00 7.971702e+13 2.381711e+16
#	 7.971702e+13 0.000000e+00 1.493340e+16
#	 2.381711e+16 1.493340e+16 0.000000e+00
# WH0W = 
#	 1.917025e+07 6.794272e+06 -5.116015e+07
#	 6.794272e+06 5.331512e+05 -3.524697e+07
#	 -5.116015e+07 -3.524697e+07 -1.970340e+07
#################################################
##            CALCULATION COMPLETED            ##
#################################################
# Psi[0]^2 = 0.675102 + I0.000000
# Psi[1]^2 = 0.301496 + I0.000000
# Psi[2]^2 = 0.023402 + I0.000000
# phi0 = -1.498923 
# phi1 = -2.531027 
# phi2 = 2.931820 
# Psi = 
#	-8.195246e-01+i(5.900334e-02)
#	-3.148080e-01+i(-4.498794e-01)
#	3.185583e-02+i(-1.496250e-01)
#ProbSurv b 1-|Psi|^2 calls E tol dh dh(prev) dh(last)
0.547474103877	1	4.83854e-09	75392554	0.01	0.0005	0.0001	1.19375e-08	8.71025e-09
# a = 0.100000
# b = 1.000000
# E = 100.000000
# tol = 0.000500
# s12 = 0.554977
# s13 = 0.152971
# psi0 = 0.822075 + I0.000000	0.548446 + I0.000000	0.152971 + I0.000000
# dh = 0.000100
# out = data191214/E2.0_tol5e-4.log
# model = sun
# H0 = 
#	 0.000000e+00 0.000000e+00 0.000000e+00
#	 0.000000e+00 1.329698e+03 0.000000e+00
#	 0.000000e+00 0.000000e+00 4.351960e+04
# W = 
#	 6.758072e-01 4.508635e-01 1.257533e-01
#	 4.508635e-01 3.007928e-01 8.389608e-02
#	 1.257533e-01 8.389608e-02 2.340000e-02
# H0W = 
#	 0.000000e+00 -5.995123e+02 -5.472733e+03
#	 5.995123e+02 0.000000e+00 -3.539567e+03
#	 5.472733e+03 3.539567e+03 0.000000e+00
# H0H0W = 
#	 0.000000e+00 7.971702e+05 2.381711e+08
#	 7.971702e+05 0.000000e+00 1.493340e+08
#	 2.381711e+08 1.493340e+08 0.000000e+00
# WH0W = 
#	 1.917025e+03 6.794272e+02 -5.116015e+03
#	 6.794272e+02 5.331512e+01 -3.524697e+03
#	 -5.116015e+03 -3.524697e+03 -1.970340e+03
#################################################
##            CALCULATION COMPLETED            ##
#################################################
# Psi[0]^2 = 0.000794 + I0.000000
# Psi[1]^2 = 0.904952 + I0.000000
# Psi[2]^2 = 0.094254 + I0.000000
# phi0 = 2.240118 
# phi1 = 2.007128 
# phi2 = 2.274513 
# Psi = 
#	2.209494e-02+i(-1.748041e-02)
#	8.621616e-01+i(-4.020319e-01)
#	2.340761e-01+i(-1.986514e-01)
#ProbSurv b 1-|Psi|^2 calls E tol dh dh(prev) dh(last)
 0.27494507982	1	1.38212e-12	9001	100	0.0005	0.0001	0.0001	5e-05
# a = 0.100000
# b = 1.000000
# E = 0.003162
# tol = 0.000500
# s12 = 0.554977
# s13 = 0.152971
# psi0 = 0.822075 + I0.000000	0.548446 + I0.000000	0.152971 + I0.000000
# dh = 0.000100
# out = data191214/E-2.5_tol5e-4.log
# model = sun
# H0 = 
#	 0.000000e+00 0.000000e+00 0.000000e+00
#	 0.000000e+00 4.204874e+07 0.000000e+00
#	 0.000000e+00 0.000000e+00 1.376211e+09
# W = 
#	 6.758072e-01 4.508635e-01 1.257533e-01
#	 4.508635e-01 3.007928e-01 8.389608e-02
#	 1.257533e-01 8.389608e-02 2.340000e-02
# H0W = 
#	 0.000000e+00 -1.895824e+07 -1.730630e+08
#	 1.895824e+07 0.000000e+00 -1.119309e+08
#	 1.730630e+08 1.119309e+08 0.000000e+00
# H0H0W = 
#	 0.000000e+00 7.971702e+14 2.381711e+17
#	 7.971702e+14 0.000000e+00 1.493340e+17
#	 2.381711e+17 1.493340e+17 0.000000e+00
# WH0W = 
#	 6.062164e+07 2.148538e+07 -1.617826e+08
#	 2.148538e+07 1.685972e+06 -1.114607e+08
#	 -1.617826e+08 -1.114607e+08 -6.230762e+07
#################################################
##            CALCULATION COMPLETED            ##
#################################################
# Psi[0]^2 = 0.675584 + I0.000000
# Psi[1]^2 = 0.301015 + I0.000000
# Psi[2]^2 = 0.023401 + I0.000000
# phi0 = -1.236088 
# phi1 = -1.879521 
# phi2 = 0.625550 
# Psi = 
#	-7.763267e-01+i(2.700022e-01)
#	-5.227091e-01+i(-1.667033e-01)
#	8.957234e-02+i(1.240063e-01)
#ProbSurv b 1-|Psi|^2 calls E tol dh dh(prev) dh(last)
 0.54765541402	1	7.0371e-08	598776553	0.00316228	0.0005	0.0001	1.50306e-09	1.21273e-09
# a = 0.100000
# b = 1.000000
# E = 316.227766
# tol = 0.000500
# s12 = 0.554977
# s13 = 0.152971
# psi0 = 0.822075 + I0.000000	0.548446 + I0.000000	0.152971 + I0.000000
# dh = 0.000100
# out = data191214/E2.5_tol5e-4.log
# model = sun
# H0 = 
#	 0.000000e+00 0.000000e+00 0.000000e+00
#	 0.000000e+00 4.204874e+02 0.000000e+00
#	 0.000000e+00 0.000000e+00 1.376211e+04
# W = 
#	 6.758072e-01 4.508635e-01 1.257533e-01
#	 4.508635e-01 3.007928e-01 8.389608e-02
#	 1.257533e-01 8.389608e-02 2.340000e-02
# H0W = 
#	 0.000000e+00 -1.895824e+02 -1.730630e+03
#	 1.895824e+02 0.000000e+00 -1.119309e+03
#	 1.730630e+03 1.119309e+03 0.000000e+00
# H0H0W = 
#	 0.000000e+00 7.971702e+04 2.381711e+07
#	 7.971702e+04 0.000000e+00 1.493340e+07
#	 2.381711e+07 1.493340e+07 0.000000e+00
# WH0W = 
#	 6.062164e+02 2.148538e+02 -1.617826e+03
#	 2.148538e+02 1.685972e+01 -1.114607e+03
#	 -1.617826e+03 -1.114607e+03 -6.230762e+02
#################################################
##            CALCULATION COMPLETED            ##
#################################################
# Psi[0]^2 = 0.000079 + I0.000000
# Psi[1]^2 = 0.037727 + I0.000000
# Psi[2]^2 = 0.962194 + I0.000000
# phi0 = -1.111130 
# phi1 = -0.429185 
# phi2 = -2.474881 
# Psi = 
#	-7.973729e-03+i(3.947261e-03)
#	-8.082626e-02+i(1.766173e-01)
#	-6.066025e-01+i(-7.708616e-01)
#ProbSurv b 1-|Psi|^2 calls E tol dh dh(prev) dh(last)
0.0339167206823	1	-4.17e-13	9001	316.228	0.0005	0.0001	0.0001	5e-05
# a = 0.100000
# b = 1.000000
# E = 0.001000
# tol = 0.000500
# s12 = 0.554977
# s13 = 0.152971
# psi0 = 0.822075 + I0.000000	0.548446 + I0.000000	0.152971 + I0.000000
# dh = 0.000100
# out = data191214/E-3.0_tol5e-4.log
# model = sun
# H0 = 
#	 0.000000e+00 0.000000e+00 0.000000e+00
#	 0.000000e+00 1.329698e+08 0.000000e+00
#	 0.000000e+00 0.000000e+00 4.351960e+09
# W = 
#	 6.758072e-01 4.508635e-01 1.257533e-01
#	 4.508635e-01 3.007928e-01 8.389608e-02
#	 1.257533e-01 8.389608e-02 2.340000e-02
# H0W = 
#	 0.000000e+00 -5.995123e+07 -5.472733e+08
#	 5.995123e+07 0.000000e+00 -3.539567e+08
#	 5.472733e+08 3.539567e+08 0.000000e+00
# H0H0W = 
#	 0.000000e+00 7.971702e+15 2.381711e+18
#	 7.971702e+15 0.000000e+00 1.493340e+18
#	 2.381711e+18 1.493340e+18 0.000000e+00
# WH0W = 
#	 1.917025e+08 6.794272e+07 -5.116015e+08
#	 6.794272e+07 5.331512e+06 -3.524697e+08
#	 -5.116015e+08 -3.524697e+08 -1.970340e+08
#################################################
##            CALCULATION COMPLETED            ##
#################################################
# Psi[0]^2 = 0.675737 + I0.000000
# Psi[1]^2 = 0.300863 + I0.000000
# Psi[2]^2 = 0.023400 + I0.000000
# phi0 = -1.153042 
# phi1 = 0.938706 
# phi2 = -1.518289 
# Psi = 
#	-7.513390e-01+i(3.335060e-01)
#	4.425346e-01+i(3.240773e-01)
#	-1.527606e-01+i(8.028384e-03)
#ProbSurv b 1-|Psi|^2 calls E tol dh dh(prev) dh(last)
0.547712639197	1	1.86625e-07	-1608358505	0.001	0.0005	0.0001	3.34995e-10	2.03353e-10
# a = 0.100000
# b = 1.000000
# E = 1000.000000
# tol = 0.000500
# s12 = 0.554977
# s13 = 0.152971
# psi0 = 0.822075 + I0.000000	0.548446 + I0.000000	0.152971 + I0.000000
# dh = 0.000100
# out = data191214/E3.0_tol5e-4.log
# model = sun
# H0 = 
#	 0.000000e+00 0.000000e+00 0.000000e+00
#	 0.000000e+00 1.329698e+02 0.000000e+00
#	 0.000000e+00 0.000000e+00 4.351960e+03
# W = 
#	 6.758072e-01 4.508635e-01 1.257533e-01
#	 4.508635e-01 3.007928e-01 8.389608e-02
#	 1.257533e-01 8.389608e-02 2.340000e-02
# H0W = 
#	 0.000000e+00 -5.995123e+01 -5.472733e+02
#	 5.995123e+01 0.000000e+00 -3.539567e+02
#	 5.472733e+02 3.539567e+02 0.000000e+00
# H0H0W = 
#	 0.000000e+00 7.971702e+03 2.381711e+06
#	 7.971702e+03 0.000000e+00 1.493340e+06
#	 2.381711e+06 1.493340e+06 0.000000e+00
# WH0W = 
#	 1.917025e+02 6.794272e+01 -5.116015e+02
#	 6.794272e+01 5.331512e+00 -3.524697e+02
#	 -5.116015e+02 -3.524697e+02 -1.970340e+02
#################################################
##            CALCULATION COMPLETED            ##
#################################################
# Psi[0]^2 = 0.000009 + I0.000000
# Psi[1]^2 = 0.001187 + I0.000000
# Psi[2]^2 = 0.998804 + I0.000000
# phi0 = 0.141547 
# phi1 = 0.395066 
# phi2 = 1.183018 
# Psi = 
#	4.140156e-04+i(2.905377e-03)
#	1.326147e-02+i(3.180289e-02)
#	9.251977e-01+i(3.779064e-01)
#ProbSurv b 1-|Psi|^2 calls E tol dh dh(prev) dh(last)
0.0237349648078	1	-6.92779e-14	9001	1000	0.0005	0.0001	0.0001	5e-05
# a = 0.100000
# b = 1.000000
# E = 3162.277660
# tol = 0.000500
# s12 = 0.554977
# s13 = 0.152971
# psi0 = 0.822075 + I0.000000	0.548446 + I0.000000	0.152971 + I0.000000
# dh = 0.000100
# out = data191214/E3.5_tol5e-4.log
# model = sun
# H0 = 
#	 0.000000e+00 0.000000e+00 0.000000e+00
#	 0.000000e+00 4.204874e+01 0.000000e+00
#	 0.000000e+00 0.000000e+00 1.376211e+03
# W = 
#	 6.758072e-01 4.508635e-01 1.257533e-01
#	 4.508635e-01 3.007928e-01 8.389608e-02
#	 1.257533e-01 8.389608e-02 2.340000e-02
# H0W = 
#	 0.000000e+00 -1.895824e+01 -1.730630e+02
#	 1.895824e+01 0.000000e+00 -1.119309e+02
#	 1.730630e+02 1.119309e+02 0.000000e+00
# H0H0W = 
#	 0.000000e+00 7.971702e+02 2.381711e+05
#	 7.971702e+02 0.000000e+00 1.493340e+05
#	 2.381711e+05 1.493340e+05 0.000000e+00
# WH0W = 
#	 6.062164e+01 2.148538e+01 -1.617826e+02
#	 2.148538e+01 1.685972e+00 -1.114607e+02
#	 -1.617826e+02 -1.114607e+02 -6.230762e+01
#################################################
##            CALCULATION COMPLETED            ##
#################################################
# Psi[0]^2 = 0.000001 + I0.000000
# Psi[1]^2 = 0.000092 + I0.000000
# Psi[2]^2 = 0.999908 + I0.000000
# phi0 = 1.685026 
# phi1 = 2.617741 
# phi2 = 2.466621 
# Psi = 
#	9.006672e-04+i(-1.033326e-04)
#	4.785581e-03+i(-8.284038e-03)
#	6.248463e-01+i(-7.806887e-01)
#ProbSurv b 1-|Psi|^2 calls E tol dh dh(prev) dh(last)
0.0234259251531	1	-2.62013e-14	9001	3162.28	0.0005	0.0001	0.0001	5e-05
# a = 0.100000
# b = 1.000000
# E = 10000.000000
# tol = 0.000500
# s12 = 0.554977
# s13 = 0.152971
# psi0 = 0.822075 + I0.000000	0.548446 + I0.000000	0.152971 + I0.000000
# dh = 0.000100
# out = data191214/E4.0_tol5e-4.log
# model = sun
# H0 = 
#	 0.000000e+00 0.000000e+00 0.000000e+00
#	 0.000000e+00 1.329698e+01 0.000000e+00
#	 0.000000e+00 0.000000e+00 4.351960e+02
# W = 
#	 6.758072e-01 4.508635e-01 1.257533e-01
#	 4.508635e-01 3.007928e-01 8.389608e-02
#	 1.257533e-01 8.389608e-02 2.340000e-02
# H0W = 
#	 0.000000e+00 -5.995123e+00 -5.472733e+01
#	 5.995123e+00 0.000000e+00 -3.539567e+01
#	 5.472733e+01 3.539567e+01 0.000000e+00
# H0H0W = 
#	 0.000000e+00 7.971702e+01 2.381711e+04
#	 7.971702e+01 0.000000e+00 1.493340e+04
#	 2.381711e+04 1.493340e+04 0.000000e+00
# WH0W = 
#	 1.917025e+01 6.794272e+00 -5.116015e+01
#	 6.794272e+00 5.331512e-01 -3.524697e+01
#	 -5.116015e+01 -3.524697e+01 -1.970340e+01
#################################################
##            CALCULATION COMPLETED            ##
#################################################
# Psi[0]^2 = 0.000209 + I0.000000
# Psi[1]^2 = 0.002147 + I0.000000
# Psi[2]^2 = 0.997644 + I0.000000
# phi0 = 2.916746 
# phi1 = -1.161749 
# phi2 = -2.131439 
# Psi = 
#	3.221937e-03+i(-1.408719e-02)
#	-4.250989e-02+i(1.842798e-02)
#	-8.459158e-01+i(-5.311036e-01)
#ProbSurv b 1-|Psi|^2 calls E tol dh dh(prev) dh(last)
0.024131715995	1	-8.9484e-14	9001	10000	0.0005	0.0001	0.0001	5e-05
# a = 0.100000
# b = 1.000000
# E = 31622.776602
# tol = 0.000500
# s12 = 0.554977
# s13 = 0.152971
# psi0 = 0.822075 + I0.000000	0.548446 + I0.000000	0.152971 + I0.000000
# dh = 0.000100
# out = data191214/E4.5_tol5e-4.log
# model = sun
# H0 = 
#	 0.000000e+00 0.000000e+00 0.000000e+00
#	 0.000000e+00 4.204874e+00 0.000000e+00
#	 0.000000e+00 0.000000e+00 1.376211e+02
# W = 
#	 6.758072e-01 4.508635e-01 1.257533e-01
#	 4.508635e-01 3.007928e-01 8.389608e-02
#	 1.257533e-01 8.389608e-02 2.340000e-02
# H0W = 
#	 0.000000e+00 -1.895824e+00 -1.730630e+01
#	 1.895824e+00 0.000000e+00 -1.119309e+01
#	 1.730630e+01 1.119309e+01 0.000000e+00
# H0H0W = 
#	 0.000000e+00 7.971702e+00 2.381711e+03
#	 7.971702e+00 0.000000e+00 1.493340e+03
#	 2.381711e+03 1.493340e+03 0.000000e+00
# WH0W = 
#	 6.062164e+00 2.148538e+00 -1.617826e+01
#	 2.148538e+00 1.685972e-01 -1.114607e+01
#	 -1.617826e+01 -1.114607e+01 -6.230762e+00
#################################################
##            CALCULATION COMPLETED            ##
#################################################
# Psi[0]^2 = 0.070361 + I0.000000
# Psi[1]^2 = 0.079420 + I0.000000
# Psi[2]^2 = 0.850220 + I0.000000
# phi0 = -1.521448 
# phi1 = -0.919335 
# phi2 = -0.031465 
# Psi = 
#	-2.649330e-01+i(1.308472e-02)
#	-2.240989e-01+i(1.708783e-01)
#	-2.900806e-02+i(9.216171e-01)
#ProbSurv b 1-|Psi|^2 calls E tol dh dh(prev) dh(last)
0.0913342812277	1	-8.12683e-14	9001	31622.8	0.0005	0.0001	0.0001	5e-05
# a = 0.100000
# b = 1.000000
# E = 100000.000000
# tol = 0.000500
# s12 = 0.554977
# s13 = 0.152971
# psi0 = 0.822075 + I0.000000	0.548446 + I0.000000	0.152971 + I0.000000
# dh = 0.000100
# out = data191214/E5.0_tol5e-4.log
# model = sun
# H0 = 
#	 0.000000e+00 0.000000e+00 0.000000e+00
#	 0.000000e+00 1.329698e+00 0.000000e+00
#	 0.000000e+00 0.000000e+00 4.351960e+01
# W = 
#	 6.758072e-01 4.508635e-01 1.257533e-01
#	 4.508635e-01 3.007928e-01 8.389608e-02
#	 1.257533e-01 8.389608e-02 2.340000e-02
# H0W = 
#	 0.000000e+00 -5.995123e-01 -5.472733e+00
#	 5.995123e-01 0.000000e+00 -3.539567e+00
#	 5.472733e+00 3.539567e+00 0.000000e+00
# H0H0W = 
#	 0.000000e+00 7.971702e-01 2.381711e+02
#	 7.971702e-01 0.000000e+00 1.493340e+02
#	 2.381711e+02 1.493340e+02 0.000000e+00
# WH0W = 
#	 1.917025e+00 6.794272e-01 -5.116015e+00
#	 6.794272e-01 5.331512e-02 -3.524697e+00
#	 -5.116015e+00 -3.524697e+00 -1.970340e+00
#################################################
##            CALCULATION COMPLETED            ##
#################################################
# Psi[0]^2 = 0.339270 + I0.000000
# Psi[1]^2 = 0.203360 + I0.000000
# Psi[2]^2 = 0.457370 + I0.000000
# phi0 = 3.114876 
# phi1 = -2.980662 
# phi2 = 0.742310 
# Psi = 
#	1.555968e-02+i(-5.822610e-01)
#	-7.225939e-02+i(-4.451275e-01)
#	4.571675e-01+i(4.983653e-01)
#ProbSurv b 1-|Psi|^2 calls E tol dh dh(prev) dh(last)
0.301152737063	1	-6.03961e-14	9001	100000	0.0005	0.0001	0.0001	5e-05
# a = 0.100000
# b = 1.000000
# E = 316227.766017
# tol = 0.000500
# s12 = 0.554977
# s13 = 0.152971
# psi0 = 0.822075 + I0.000000	0.548446 + I0.000000	0.152971 + I0.000000
# dh = 0.000100
# out = data191214/E5.5_tol5e-4.log
# model = sun
# H0 = 
#	 0.000000e+00 0.000000e+00 0.000000e+00
#	 0.000000e+00 4.204874e-01 0.000000e+00
#	 0.000000e+00 0.000000e+00 1.376211e+01
# W = 
#	 6.758072e-01 4.508635e-01 1.257533e-01
#	 4.508635e-01 3.007928e-01 8.389608e-02
#	 1.257533e-01 8.389608e-02 2.340000e-02
# H0W = 
#	 0.000000e+00 -1.895824e-01 -1.730630e+00
#	 1.895824e-01 0.000000e+00 -1.119309e+00
#	 1.730630e+00 1.119309e+00 0.000000e+00
# H0H0W = 
#	 0.000000e+00 7.971702e-02 2.381711e+01
#	 7.971702e-02 0.000000e+00 1.493340e+01
#	 2.381711e+01 1.493340e+01 0.000000e+00
# WH0W = 
#	 6.062164e-01 2.148538e-01 -1.617826e+00
#	 2.148538e-01 1.685972e-02 -1.114607e+00
#	 -1.617826e+00 -1.114607e+00 -6.230762e-01
#################################################
##            CALCULATION COMPLETED            ##
#################################################
# Psi[0]^2 = 0.554858 + I0.000000
# Psi[1]^2 = 0.271931 + I0.000000
# Psi[2]^2 = 0.173211 + I0.000000
# phi0 = 2.532163 
# phi1 = 2.590407 
# phi2 = -1.436952 
# Psi = 
#	4.263735e-01+i(-6.107891e-01)
#	2.730924e-01+i(-4.442426e-01)
#	-4.124644e-01+i(5.553794e-02)
#ProbSurv b 1-|Psi|^2 calls E tol dh dh(prev) dh(last)
0.460824856696	1	-1.0858e-13	9001	316228	0.0005	0.0001	0.0001	5e-05
# a = 0.100000
# b = 1.000000
# E = 1000000.000000
# tol = 0.000500
# s12 = 0.554977
# s13 = 0.152971
# psi0 = 0.822075 + I0.000000	0.548446 + I0.000000	0.152971 + I0.000000
# dh = 0.000100
# out = data191214/E6.0_tol5e-4.log
# model = sun
# H0 = 
#	 0.000000e+00 0.000000e+00 0.000000e+00
#	 0.000000e+00 1.329698e-01 0.000000e+00
#	 0.000000e+00 0.000000e+00 4.351960e+00
# W = 
#	 6.758072e-01 4.508635e-01 1.257533e-01
#	 4.508635e-01 3.007928e-01 8.389608e-02
#	 1.257533e-01 8.389608e-02 2.340000e-02
# H0W = 
#	 0.000000e+00 -5.995123e-02 -5.472733e-01
#	 5.995123e-02 0.000000e+00 -3.539567e-01
#	 5.472733e-01 3.539567e-01 0.000000e+00
# H0H0W = 
#	 0.000000e+00 7.971702e-03 2.381711e+00
#	 7.971702e-03 0.000000e+00 1.493340e+00
#	 2.381711e+00 1.493340e+00 0.000000e+00
# WH0W = 
#	 1.917025e-01 6.794272e-02 -5.116015e-01
#	 6.794272e-02 5.331512e-03 -3.524697e-01
#	 -5.116015e-01 -3.524697e-01 -1.970340e-01
#################################################
##            CALCULATION COMPLETED            ##
#################################################
# Psi[0]^2 = 0.648477 + I0.000000
# Psi[1]^2 = 0.297431 + I0.000000
# Psi[2]^2 = 0.054092 + I0.000000
# phi0 = 2.307848 
# phi1 = 2.326025 
# phi2 = 2.947555 
# Psi = 
#	5.962729e-01+i(-5.412357e-01)
#	3.970934e-01+i(-3.738281e-01)
#	4.484590e-02+i(-2.282120e-01)
#ProbSurv b 1-|Psi|^2 calls E tol dh dh(prev) dh(last)
0.528976503577	1	-8.39329e-14	9001	1e+06	0.0005	0.0001	0.0001	5e-05
# a = 0.100000
# b = 1.000000
# E = 3162277.660168
# tol = 0.000500
# s12 = 0.554977
# s13 = 0.152971
# psi0 = 0.822075 + I0.000000	0.548446 + I0.000000	0.152971 + I0.000000
# dh = 0.000100
# out = data191214/E6.5_tol5e-4.log
# model = sun
# H0 = 
#	 0.000000e+00 0.000000e+00 0.000000e+00
#	 0.000000e+00 4.204874e-02 0.000000e+00
#	 0.000000e+00 0.000000e+00 1.376211e+00
# W = 
#	 6.758072e-01 4.508635e-01 1.257533e-01
#	 4.508635e-01 3.007928e-01 8.389608e-02
#	 1.257533e-01 8.389608e-02 2.340000e-02
# H0W = 
#	 0.000000e+00 -1.895824e-02 -1.730630e-01
#	 1.895824e-02 0.000000e+00 -1.119309e-01
#	 1.730630e-01 1.119309e-01 0.000000e+00
# H0H0W = 
#	 0.000000e+00 7.971702e-04 2.381711e-01
#	 7.971702e-04 0.000000e+00 1.493340e-01
#	 2.381711e-01 1.493340e-01 0.000000e+00
# WH0W = 
#	 6.062164e-02 2.148538e-02 -1.617826e-01
#	 2.148538e-02 1.685972e-03 -1.114607e-01
#	 -1.617826e-01 -1.114607e-01 -6.230762e-02
#################################################
##            CALCULATION COMPLETED            ##
#################################################
# Psi[0]^2 = 0.668450 + I0.000000
# Psi[1]^2 = 0.300345 + I0.000000
# Psi[2]^2 = 0.031205 + I0.000000
# phi0 = 2.232829 
# phi1 = 2.238582 
# phi2 = 2.425770 
# Psi = 
#	6.448678e-01+i(-5.025890e-01)
#	4.303163e-01+i(-3.393717e-01)
#	1.159233e-01+i(-1.332904e-01)
#ProbSurv b 1-|Psi|^2 calls E tol dh dh(prev) dh(last)
0.542815326941	1	-1.12133e-13	9001	3.16228e+06	0.0005	0.0001	0.0001	5e-05
# a = 0.100000
# b = 1.000000
# E = 10000000.000000
# tol = 0.000500
# s12 = 0.554977
# s13 = 0.152971
# psi0 = 0.822075 + I0.000000	0.548446 + I0.000000	0.152971 + I0.000000
# dh = 0.000100
# out = data191214/E7.0_tol5e-4.log
# model = sun
# H0 = 
#	 0.000000e+00 0.000000e+00 0.000000e+00
#	 0.000000e+00 1.329698e-02 0.000000e+00
#	 0.000000e+00 0.000000e+00 4.351960e-01
# W = 
#	 6.758072e-01 4.508635e-01 1.257533e-01
#	 4.508635e-01 3.007928e-01 8.389608e-02
#	 1.257533e-01 8.389608e-02 2.340000e-02
# H0W = 
#	 0.000000e+00 -5.995123e-03 -5.472733e-02
#	 5.995123e-03 0.000000e+00 -3.539567e-02
#	 5.472733e-02 3.539567e-02 0.000000e+00
# H0H0W = 
#	 0.000000e+00 7.971702e-05 2.381711e-02
#	 7.971702e-05 0.000000e+00 1.493340e-02
#	 2.381711e-02 1.493340e-02 0.000000e+00
# WH0W = 
#	 1.917025e-02 6.794272e-03 -5.116015e-02
#	 6.794272e-03 5.331512e-04 -3.524697e-02
#	 -5.116015e-02 -3.524697e-02 -1.970340e-02
#################################################
##            CALCULATION COMPLETED            ##
#################################################
# Psi[0]^2 = 0.673601 + I0.000000
# Psi[1]^2 = 0.300708 + I0.000000
# Psi[2]^2 = 0.025691 + I0.000000
# phi0 = 2.209279 
# phi1 = 2.211099 
# phi2 = 2.269324 
# Psi = 
#	6.590487e-01+i(-4.891377e-01)
#	4.397448e-01+i(-3.276161e-01)
#	1.227447e-01+i(-1.030779e-01)
#ProbSurv b 1-|Psi|^2 calls E tol dh dh(prev) dh(last)
0.546276247911	1	-9.21485e-14	9001	1e+07	0.0005	0.0001	0.0001	5e-05
