# a = 0.100000
# b = 1.000000
# E = 0.500000
# tol = 0.000000
# s12 = 0.554977
# s13 = 0.152971
# psi0 = 0.822075 + I0.000000	0.548446 + I0.000000	0.152971 + I0.000000
# dh = 0.000100
# out = data/E0.5_tol-8.0.log
# model = sun
# H0 = 
#	 0.000000e+00 0.000000e+00 0.000000e+00
#	 0.000000e+00 2.659396e+05 0.000000e+00
#	 0.000000e+00 0.000000e+00 8.703920e+06
# W = 
#	 6.758072e-01 4.508635e-01 1.257533e-01
#	 4.508635e-01 3.007928e-01 8.389608e-02
#	 1.257533e-01 8.389608e-02 2.340000e-02
# H0W = 
#	 0.000000e+00 -1.199025e+05 -1.094547e+06
#	 1.199025e+05 0.000000e+00 -7.079134e+05
#	 1.094547e+06 7.079134e+05 0.000000e+00
# H0H0W = 
#	 0.000000e+00 3.188681e+10 9.526845e+12
#	 3.188681e+10 0.000000e+00 5.973360e+12
#	 9.526845e+12 5.973360e+12 0.000000e+00
# WH0W = 
#	 3.834049e+05 1.358854e+05 -1.023203e+06
#	 1.358854e+05 1.066302e+04 -7.049394e+05
#	 -1.023203e+06 -7.049394e+05 -3.940680e+05

#################################################
##            CALCULATION COMPLETED            ##
#################################################

# Psi[0]^2 = 0.638923 + I0.000000
# Psi[1]^2 = 0.337554 + I0.000000
# Psi[2]^2 = 0.023522 + I0.000000

# phi0 = -1.880265 
# phi1 = -1.231116 
# phi2 = 0.537082 

# Psi = 
#	-7.613553e-01+i(-2.434371e-01)
#	-5.477968e-01+i(1.935791e-01)
#	7.846891e-02+i(1.317763e-01)
#ProbSurv b 1-|Psi|^2 calls E tol dh dh(prev) dh(last)
0.533873361513	1	9.26428e-11	25434626	0.5	1e-08	0.0001	3.53848e-08	3.18067e-08
