# a = 0.100000
# b = 1.000000
# E = 0.500000
# tol = 0.010000
# s12 = 0.554977
# s13 = 0.152971
# psi0 = 0.822075 + I0.000000	0.548446 + I0.000000	0.152971 + I0.000000
# dh = 0.000100
# out = data/E0.5_tol-2.0.log
# model = sun
# H0 = 
#	 0.000000e+00 0.000000e+00 0.000000e+00
#	 0.000000e+00 2.659396e+05 0.000000e+00
#	 0.000000e+00 0.000000e+00 8.703920e+06
# W = 
#	 6.758072e-01 4.508635e-01 1.257533e-01
#	 4.508635e-01 3.007928e-01 8.389608e-02
#	 1.257533e-01 8.389608e-02 2.340000e-02
# H0W = 
#	 0.000000e+00 -1.199025e+05 -1.094547e+06
#	 1.199025e+05 0.000000e+00 -7.079134e+05
#	 1.094547e+06 7.079134e+05 0.000000e+00
# H0H0W = 
#	 0.000000e+00 3.188681e+10 9.526845e+12
#	 3.188681e+10 0.000000e+00 5.973360e+12
#	 9.526845e+12 5.973360e+12 0.000000e+00
# WH0W = 
#	 3.834049e+05 1.358854e+05 -1.023203e+06
#	 1.358854e+05 1.066302e+04 -7.049394e+05
#	 -1.023203e+06 -7.049394e+05 -3.940680e+05
#################################################
##            CALCULATION COMPLETED            ##
#################################################
# Psi[0]^2 = 0.638923 + I0.000000
# Psi[1]^2 = 0.337554 + I0.000000
# Psi[2]^2 = 0.023522 + I0.000000
# phi0 = -1.880265 
# phi1 = -1.231057 
# phi2 = 0.539025 
# Psi = 
#	-7.613552e-01+i(-2.434372e-01)
#	-5.477853e-01+i(1.936115e-01)
#	7.872474e-02+i(1.316236e-01)
#ProbSurv b 1-|Psi|^2 calls E tol dh dh(prev) dh(last)
0.533873361519	1	-1.30205e-11	254348	0.5	0.01	0.0001	3.53848e-06	2.20809e-06
# a = 0.100000
# b = 1.000000
# E = 0.500000
# tol = 0.003162
# s12 = 0.554977
# s13 = 0.152971
# psi0 = 0.822075 + I0.000000	0.548446 + I0.000000	0.152971 + I0.000000
# dh = 0.000100
# out = data/E0.5_tol-2.5.log
# model = sun
# H0 = 
#	 0.000000e+00 0.000000e+00 0.000000e+00
#	 0.000000e+00 2.659396e+05 0.000000e+00
#	 0.000000e+00 0.000000e+00 8.703920e+06
# W = 
#	 6.758072e-01 4.508635e-01 1.257533e-01
#	 4.508635e-01 3.007928e-01 8.389608e-02
#	 1.257533e-01 8.389608e-02 2.340000e-02
# H0W = 
#	 0.000000e+00 -1.199025e+05 -1.094547e+06
#	 1.199025e+05 0.000000e+00 -7.079134e+05
#	 1.094547e+06 7.079134e+05 0.000000e+00
# H0H0W = 
#	 0.000000e+00 3.188681e+10 9.526845e+12
#	 3.188681e+10 0.000000e+00 5.973360e+12
#	 9.526845e+12 5.973360e+12 0.000000e+00
# WH0W = 
#	 3.834049e+05 1.358854e+05 -1.023203e+06
#	 1.358854e+05 1.066302e+04 -7.049394e+05
#	 -1.023203e+06 -7.049394e+05 -3.940680e+05
#################################################
##            CALCULATION COMPLETED            ##
#################################################
# Psi[0]^2 = 0.638923 + I0.000000
# Psi[1]^2 = 0.337554 + I0.000000
# Psi[2]^2 = 0.023522 + I0.000000
# phi0 = -1.880265 
# phi1 = -1.231061 
# phi2 = 0.538882 
# Psi = 
#	-7.613552e-01+i(-2.434372e-01)
#	-5.477862e-01+i(1.936091e-01)
#	7.870589e-02+i(1.316349e-01)
#ProbSurv b 1-|Psi|^2 calls E tol dh dh(prev) dh(last)
0.533873361503	1	-2.59106e-11	373331	0.5	0.00316228	0.0001	2.41074e-06	1.49055e-06
# a = 0.100000
# b = 1.000000
# E = 0.500000
# tol = 0.001000
# s12 = 0.554977
# s13 = 0.152971
# psi0 = 0.822075 + I0.000000	0.548446 + I0.000000	0.152971 + I0.000000
# dh = 0.000100
# out = data/E0.5_tol-3.0.log
# model = sun
# H0 = 
#	 0.000000e+00 0.000000e+00 0.000000e+00
#	 0.000000e+00 2.659396e+05 0.000000e+00
#	 0.000000e+00 0.000000e+00 8.703920e+06
# W = 
#	 6.758072e-01 4.508635e-01 1.257533e-01
#	 4.508635e-01 3.007928e-01 8.389608e-02
#	 1.257533e-01 8.389608e-02 2.340000e-02
# H0W = 
#	 0.000000e+00 -1.199025e+05 -1.094547e+06
#	 1.199025e+05 0.000000e+00 -7.079134e+05
#	 1.094547e+06 7.079134e+05 0.000000e+00
# H0H0W = 
#	 0.000000e+00 3.188681e+10 9.526845e+12
#	 3.188681e+10 0.000000e+00 5.973360e+12
#	 9.526845e+12 5.973360e+12 0.000000e+00
# WH0W = 
#	 3.834049e+05 1.358854e+05 -1.023203e+06
#	 1.358854e+05 1.066302e+04 -7.049394e+05
#	 -1.023203e+06 -7.049394e+05 -3.940680e+05
#################################################
##            CALCULATION COMPLETED            ##
#################################################
# Psi[0]^2 = 0.638923 + I0.000000
# Psi[1]^2 = 0.337554 + I0.000000
# Psi[2]^2 = 0.023522 + I0.000000
# phi0 = -1.880265 
# phi1 = -1.231054 
# phi2 = 0.539109 
# Psi = 
#	-7.613552e-01+i(-2.434372e-01)
#	-5.477848e-01+i(1.936129e-01)
#	7.873575e-02+i(1.316170e-01)
#ProbSurv b 1-|Psi|^2 calls E tol dh dh(prev) dh(last)
0.533873361492	1	-5.67879e-12	547974	0.5	0.001	0.0001	1.64242e-06	1.13332e-06
# a = 0.100000
# b = 1.000000
# E = 0.500000
# tol = 0.000316
# s12 = 0.554977
# s13 = 0.152971
# psi0 = 0.822075 + I0.000000	0.548446 + I0.000000	0.152971 + I0.000000
# dh = 0.000100
# out = data/E0.5_tol-3.5.log
# model = sun
# H0 = 
#	 0.000000e+00 0.000000e+00 0.000000e+00
#	 0.000000e+00 2.659396e+05 0.000000e+00
#	 0.000000e+00 0.000000e+00 8.703920e+06
# W = 
#	 6.758072e-01 4.508635e-01 1.257533e-01
#	 4.508635e-01 3.007928e-01 8.389608e-02
#	 1.257533e-01 8.389608e-02 2.340000e-02
# H0W = 
#	 0.000000e+00 -1.199025e+05 -1.094547e+06
#	 1.199025e+05 0.000000e+00 -7.079134e+05
#	 1.094547e+06 7.079134e+05 0.000000e+00
# H0H0W = 
#	 0.000000e+00 3.188681e+10 9.526845e+12
#	 3.188681e+10 0.000000e+00 5.973360e+12
#	 9.526845e+12 5.973360e+12 0.000000e+00
# WH0W = 
#	 3.834049e+05 1.358854e+05 -1.023203e+06
#	 1.358854e+05 1.066302e+04 -7.049394e+05
#	 -1.023203e+06 -7.049394e+05 -3.940680e+05
#################################################
##            CALCULATION COMPLETED            ##
#################################################
# Psi[0]^2 = 0.638923 + I0.000000
# Psi[1]^2 = 0.337554 + I0.000000
# Psi[2]^2 = 0.023522 + I0.000000
# phi0 = -1.880265 
# phi1 = -1.231056 
# phi2 = 0.539042 
# Psi = 
#	-7.613552e-01+i(-2.434372e-01)
#	-5.477852e-01+i(1.936118e-01)
#	7.872701e-02+i(1.316222e-01)
#ProbSurv b 1-|Psi|^2 calls E tol dh dh(prev) dh(last)
0.533873361448	1	1.30526e-10	804315	0.5	0.000316228	0.0001	1.11897e-06	8.15799e-07
# a = 0.100000
# b = 1.000000
# E = 0.500000
# tol = 0.000100
# s12 = 0.554977
# s13 = 0.152971
# psi0 = 0.822075 + I0.000000	0.548446 + I0.000000	0.152971 + I0.000000
# dh = 0.000100
# out = data/E0.5_tol-4.0.log
# model = sun
# H0 = 
#	 0.000000e+00 0.000000e+00 0.000000e+00
#	 0.000000e+00 2.659396e+05 0.000000e+00
#	 0.000000e+00 0.000000e+00 8.703920e+06
# W = 
#	 6.758072e-01 4.508635e-01 1.257533e-01
#	 4.508635e-01 3.007928e-01 8.389608e-02
#	 1.257533e-01 8.389608e-02 2.340000e-02
# H0W = 
#	 0.000000e+00 -1.199025e+05 -1.094547e+06
#	 1.199025e+05 0.000000e+00 -7.079134e+05
#	 1.094547e+06 7.079134e+05 0.000000e+00
# H0H0W = 
#	 0.000000e+00 3.188681e+10 9.526845e+12
#	 3.188681e+10 0.000000e+00 5.973360e+12
#	 9.526845e+12 5.973360e+12 0.000000e+00
# WH0W = 
#	 3.834049e+05 1.358854e+05 -1.023203e+06
#	 1.358854e+05 1.066302e+04 -7.049394e+05
#	 -1.023203e+06 -7.049394e+05 -3.940680e+05
#################################################
##            CALCULATION COMPLETED            ##
#################################################
# Psi[0]^2 = 0.638923 + I0.000000
# Psi[1]^2 = 0.337554 + I0.000000
# Psi[2]^2 = 0.023522 + I0.000000
# phi0 = -1.880265 
# phi1 = -1.231063 
# phi2 = 0.538809 
# Psi = 
#	-7.613552e-01+i(-2.434372e-01)
#	-5.477866e-01+i(1.936079e-01)
#	7.869632e-02+i(1.316406e-01)
#ProbSurv b 1-|Psi|^2 calls E tol dh dh(prev) dh(last)
0.533873361524	1	-1.51397e-11	1180572	0.5	0.0001	0.0001	7.62343e-07	6.498e-07
# a = 0.100000
# b = 1.000000
# E = 0.500000
# tol = 0.000032
# s12 = 0.554977
# s13 = 0.152971
# psi0 = 0.822075 + I0.000000	0.548446 + I0.000000	0.152971 + I0.000000
# dh = 0.000100
# out = data/E0.5_tol-4.5.log
# model = sun
# H0 = 
#	 0.000000e+00 0.000000e+00 0.000000e+00
#	 0.000000e+00 2.659396e+05 0.000000e+00
#	 0.000000e+00 0.000000e+00 8.703920e+06
# W = 
#	 6.758072e-01 4.508635e-01 1.257533e-01
#	 4.508635e-01 3.007928e-01 8.389608e-02
#	 1.257533e-01 8.389608e-02 2.340000e-02
# H0W = 
#	 0.000000e+00 -1.199025e+05 -1.094547e+06
#	 1.199025e+05 0.000000e+00 -7.079134e+05
#	 1.094547e+06 7.079134e+05 0.000000e+00
# H0H0W = 
#	 0.000000e+00 3.188681e+10 9.526845e+12
#	 3.188681e+10 0.000000e+00 5.973360e+12
#	 9.526845e+12 5.973360e+12 0.000000e+00
# WH0W = 
#	 3.834049e+05 1.358854e+05 -1.023203e+06
#	 1.358854e+05 1.066302e+04 -7.049394e+05
#	 -1.023203e+06 -7.049394e+05 -3.940680e+05
#################################################
##            CALCULATION COMPLETED            ##
#################################################
# Psi[0]^2 = 0.638923 + I0.000000
# Psi[1]^2 = 0.337554 + I0.000000
# Psi[2]^2 = 0.023522 + I0.000000
# phi0 = -1.880265 
# phi1 = -1.231067 
# phi2 = 0.538671 
# Psi = 
#	-7.613552e-01+i(-2.434372e-01)
#	-5.477874e-01+i(1.936056e-01)
#	7.867808e-02+i(1.316515e-01)
#ProbSurv b 1-|Psi|^2 calls E tol dh dh(prev) dh(last)
0.533873361433	1	2.13203e-10	1732842	0.5	3.16228e-05	0.0001	5.19378e-07	4.71536e-07
# a = 0.100000
# b = 1.000000
# E = 0.500000
# tol = 0.000010
# s12 = 0.554977
# s13 = 0.152971
# psi0 = 0.822075 + I0.000000	0.548446 + I0.000000	0.152971 + I0.000000
# dh = 0.000100
# out = data/E0.5_tol-5.0.log
# model = sun
# H0 = 
#	 0.000000e+00 0.000000e+00 0.000000e+00
#	 0.000000e+00 2.659396e+05 0.000000e+00
#	 0.000000e+00 0.000000e+00 8.703920e+06
# W = 
#	 6.758072e-01 4.508635e-01 1.257533e-01
#	 4.508635e-01 3.007928e-01 8.389608e-02
#	 1.257533e-01 8.389608e-02 2.340000e-02
# H0W = 
#	 0.000000e+00 -1.199025e+05 -1.094547e+06
#	 1.199025e+05 0.000000e+00 -7.079134e+05
#	 1.094547e+06 7.079134e+05 0.000000e+00
# H0H0W = 
#	 0.000000e+00 3.188681e+10 9.526845e+12
#	 3.188681e+10 0.000000e+00 5.973360e+12
#	 9.526845e+12 5.973360e+12 0.000000e+00
# WH0W = 
#	 3.834049e+05 1.358854e+05 -1.023203e+06
#	 1.358854e+05 1.066302e+04 -7.049394e+05
#	 -1.023203e+06 -7.049394e+05 -3.940680e+05
#################################################
##            CALCULATION COMPLETED            ##
#################################################
# Psi[0]^2 = 0.638923 + I0.000000
# Psi[1]^2 = 0.337554 + I0.000000
# Psi[2]^2 = 0.023522 + I0.000000
# phi0 = -1.880265 
# phi1 = -1.231043 
# phi2 = 0.539481 
# Psi = 
#	-7.613552e-01+i(-2.434373e-01)
#	-5.477826e-01+i(1.936191e-01)
#	7.878470e-02+i(1.315877e-01)
#ProbSurv b 1-|Psi|^2 calls E tol dh dh(prev) dh(last)
 0.53387336128	1	4.36873e-10	2543464	0.5	1e-05	0.0001	3.53848e-07	2.61946e-07
# a = 0.100000
# b = 1.000000
# E = 0.500000
# tol = 0.000003
# s12 = 0.554977
# s13 = 0.152971
# psi0 = 0.822075 + I0.000000	0.548446 + I0.000000	0.152971 + I0.000000
# dh = 0.000100
# out = data/E0.5_tol-5.5.log
# model = sun
# H0 = 
#	 0.000000e+00 0.000000e+00 0.000000e+00
#	 0.000000e+00 2.659396e+05 0.000000e+00
#	 0.000000e+00 0.000000e+00 8.703920e+06
# W = 
#	 6.758072e-01 4.508635e-01 1.257533e-01
#	 4.508635e-01 3.007928e-01 8.389608e-02
#	 1.257533e-01 8.389608e-02 2.340000e-02
# H0W = 
#	 0.000000e+00 -1.199025e+05 -1.094547e+06
#	 1.199025e+05 0.000000e+00 -7.079134e+05
#	 1.094547e+06 7.079134e+05 0.000000e+00
# H0H0W = 
#	 0.000000e+00 3.188681e+10 9.526845e+12
#	 3.188681e+10 0.000000e+00 5.973360e+12
#	 9.526845e+12 5.973360e+12 0.000000e+00
# WH0W = 
#	 3.834049e+05 1.358854e+05 -1.023203e+06
#	 1.358854e+05 1.066302e+04 -7.049394e+05
#	 -1.023203e+06 -7.049394e+05 -3.940680e+05
#################################################
##            CALCULATION COMPLETED            ##
#################################################
# Psi[0]^2 = 0.638923 + I0.000000
# Psi[1]^2 = 0.337554 + I0.000000
# Psi[2]^2 = 0.023522 + I0.000000
# phi0 = -1.880265 
# phi1 = -1.231033 
# phi2 = 0.539804 
# Psi = 
#	-7.613552e-01+i(-2.434373e-01)
#	-5.477807e-01+i(1.936246e-01)
#	7.882720e-02+i(1.315623e-01)
#ProbSurv b 1-|Psi|^2 calls E tol dh dh(prev) dh(last)
0.533873361252	1	4.51994e-10	3733294	0.5	3.16228e-06	0.0001	2.41074e-07	1.64694e-07
# a = 0.100000
# b = 1.000000
# E = 0.500000
# tol = 0.000001
# s12 = 0.554977
# s13 = 0.152971
# psi0 = 0.822075 + I0.000000	0.548446 + I0.000000	0.152971 + I0.000000
# dh = 0.000100
# out = data/E0.5_tol-6.0.log
# model = sun
# H0 = 
#	 0.000000e+00 0.000000e+00 0.000000e+00
#	 0.000000e+00 2.659396e+05 0.000000e+00
#	 0.000000e+00 0.000000e+00 8.703920e+06
# W = 
#	 6.758072e-01 4.508635e-01 1.257533e-01
#	 4.508635e-01 3.007928e-01 8.389608e-02
#	 1.257533e-01 8.389608e-02 2.340000e-02
# H0W = 
#	 0.000000e+00 -1.199025e+05 -1.094547e+06
#	 1.199025e+05 0.000000e+00 -7.079134e+05
#	 1.094547e+06 7.079134e+05 0.000000e+00
# H0H0W = 
#	 0.000000e+00 3.188681e+10 9.526845e+12
#	 3.188681e+10 0.000000e+00 5.973360e+12
#	 9.526845e+12 5.973360e+12 0.000000e+00
# WH0W = 
#	 3.834049e+05 1.358854e+05 -1.023203e+06
#	 1.358854e+05 1.066302e+04 -7.049394e+05
#	 -1.023203e+06 -7.049394e+05 -3.940680e+05
#################################################
##            CALCULATION COMPLETED            ##
#################################################
# Psi[0]^2 = 0.638923 + I0.000000
# Psi[1]^2 = 0.337554 + I0.000000
# Psi[2]^2 = 0.023522 + I0.000000
# phi0 = -1.880265 
# phi1 = -1.231077 
# phi2 = 0.538369 
# Psi = 
#	-7.613552e-01+i(-2.434372e-01)
#	-5.477892e-01+i(1.936006e-01)
#	7.863843e-02+i(1.316752e-01)
#ProbSurv b 1-|Psi|^2 calls E tol dh dh(prev) dh(last)
0.533873361325	1	3.70913e-10	5479725	0.5	1e-06	0.0001	1.64242e-07	1.47828e-07
# a = 0.100000
# b = 1.000000
# E = 0.500000
# tol = 0.000000
# s12 = 0.554977
# s13 = 0.152971
# psi0 = 0.822075 + I0.000000	0.548446 + I0.000000	0.152971 + I0.000000
# dh = 0.000100
# out = data/E0.5_tol-6.5.log
# model = sun
# H0 = 
#	 0.000000e+00 0.000000e+00 0.000000e+00
#	 0.000000e+00 2.659396e+05 0.000000e+00
#	 0.000000e+00 0.000000e+00 8.703920e+06
# W = 
#	 6.758072e-01 4.508635e-01 1.257533e-01
#	 4.508635e-01 3.007928e-01 8.389608e-02
#	 1.257533e-01 8.389608e-02 2.340000e-02
# H0W = 
#	 0.000000e+00 -1.199025e+05 -1.094547e+06
#	 1.199025e+05 0.000000e+00 -7.079134e+05
#	 1.094547e+06 7.079134e+05 0.000000e+00
# H0H0W = 
#	 0.000000e+00 3.188681e+10 9.526845e+12
#	 3.188681e+10 0.000000e+00 5.973360e+12
#	 9.526845e+12 5.973360e+12 0.000000e+00
# WH0W = 
#	 3.834049e+05 1.358854e+05 -1.023203e+06
#	 1.358854e+05 1.066302e+04 -7.049394e+05
#	 -1.023203e+06 -7.049394e+05 -3.940680e+05
#################################################
##            CALCULATION COMPLETED            ##
#################################################
# Psi[0]^2 = 0.638923 + I0.000000
# Psi[1]^2 = 0.337554 + I0.000000
# Psi[2]^2 = 0.023522 + I0.000000
# phi0 = -1.880265 
# phi1 = -1.231122 
# phi2 = 0.536886 
# Psi = 
#	-7.613552e-01+i(-2.434372e-01)
#	-5.477980e-01+i(1.935757e-01)
#	7.844301e-02+i(1.317917e-01)
#ProbSurv b 1-|Psi|^2 calls E tol dh dh(prev) dh(last)
0.533873361412	1	2.73436e-10	8043136	0.5	3.16228e-07	0.0001	1.11897e-07	8.83463e-08
# a = 0.100000
# b = 1.000000
# E = 0.500000
# tol = 0.000000
# s12 = 0.554977
# s13 = 0.152971
# psi0 = 0.822075 + I0.000000	0.548446 + I0.000000	0.152971 + I0.000000
# dh = 0.000100
# out = data/E0.5_tol-7.0.log
# model = sun
# H0 = 
#	 0.000000e+00 0.000000e+00 0.000000e+00
#	 0.000000e+00 2.659396e+05 0.000000e+00
#	 0.000000e+00 0.000000e+00 8.703920e+06
# W = 
#	 6.758072e-01 4.508635e-01 1.257533e-01
#	 4.508635e-01 3.007928e-01 8.389608e-02
#	 1.257533e-01 8.389608e-02 2.340000e-02
# H0W = 
#	 0.000000e+00 -1.199025e+05 -1.094547e+06
#	 1.199025e+05 0.000000e+00 -7.079134e+05
#	 1.094547e+06 7.079134e+05 0.000000e+00
# H0H0W = 
#	 0.000000e+00 3.188681e+10 9.526845e+12
#	 3.188681e+10 0.000000e+00 5.973360e+12
#	 9.526845e+12 5.973360e+12 0.000000e+00
# WH0W = 
#	 3.834049e+05 1.358854e+05 -1.023203e+06
#	 1.358854e+05 1.066302e+04 -7.049394e+05
#	 -1.023203e+06 -7.049394e+05 -3.940680e+05
#################################################
##            CALCULATION COMPLETED            ##
#################################################
# Psi[0]^2 = 0.638923 + I0.000000
# Psi[1]^2 = 0.337554 + I0.000000
# Psi[2]^2 = 0.023522 + I0.000000
# phi0 = -1.880265 
# phi1 = -1.231065 
# phi2 = 0.538761 
# Psi = 
#	-7.613552e-01+i(-2.434373e-01)
#	-5.477869e-01+i(1.936071e-01)
#	7.869005e-02+i(1.316443e-01)
#ProbSurv b 1-|Psi|^2 calls E tol dh dh(prev) dh(last)
0.533873361416	1	1.94024e-10	11805709	0.5	1e-07	0.0001	7.62343e-08	3.99228e-08
# a = 0.100000
# b = 1.000000
# E = 0.500000
# tol = 0.000000
# s12 = 0.554977
# s13 = 0.152971
# psi0 = 0.822075 + I0.000000	0.548446 + I0.000000	0.152971 + I0.000000
# dh = 0.000100
# out = data/E0.5_tol-7.5.log
# model = sun
# H0 = 
#	 0.000000e+00 0.000000e+00 0.000000e+00
#	 0.000000e+00 2.659396e+05 0.000000e+00
#	 0.000000e+00 0.000000e+00 8.703920e+06
# W = 
#	 6.758072e-01 4.508635e-01 1.257533e-01
#	 4.508635e-01 3.007928e-01 8.389608e-02
#	 1.257533e-01 8.389608e-02 2.340000e-02
# H0W = 
#	 0.000000e+00 -1.199025e+05 -1.094547e+06
#	 1.199025e+05 0.000000e+00 -7.079134e+05
#	 1.094547e+06 7.079134e+05 0.000000e+00
# H0H0W = 
#	 0.000000e+00 3.188681e+10 9.526845e+12
#	 3.188681e+10 0.000000e+00 5.973360e+12
#	 9.526845e+12 5.973360e+12 0.000000e+00
# WH0W = 
#	 3.834049e+05 1.358854e+05 -1.023203e+06
#	 1.358854e+05 1.066302e+04 -7.049394e+05
#	 -1.023203e+06 -7.049394e+05 -3.940680e+05
#################################################
##            CALCULATION COMPLETED            ##
#################################################
# Psi[0]^2 = 0.638923 + I0.000000
# Psi[1]^2 = 0.337554 + I0.000000
# Psi[2]^2 = 0.023522 + I0.000000
# phi0 = -1.880265 
# phi1 = -1.231160 
# phi2 = 0.535653 
# Psi = 
#	-7.613552e-01+i(-2.434373e-01)
#	-5.478053e-01+i(1.935551e-01)
#	7.828045e-02+i(1.318883e-01)
#ProbSurv b 1-|Psi|^2 calls E tol dh dh(prev) dh(last)
 0.53387336152	1	1.35971e-10	17328410	0.5	3.16228e-08	0.0001	5.19378e-08	2.98906e-08
# a = 0.100000
# b = 1.000000
# E = 0.500000
# tol = 0.000000
# s12 = 0.554977
# s13 = 0.152971
# psi0 = 0.822075 + I0.000000	0.548446 + I0.000000	0.152971 + I0.000000
# dh = 0.000100
# out = data/E0.5_tol-8.0.log
# model = sun
# H0 = 
#	 0.000000e+00 0.000000e+00 0.000000e+00
#	 0.000000e+00 2.659396e+05 0.000000e+00
#	 0.000000e+00 0.000000e+00 8.703920e+06
# W = 
#	 6.758072e-01 4.508635e-01 1.257533e-01
#	 4.508635e-01 3.007928e-01 8.389608e-02
#	 1.257533e-01 8.389608e-02 2.340000e-02
# H0W = 
#	 0.000000e+00 -1.199025e+05 -1.094547e+06
#	 1.199025e+05 0.000000e+00 -7.079134e+05
#	 1.094547e+06 7.079134e+05 0.000000e+00
# H0H0W = 
#	 0.000000e+00 3.188681e+10 9.526845e+12
#	 3.188681e+10 0.000000e+00 5.973360e+12
#	 9.526845e+12 5.973360e+12 0.000000e+00
# WH0W = 
#	 3.834049e+05 1.358854e+05 -1.023203e+06
#	 1.358854e+05 1.066302e+04 -7.049394e+05
#	 -1.023203e+06 -7.049394e+05 -3.940680e+05
#################################################
##            CALCULATION COMPLETED            ##
#################################################
# Psi[0]^2 = 0.638923 + I0.000000
# Psi[1]^2 = 0.337554 + I0.000000
# Psi[2]^2 = 0.023522 + I0.000000
# phi0 = -1.880265 
# phi1 = -1.231116 
# phi2 = 0.537082 
# Psi = 
#	-7.613553e-01+i(-2.434371e-01)
#	-5.477968e-01+i(1.935791e-01)
#	7.846891e-02+i(1.317763e-01)
#ProbSurv b 1-|Psi|^2 calls E tol dh dh(prev) dh(last)
0.533873361513	1	9.26428e-11	25434626	0.5	1e-08	0.0001	3.53848e-08	3.18067e-08
