# a = 0.100000
# b = 1.000000
# E = 15.000000
# tol = 0.010000
# s12 = 0.554977
# s13 = 0.152971
# psi0 = 0.822075 + I0.000000	0.548446 + I0.000000	0.152971 + I0.000000
# dh = 0.000100
# out = data/E15.0_tol-2.0.log
# model = sun
# H0 = 
#	 0.000000e+00 0.000000e+00 0.000000e+00
#	 0.000000e+00 8.864652e+03 0.000000e+00
#	 0.000000e+00 0.000000e+00 2.901307e+05
# W = 
#	 6.758072e-01 4.508635e-01 1.257533e-01
#	 4.508635e-01 3.007928e-01 8.389608e-02
#	 1.257533e-01 8.389608e-02 2.340000e-02
# H0W = 
#	 0.000000e+00 -3.996749e+03 -3.648488e+04
#	 3.996749e+03 0.000000e+00 -2.359711e+04
#	 3.648488e+04 2.359711e+04 0.000000e+00
# H0H0W = 
#	 0.000000e+00 3.542979e+07 1.058538e+10
#	 3.542979e+07 0.000000e+00 6.637066e+09
#	 1.058538e+10 6.637066e+09 0.000000e+00
# WH0W = 
#	 1.278016e+04 4.529515e+03 -3.410677e+04
#	 4.529515e+03 3.554341e+02 -2.349798e+04
#	 -3.410677e+04 -2.349798e+04 -1.313560e+04

#################################################
##            CALCULATION COMPLETED            ##
#################################################

# Psi[0]^2 = 0.039700 + I0.000000
# Psi[1]^2 = 0.932780 + I0.000000
# Psi[2]^2 = 0.027521 + I0.000000

# phi0 = 2.434151 
# phi1 = -2.990799 
# phi2 = -0.858553 

# Psi = 
#	1.294892e-01+i(-1.514336e-01)
#	-1.450859e-01+i(-9.548455e-01)
#	-1.255641e-01+i(1.084166e-01)
#ProbSurv b 1-|Psi|^2 calls E tol dh dh(prev) dh(last)
0.308046730763	1	-5.86464e-12	9001	15	0.01	0.0001	0.0001	5e-05
# a = 0.100000
# b = 1.000000
# E = 15.000000
# tol = 0.003162
# s12 = 0.554977
# s13 = 0.152971
# psi0 = 0.822075 + I0.000000	0.548446 + I0.000000	0.152971 + I0.000000
# dh = 0.000100
# out = data/E15.0_tol-2.5.log
# model = sun
# H0 = 
#	 0.000000e+00 0.000000e+00 0.000000e+00
#	 0.000000e+00 8.864652e+03 0.000000e+00
#	 0.000000e+00 0.000000e+00 2.901307e+05
# W = 
#	 6.758072e-01 4.508635e-01 1.257533e-01
#	 4.508635e-01 3.007928e-01 8.389608e-02
#	 1.257533e-01 8.389608e-02 2.340000e-02
# H0W = 
#	 0.000000e+00 -3.996749e+03 -3.648488e+04
#	 3.996749e+03 0.000000e+00 -2.359711e+04
#	 3.648488e+04 2.359711e+04 0.000000e+00
# H0H0W = 
#	 0.000000e+00 3.542979e+07 1.058538e+10
#	 3.542979e+07 0.000000e+00 6.637066e+09
#	 1.058538e+10 6.637066e+09 0.000000e+00
# WH0W = 
#	 1.278016e+04 4.529515e+03 -3.410677e+04
#	 4.529515e+03 3.554341e+02 -2.349798e+04
#	 -3.410677e+04 -2.349798e+04 -1.313560e+04

#################################################
##            CALCULATION COMPLETED            ##
#################################################

# Psi[0]^2 = 0.039700 + I0.000000
# Psi[1]^2 = 0.932780 + I0.000000
# Psi[2]^2 = 0.027521 + I0.000000

# phi0 = 2.434151 
# phi1 = -2.990799 
# phi2 = -0.858553 

# Psi = 
#	1.294892e-01+i(-1.514336e-01)
#	-1.450859e-01+i(-9.548455e-01)
#	-1.255641e-01+i(1.084166e-01)
#ProbSurv b 1-|Psi|^2 calls E tol dh dh(prev) dh(last)
0.308046730763	1	-5.86464e-12	9001	15	0.00316228	0.0001	0.0001	5e-05
# a = 0.100000
# b = 1.000000
# E = 15.000000
# tol = 0.001000
# s12 = 0.554977
# s13 = 0.152971
# psi0 = 0.822075 + I0.000000	0.548446 + I0.000000	0.152971 + I0.000000
# dh = 0.000100
# out = data/E15.0_tol-3.0.log
# model = sun
# H0 = 
#	 0.000000e+00 0.000000e+00 0.000000e+00
#	 0.000000e+00 8.864652e+03 0.000000e+00
#	 0.000000e+00 0.000000e+00 2.901307e+05
# W = 
#	 6.758072e-01 4.508635e-01 1.257533e-01
#	 4.508635e-01 3.007928e-01 8.389608e-02
#	 1.257533e-01 8.389608e-02 2.340000e-02
# H0W = 
#	 0.000000e+00 -3.996749e+03 -3.648488e+04
#	 3.996749e+03 0.000000e+00 -2.359711e+04
#	 3.648488e+04 2.359711e+04 0.000000e+00
# H0H0W = 
#	 0.000000e+00 3.542979e+07 1.058538e+10
#	 3.542979e+07 0.000000e+00 6.637066e+09
#	 1.058538e+10 6.637066e+09 0.000000e+00
# WH0W = 
#	 1.278016e+04 4.529515e+03 -3.410677e+04
#	 4.529515e+03 3.554341e+02 -2.349798e+04
#	 -3.410677e+04 -2.349798e+04 -1.313560e+04

#################################################
##            CALCULATION COMPLETED            ##
#################################################

# Psi[0]^2 = 0.039700 + I0.000000
# Psi[1]^2 = 0.932780 + I0.000000
# Psi[2]^2 = 0.027521 + I0.000000

# phi0 = 2.434151 
# phi1 = -2.990799 
# phi2 = -0.858553 

# Psi = 
#	1.294892e-01+i(-1.514336e-01)
#	-1.450859e-01+i(-9.548455e-01)
#	-1.255641e-01+i(1.084166e-01)
#ProbSurv b 1-|Psi|^2 calls E tol dh dh(prev) dh(last)
0.308046730763	1	-5.86464e-12	9001	15	0.001	0.0001	0.0001	5e-05
# a = 0.100000
# b = 1.000000
# E = 15.000000
# tol = 0.000316
# s12 = 0.554977
# s13 = 0.152971
# psi0 = 0.822075 + I0.000000	0.548446 + I0.000000	0.152971 + I0.000000
# dh = 0.000100
# out = data/E15.0_tol-3.5.log
# model = sun
# H0 = 
#	 0.000000e+00 0.000000e+00 0.000000e+00
#	 0.000000e+00 8.864652e+03 0.000000e+00
#	 0.000000e+00 0.000000e+00 2.901307e+05
# W = 
#	 6.758072e-01 4.508635e-01 1.257533e-01
#	 4.508635e-01 3.007928e-01 8.389608e-02
#	 1.257533e-01 8.389608e-02 2.340000e-02
# H0W = 
#	 0.000000e+00 -3.996749e+03 -3.648488e+04
#	 3.996749e+03 0.000000e+00 -2.359711e+04
#	 3.648488e+04 2.359711e+04 0.000000e+00
# H0H0W = 
#	 0.000000e+00 3.542979e+07 1.058538e+10
#	 3.542979e+07 0.000000e+00 6.637066e+09
#	 1.058538e+10 6.637066e+09 0.000000e+00
# WH0W = 
#	 1.278016e+04 4.529515e+03 -3.410677e+04
#	 4.529515e+03 3.554341e+02 -2.349798e+04
#	 -3.410677e+04 -2.349798e+04 -1.313560e+04

#################################################
##            CALCULATION COMPLETED            ##
#################################################

# Psi[0]^2 = 0.039700 + I0.000000
# Psi[1]^2 = 0.932780 + I0.000000
# Psi[2]^2 = 0.027521 + I0.000000

# phi0 = 2.434151 
# phi1 = -2.990799 
# phi2 = -0.858553 

# Psi = 
#	1.294892e-01+i(-1.514336e-01)
#	-1.450859e-01+i(-9.548455e-01)
#	-1.255641e-01+i(1.084166e-01)
#ProbSurv b 1-|Psi|^2 calls E tol dh dh(prev) dh(last)
0.308046730763	1	-5.86464e-12	9001	15	0.000316228	0.0001	0.0001	5e-05
# a = 0.100000
# b = 1.000000
# E = 15.000000
# tol = 0.000100
# s12 = 0.554977
# s13 = 0.152971
# psi0 = 0.822075 + I0.000000	0.548446 + I0.000000	0.152971 + I0.000000
# dh = 0.000100
# out = data/E15.0_tol-4.0.log
# model = sun
# H0 = 
#	 0.000000e+00 0.000000e+00 0.000000e+00
#	 0.000000e+00 8.864652e+03 0.000000e+00
#	 0.000000e+00 0.000000e+00 2.901307e+05
# W = 
#	 6.758072e-01 4.508635e-01 1.257533e-01
#	 4.508635e-01 3.007928e-01 8.389608e-02
#	 1.257533e-01 8.389608e-02 2.340000e-02
# H0W = 
#	 0.000000e+00 -3.996749e+03 -3.648488e+04
#	 3.996749e+03 0.000000e+00 -2.359711e+04
#	 3.648488e+04 2.359711e+04 0.000000e+00
# H0H0W = 
#	 0.000000e+00 3.542979e+07 1.058538e+10
#	 3.542979e+07 0.000000e+00 6.637066e+09
#	 1.058538e+10 6.637066e+09 0.000000e+00
# WH0W = 
#	 1.278016e+04 4.529515e+03 -3.410677e+04
#	 4.529515e+03 3.554341e+02 -2.349798e+04
#	 -3.410677e+04 -2.349798e+04 -1.313560e+04

#################################################
##            CALCULATION COMPLETED            ##
#################################################

# Psi[0]^2 = 0.039700 + I0.000000
# Psi[1]^2 = 0.932780 + I0.000000
# Psi[2]^2 = 0.027521 + I0.000000

# phi0 = 2.434162 
# phi1 = -2.990795 
# phi2 = -0.858649 

# Psi = 
#	1.294876e-01+i(-1.514350e-01)
#	-1.450903e-01+i(-9.548449e-01)
#	-1.255745e-01+i(1.084045e-01)
#ProbSurv b 1-|Psi|^2 calls E tol dh dh(prev) dh(last)
0.308046729569	1	-6.62936e-12	11920	15	0.0001	0.0001	7.551e-05	7.36887e-05
# a = 0.100000
# b = 1.000000
# E = 15.000000
# tol = 0.000032
# s12 = 0.554977
# s13 = 0.152971
# psi0 = 0.822075 + I0.000000	0.548446 + I0.000000	0.152971 + I0.000000
# dh = 0.000100
# out = data/E15.0_tol-4.5.log
# model = sun
# H0 = 
#	 0.000000e+00 0.000000e+00 0.000000e+00
#	 0.000000e+00 8.864652e+03 0.000000e+00
#	 0.000000e+00 0.000000e+00 2.901307e+05
# W = 
#	 6.758072e-01 4.508635e-01 1.257533e-01
#	 4.508635e-01 3.007928e-01 8.389608e-02
#	 1.257533e-01 8.389608e-02 2.340000e-02
# H0W = 
#	 0.000000e+00 -3.996749e+03 -3.648488e+04
#	 3.996749e+03 0.000000e+00 -2.359711e+04
#	 3.648488e+04 2.359711e+04 0.000000e+00
# H0H0W = 
#	 0.000000e+00 3.542979e+07 1.058538e+10
#	 3.542979e+07 0.000000e+00 6.637066e+09
#	 1.058538e+10 6.637066e+09 0.000000e+00
# WH0W = 
#	 1.278016e+04 4.529515e+03 -3.410677e+04
#	 4.529515e+03 3.554341e+02 -2.349798e+04
#	 -3.410677e+04 -2.349798e+04 -1.313560e+04

#################################################
##            CALCULATION COMPLETED            ##
#################################################

# Psi[0]^2 = 0.039700 + I0.000000
# Psi[1]^2 = 0.932780 + I0.000000
# Psi[2]^2 = 0.027521 + I0.000000

# phi0 = 2.434165 
# phi1 = -2.990794 
# phi2 = -0.858725 

# Psi = 
#	1.294872e-01+i(-1.514354e-01)
#	-1.450909e-01+i(-9.548448e-01)
#	-1.255828e-01+i(1.083950e-01)
#ProbSurv b 1-|Psi|^2 calls E tol dh dh(prev) dh(last)
0.308046728029	1	-3.57336e-12	17496	15	3.16228e-05	0.0001	5.14444e-05	4.18927e-05
# a = 0.100000
# b = 1.000000
# E = 15.000000
# tol = 0.000010
# s12 = 0.554977
# s13 = 0.152971
# psi0 = 0.822075 + I0.000000	0.548446 + I0.000000	0.152971 + I0.000000
# dh = 0.000100
# out = data/E15.0_tol-5.0.log
# model = sun
# H0 = 
#	 0.000000e+00 0.000000e+00 0.000000e+00
#	 0.000000e+00 8.864652e+03 0.000000e+00
#	 0.000000e+00 0.000000e+00 2.901307e+05
# W = 
#	 6.758072e-01 4.508635e-01 1.257533e-01
#	 4.508635e-01 3.007928e-01 8.389608e-02
#	 1.257533e-01 8.389608e-02 2.340000e-02
# H0W = 
#	 0.000000e+00 -3.996749e+03 -3.648488e+04
#	 3.996749e+03 0.000000e+00 -2.359711e+04
#	 3.648488e+04 2.359711e+04 0.000000e+00
# H0H0W = 
#	 0.000000e+00 3.542979e+07 1.058538e+10
#	 3.542979e+07 0.000000e+00 6.637066e+09
#	 1.058538e+10 6.637066e+09 0.000000e+00
# WH0W = 
#	 1.278016e+04 4.529515e+03 -3.410677e+04
#	 4.529515e+03 3.554341e+02 -2.349798e+04
#	 -3.410677e+04 -2.349798e+04 -1.313560e+04

#################################################
##            CALCULATION COMPLETED            ##
#################################################

# Psi[0]^2 = 0.039700 + I0.000000
# Psi[1]^2 = 0.932780 + I0.000000
# Psi[2]^2 = 0.027521 + I0.000000

# phi0 = 2.434165 
# phi1 = -2.990795 
# phi2 = -0.858791 

# Psi = 
#	1.294872e-01+i(-1.514353e-01)
#	-1.450897e-01+i(-9.548449e-01)
#	-1.255899e-01+i(1.083867e-01)
#ProbSurv b 1-|Psi|^2 calls E tol dh dh(prev) dh(last)
0.308046727093	1	1.60449e-12	25680	15	1e-05	0.0001	3.50486e-05	2.80939e-05
# a = 0.100000
# b = 1.000000
# E = 15.000000
# tol = 0.000003
# s12 = 0.554977
# s13 = 0.152971
# psi0 = 0.822075 + I0.000000	0.548446 + I0.000000	0.152971 + I0.000000
# dh = 0.000100
# out = data/E15.0_tol-5.5.log
# model = sun
# H0 = 
#	 0.000000e+00 0.000000e+00 0.000000e+00
#	 0.000000e+00 8.864652e+03 0.000000e+00
#	 0.000000e+00 0.000000e+00 2.901307e+05
# W = 
#	 6.758072e-01 4.508635e-01 1.257533e-01
#	 4.508635e-01 3.007928e-01 8.389608e-02
#	 1.257533e-01 8.389608e-02 2.340000e-02
# H0W = 
#	 0.000000e+00 -3.996749e+03 -3.648488e+04
#	 3.996749e+03 0.000000e+00 -2.359711e+04
#	 3.648488e+04 2.359711e+04 0.000000e+00
# H0H0W = 
#	 0.000000e+00 3.542979e+07 1.058538e+10
#	 3.542979e+07 0.000000e+00 6.637066e+09
#	 1.058538e+10 6.637066e+09 0.000000e+00
# WH0W = 
#	 1.278016e+04 4.529515e+03 -3.410677e+04
#	 4.529515e+03 3.554341e+02 -2.349798e+04
#	 -3.410677e+04 -2.349798e+04 -1.313560e+04

#################################################
##            CALCULATION COMPLETED            ##
#################################################

# Psi[0]^2 = 0.039700 + I0.000000
# Psi[1]^2 = 0.932782 + I0.000000
# Psi[2]^2 = 0.027518 + I0.000000

# phi0 = 2.434166 
# phi1 = -2.990780 
# phi2 = -0.858282 

# Psi = 
#	1.294870e-01+i(-1.514355e-01)
#	-1.451042e-01+i(-9.548441e-01)
#	-1.255289e-01+i(1.084458e-01)
#ProbSurv b 1-|Psi|^2 calls E tol dh dh(prev) dh(last)
0.308047421568	1	-2.45293e-12	37693	15	3.16228e-06	0.0001	2.38784e-05	1.23556e-05
# a = 0.100000
# b = 1.000000
# E = 15.000000
# tol = 0.000001
# s12 = 0.554977
# s13 = 0.152971
# psi0 = 0.822075 + I0.000000	0.548446 + I0.000000	0.152971 + I0.000000
# dh = 0.000100
# out = data/E15.0_tol-6.0.log
# model = sun
# H0 = 
#	 0.000000e+00 0.000000e+00 0.000000e+00
#	 0.000000e+00 8.864652e+03 0.000000e+00
#	 0.000000e+00 0.000000e+00 2.901307e+05
# W = 
#	 6.758072e-01 4.508635e-01 1.257533e-01
#	 4.508635e-01 3.007928e-01 8.389608e-02
#	 1.257533e-01 8.389608e-02 2.340000e-02
# H0W = 
#	 0.000000e+00 -3.996749e+03 -3.648488e+04
#	 3.996749e+03 0.000000e+00 -2.359711e+04
#	 3.648488e+04 2.359711e+04 0.000000e+00
# H0H0W = 
#	 0.000000e+00 3.542979e+07 1.058538e+10
#	 3.542979e+07 0.000000e+00 6.637066e+09
#	 1.058538e+10 6.637066e+09 0.000000e+00
# WH0W = 
#	 1.278016e+04 4.529515e+03 -3.410677e+04
#	 4.529515e+03 3.554341e+02 -2.349798e+04
#	 -3.410677e+04 -2.349798e+04 -1.313560e+04

#################################################
##            CALCULATION COMPLETED            ##
#################################################

# Psi[0]^2 = 0.039700 + I0.000000
# Psi[1]^2 = 0.932780 + I0.000000
# Psi[2]^2 = 0.027521 + I0.000000

# phi0 = 2.434165 
# phi1 = -2.990796 
# phi2 = -0.858816 

# Psi = 
#	1.294872e-01+i(-1.514353e-01)
#	-1.450892e-01+i(-9.548450e-01)
#	-1.255926e-01+i(1.083836e-01)
#ProbSurv b 1-|Psi|^2 calls E tol dh dh(prev) dh(last)
0.308046727057	1	5.27023e-12	55324	15	1e-06	0.0001	1.62681e-05	1.52383e-05
# a = 0.100000
# b = 1.000000
# E = 15.000000
# tol = 0.000000
# s12 = 0.554977
# s13 = 0.152971
# psi0 = 0.822075 + I0.000000	0.548446 + I0.000000	0.152971 + I0.000000
# dh = 0.000100
# out = data/E15.0_tol-6.5.log
# model = sun
# H0 = 
#	 0.000000e+00 0.000000e+00 0.000000e+00
#	 0.000000e+00 8.864652e+03 0.000000e+00
#	 0.000000e+00 0.000000e+00 2.901307e+05
# W = 
#	 6.758072e-01 4.508635e-01 1.257533e-01
#	 4.508635e-01 3.007928e-01 8.389608e-02
#	 1.257533e-01 8.389608e-02 2.340000e-02
# H0W = 
#	 0.000000e+00 -3.996749e+03 -3.648488e+04
#	 3.996749e+03 0.000000e+00 -2.359711e+04
#	 3.648488e+04 2.359711e+04 0.000000e+00
# H0H0W = 
#	 0.000000e+00 3.542979e+07 1.058538e+10
#	 3.542979e+07 0.000000e+00 6.637066e+09
#	 1.058538e+10 6.637066e+09 0.000000e+00
# WH0W = 
#	 1.278016e+04 4.529515e+03 -3.410677e+04
#	 4.529515e+03 3.554341e+02 -2.349798e+04
#	 -3.410677e+04 -2.349798e+04 -1.313560e+04

#################################################
##            CALCULATION COMPLETED            ##
#################################################

# Psi[0]^2 = 0.039700 + I0.000000
# Psi[1]^2 = 0.932780 + I0.000000
# Psi[2]^2 = 0.027521 + I0.000000

# phi0 = 2.434165 
# phi1 = -2.990796 
# phi2 = -0.858814 

# Psi = 
#	1.294872e-01+i(-1.514353e-01)
#	-1.450893e-01+i(-9.548450e-01)
#	-1.255923e-01+i(1.083839e-01)
#ProbSurv b 1-|Psi|^2 calls E tol dh dh(prev) dh(last)
0.308046727056	1	1.31206e-11	81204	15	3.16228e-07	0.0001	1.10834e-05	1.03798e-05
# a = 0.100000
# b = 1.000000
# E = 15.000000
# tol = 0.000000
# s12 = 0.554977
# s13 = 0.152971
# psi0 = 0.822075 + I0.000000	0.548446 + I0.000000	0.152971 + I0.000000
# dh = 0.000100
# out = data/E15.0_tol-7.0.log
# model = sun
# H0 = 
#	 0.000000e+00 0.000000e+00 0.000000e+00
#	 0.000000e+00 8.864652e+03 0.000000e+00
#	 0.000000e+00 0.000000e+00 2.901307e+05
# W = 
#	 6.758072e-01 4.508635e-01 1.257533e-01
#	 4.508635e-01 3.007928e-01 8.389608e-02
#	 1.257533e-01 8.389608e-02 2.340000e-02
# H0W = 
#	 0.000000e+00 -3.996749e+03 -3.648488e+04
#	 3.996749e+03 0.000000e+00 -2.359711e+04
#	 3.648488e+04 2.359711e+04 0.000000e+00
# H0H0W = 
#	 0.000000e+00 3.542979e+07 1.058538e+10
#	 3.542979e+07 0.000000e+00 6.637066e+09
#	 1.058538e+10 6.637066e+09 0.000000e+00
# WH0W = 
#	 1.278016e+04 4.529515e+03 -3.410677e+04
#	 4.529515e+03 3.554341e+02 -2.349798e+04
#	 -3.410677e+04 -2.349798e+04 -1.313560e+04

#################################################
##            CALCULATION COMPLETED            ##
#################################################

# Psi[0]^2 = 0.039700 + I0.000000
# Psi[1]^2 = 0.932780 + I0.000000
# Psi[2]^2 = 0.027521 + I0.000000

# phi0 = 2.434165 
# phi1 = -2.990796 
# phi2 = -0.858813 

# Psi = 
#	1.294872e-01+i(-1.514353e-01)
#	-1.450893e-01+i(-9.548450e-01)
#	-1.255922e-01+i(1.083840e-01)
#ProbSurv b 1-|Psi|^2 calls E tol dh dh(prev) dh(last)
0.308046727056	1	1.42457e-11	119191	15	1e-07	0.0001	7.551e-06	5.72966e-06
# a = 0.100000
# b = 1.000000
# E = 15.000000
# tol = 0.000000
# s12 = 0.554977
# s13 = 0.152971
# psi0 = 0.822075 + I0.000000	0.548446 + I0.000000	0.152971 + I0.000000
# dh = 0.000100
# out = data/E15.0_tol-7.5.log
# model = sun
# H0 = 
#	 0.000000e+00 0.000000e+00 0.000000e+00
#	 0.000000e+00 8.864652e+03 0.000000e+00
#	 0.000000e+00 0.000000e+00 2.901307e+05
# W = 
#	 6.758072e-01 4.508635e-01 1.257533e-01
#	 4.508635e-01 3.007928e-01 8.389608e-02
#	 1.257533e-01 8.389608e-02 2.340000e-02
# H0W = 
#	 0.000000e+00 -3.996749e+03 -3.648488e+04
#	 3.996749e+03 0.000000e+00 -2.359711e+04
#	 3.648488e+04 2.359711e+04 0.000000e+00
# H0H0W = 
#	 0.000000e+00 3.542979e+07 1.058538e+10
#	 3.542979e+07 0.000000e+00 6.637066e+09
#	 1.058538e+10 6.637066e+09 0.000000e+00
# WH0W = 
#	 1.278016e+04 4.529515e+03 -3.410677e+04
#	 4.529515e+03 3.554341e+02 -2.349798e+04
#	 -3.410677e+04 -2.349798e+04 -1.313560e+04

#################################################
##            CALCULATION COMPLETED            ##
#################################################

# Psi[0]^2 = 0.039700 + I0.000000
# Psi[1]^2 = 0.932780 + I0.000000
# Psi[2]^2 = 0.027521 + I0.000000

# phi0 = 2.434165 
# phi1 = -2.990796 
# phi2 = -0.858814 

# Psi = 
#	1.294872e-01+i(-1.514353e-01)
#	-1.450893e-01+i(-9.548450e-01)
#	-1.255924e-01+i(1.083838e-01)
#ProbSurv b 1-|Psi|^2 calls E tol dh dh(prev) dh(last)
0.308046727057	1	1.16787e-11	174948	15	3.16228e-08	0.0001	5.14444e-06	3.30948e-06
# a = 0.100000
# b = 1.000000
# E = 15.000000
# tol = 0.000000
# s12 = 0.554977
# s13 = 0.152971
# psi0 = 0.822075 + I0.000000	0.548446 + I0.000000	0.152971 + I0.000000
# dh = 0.000100
# out = data/E15.0_tol-8.0.log
# model = sun
# H0 = 
#	 0.000000e+00 0.000000e+00 0.000000e+00
#	 0.000000e+00 8.864652e+03 0.000000e+00
#	 0.000000e+00 0.000000e+00 2.901307e+05
# W = 
#	 6.758072e-01 4.508635e-01 1.257533e-01
#	 4.508635e-01 3.007928e-01 8.389608e-02
#	 1.257533e-01 8.389608e-02 2.340000e-02
# H0W = 
#	 0.000000e+00 -3.996749e+03 -3.648488e+04
#	 3.996749e+03 0.000000e+00 -2.359711e+04
#	 3.648488e+04 2.359711e+04 0.000000e+00
# H0H0W = 
#	 0.000000e+00 3.542979e+07 1.058538e+10
#	 3.542979e+07 0.000000e+00 6.637066e+09
#	 1.058538e+10 6.637066e+09 0.000000e+00
# WH0W = 
#	 1.278016e+04 4.529515e+03 -3.410677e+04
#	 4.529515e+03 3.554341e+02 -2.349798e+04
#	 -3.410677e+04 -2.349798e+04 -1.313560e+04

#################################################
##            CALCULATION COMPLETED            ##
#################################################

# Psi[0]^2 = 0.039700 + I0.000000
# Psi[1]^2 = 0.932780 + I0.000000
# Psi[2]^2 = 0.027521 + I0.000000

# phi0 = 2.434165 
# phi1 = -2.990796 
# phi2 = -0.858814 

# Psi = 
#	1.294872e-01+i(-1.514353e-01)
#	-1.450893e-01+i(-9.548450e-01)
#	-1.255924e-01+i(1.083839e-01)
#ProbSurv b 1-|Psi|^2 calls E tol dh dh(prev) dh(last)
0.308046727058	1	8.52984e-12	256788	15	1e-08	0.0001	3.50486e-06	1.80742e-06
