# a = 0.100000
# b = 1.000000
# E = 0.010000
# tol = 0.000050
# s12 = 0.554977
# s13 = 0.152971
# psi0 = 0.822075 + I0.000000	0.548446 + I0.000000	0.152971 + I0.000000
# dh = 0.000100
# out = data200215/E1e-2_tol5e-5.log
# model = sun
# H0 = 
#	 0.000000e+00 0.000000e+00 0.000000e+00
#	 0.000000e+00 1.329698e+07 0.000000e+00
#	 0.000000e+00 0.000000e+00 4.351960e+08
# W = 
#	 6.758072e-01 4.508635e-01 1.257533e-01
#	 4.508635e-01 3.007928e-01 8.389608e-02
#	 1.257533e-01 8.389608e-02 2.340000e-02
# H0W = 
#	 0.000000e+00 -5.995123e+06 -5.472733e+07
#	 5.995123e+06 0.000000e+00 -3.539567e+07
#	 5.472733e+07 3.539567e+07 0.000000e+00
# H0H0W = 
#	 0.000000e+00 7.971702e+13 2.381711e+16
#	 7.971702e+13 0.000000e+00 1.493340e+16
#	 2.381711e+16 1.493340e+16 0.000000e+00
# WH0W = 
#	 1.917025e+07 6.794272e+06 -5.116015e+07
#	 6.794272e+06 5.331512e+05 -3.524697e+07
#	 -5.116015e+07 -3.524697e+07 -1.970340e+07
#################################################
##            CALCULATION COMPLETED            ##
#################################################
# Psi[0]^2 = 0.675102 + I0.000000
# Psi[1]^2 = 0.301496 + I0.000000
# Psi[2]^2 = 0.023402 + I0.000000
# phi0 = -1.498923 
# phi1 = -2.476111 
# phi2 = -1.554027 
# Psi = 
#	-8.195246e-01+i(5.900362e-02)
#	-3.390266e-01+i(-4.319219e-01)
#	-1.529570e-01+i(2.565169e-03)
#ProbSurv b 1-|Psi|^2 calls E tol dh dh(prev) dh(last)
0.547474093894	1	2.2985e-08	162428333	0.01	5e-05	0.0001	5.54091e-09	3.14096e-09
