# a = 0.100000
# b = 1.000000
# E = 1000.000000
# tol = 0.000000
# s12 = 0.554977
# s13 = 0.152971
# psi0 = 0.822075 + I0.000000	0.548446 + I0.000000	0.152971 + I0.000000
# dh = 0.000100
# out = data200215/E1e3_tol5e-8.log
# model = sun
# H0 = 
#	 0.000000e+00 0.000000e+00 0.000000e+00
#	 0.000000e+00 1.329698e+02 0.000000e+00
#	 0.000000e+00 0.000000e+00 4.351960e+03
# W = 
#	 6.758072e-01 4.508635e-01 1.257533e-01
#	 4.508635e-01 3.007928e-01 8.389608e-02
#	 1.257533e-01 8.389608e-02 2.340000e-02
# H0W = 
#	 0.000000e+00 -5.995123e+01 -5.472733e+02
#	 5.995123e+01 0.000000e+00 -3.539567e+02
#	 5.472733e+02 3.539567e+02 0.000000e+00
# H0H0W = 
#	 0.000000e+00 7.971702e+03 2.381711e+06
#	 7.971702e+03 0.000000e+00 1.493340e+06
#	 2.381711e+06 1.493340e+06 0.000000e+00
# WH0W = 
#	 1.917025e+02 6.794272e+01 -5.116015e+02
#	 6.794272e+01 5.331512e+00 -3.524697e+02
#	 -5.116015e+02 -3.524697e+02 -1.970340e+02
#################################################
##            CALCULATION COMPLETED            ##
#################################################
# Psi[0]^2 = 0.000009 + I0.000000
# Psi[1]^2 = 0.001187 + I0.000000
# Psi[2]^2 = 0.998804 + I0.000000
# phi0 = 0.141547 
# phi1 = 0.395066 
# phi2 = 1.183018 
# Psi = 
#	4.140156e-04+i(2.905377e-03)
#	1.326147e-02+i(3.180289e-02)
#	9.251977e-01+i(3.779064e-01)
#ProbSurv b 1-|Psi|^2 calls E tol dh dh(prev) dh(last)
0.0237349648078	1	-6.92779e-14	9001	1000	5e-08	0.0001	0.0001	5e-05
