# a = 0.100000
# b = 1.000000
# E = 10000.000000
# tol = 0.000000
# s12 = 0.554977
# s13 = 0.152971
# psi0 = 0.822075 + I0.000000	0.548446 + I0.000000	0.152971 + I0.000000
# dh = 0.000100
# out = data200215/E1e4_tol5e-7.log
# model = sun
# H0 = 
#	 0.000000e+00 0.000000e+00 0.000000e+00
#	 0.000000e+00 1.329698e+01 0.000000e+00
#	 0.000000e+00 0.000000e+00 4.351960e+02
# W = 
#	 6.758072e-01 4.508635e-01 1.257533e-01
#	 4.508635e-01 3.007928e-01 8.389608e-02
#	 1.257533e-01 8.389608e-02 2.340000e-02
# H0W = 
#	 0.000000e+00 -5.995123e+00 -5.472733e+01
#	 5.995123e+00 0.000000e+00 -3.539567e+01
#	 5.472733e+01 3.539567e+01 0.000000e+00
# H0H0W = 
#	 0.000000e+00 7.971702e+01 2.381711e+04
#	 7.971702e+01 0.000000e+00 1.493340e+04
#	 2.381711e+04 1.493340e+04 0.000000e+00
# WH0W = 
#	 1.917025e+01 6.794272e+00 -5.116015e+01
#	 6.794272e+00 5.331512e-01 -3.524697e+01
#	 -5.116015e+01 -3.524697e+01 -1.970340e+01
#################################################
##            CALCULATION COMPLETED            ##
#################################################
# Psi[0]^2 = 0.000209 + I0.000000
# Psi[1]^2 = 0.002147 + I0.000000
# Psi[2]^2 = 0.997644 + I0.000000
# phi0 = 2.916746 
# phi1 = -1.161749 
# phi2 = -2.131439 
# Psi = 
#	3.221937e-03+i(-1.408719e-02)
#	-4.250989e-02+i(1.842798e-02)
#	-8.459158e-01+i(-5.311036e-01)
#ProbSurv b 1-|Psi|^2 calls E tol dh dh(prev) dh(last)
0.024131715995	1	-8.9484e-14	9001	10000	5e-07	0.0001	0.0001	5e-05
