# a = 0.100000
# b = 1.000000
# E = 100000.000000
# tol = 0.050000
# s12 = 0.554977
# s13 = 0.152971
# psi0 = 0.822075 + I0.000000	0.548446 + I0.000000	0.152971 + I0.000000
# dh = 0.000100
# out = data200215/E1e5_tol5e-2.log
# model = sun
# H0 = 
#	 0.000000e+00 0.000000e+00 0.000000e+00
#	 0.000000e+00 1.329698e+00 0.000000e+00
#	 0.000000e+00 0.000000e+00 4.351960e+01
# W = 
#	 6.758072e-01 4.508635e-01 1.257533e-01
#	 4.508635e-01 3.007928e-01 8.389608e-02
#	 1.257533e-01 8.389608e-02 2.340000e-02
# H0W = 
#	 0.000000e+00 -5.995123e-01 -5.472733e+00
#	 5.995123e-01 0.000000e+00 -3.539567e+00
#	 5.472733e+00 3.539567e+00 0.000000e+00
# H0H0W = 
#	 0.000000e+00 7.971702e-01 2.381711e+02
#	 7.971702e-01 0.000000e+00 1.493340e+02
#	 2.381711e+02 1.493340e+02 0.000000e+00
# WH0W = 
#	 1.917025e+00 6.794272e-01 -5.116015e+00
#	 6.794272e-01 5.331512e-02 -3.524697e+00
#	 -5.116015e+00 -3.524697e+00 -1.970340e+00
#################################################
##            CALCULATION COMPLETED            ##
#################################################
# Psi[0]^2 = 0.339270 + I0.000000
# Psi[1]^2 = 0.203360 + I0.000000
# Psi[2]^2 = 0.457370 + I0.000000
# phi0 = 3.114876 
# phi1 = -2.980662 
# phi2 = 0.742310 
# Psi = 
#	1.555968e-02+i(-5.822610e-01)
#	-7.225939e-02+i(-4.451275e-01)
#	4.571675e-01+i(4.983653e-01)
#ProbSurv b 1-|Psi|^2 calls E tol dh dh(prev) dh(last)
0.301152737063	1	-6.03961e-14	9001	100000	0.05	0.0001	0.0001	5e-05
