# a = 0.100000
# b = 1.000000
# E = 0.050000
# tol = 0.000010
# s12 = 0.554977
# s13 = 0.152971
# psi0 = 0.822075 + I0.000000	0.548446 + I0.000000	0.152971 + I0.000000
# dh = 0.000100
# out = data200215/E5e-2_tol1e-5.log
# model = sun
# H0 = 
#	 0.000000e+00 0.000000e+00 0.000000e+00
#	 0.000000e+00 2.659396e+06 0.000000e+00
#	 0.000000e+00 0.000000e+00 8.703920e+07
# W = 
#	 6.758072e-01 4.508635e-01 1.257533e-01
#	 4.508635e-01 3.007928e-01 8.389608e-02
#	 1.257533e-01 8.389608e-02 2.340000e-02
# H0W = 
#	 0.000000e+00 -1.199025e+06 -1.094547e+07
#	 1.199025e+06 0.000000e+00 -7.079134e+06
#	 1.094547e+07 7.079134e+06 0.000000e+00
# H0H0W = 
#	 0.000000e+00 3.188681e+12 9.526845e+14
#	 3.188681e+12 0.000000e+00 5.973360e+14
#	 9.526845e+14 5.973360e+14 0.000000e+00
# WH0W = 
#	 3.834049e+06 1.358854e+06 -1.023203e+07
#	 1.358854e+06 1.066302e+05 -7.049394e+06
#	 -1.023203e+07 -7.049394e+06 -3.940680e+06
#################################################
##            CALCULATION COMPLETED            ##
#################################################
# Psi[0]^2 = 0.672268 + I0.000000
# Psi[1]^2 = 0.304320 + I0.000000
# Psi[2]^2 = 0.023412 + I0.000000
# phi0 = -3.039525 
# phi1 = 2.121586 
# phi2 = 2.667831 
# Psi = 
#	-8.354169e-02+i(-8.156521e-01)
#	4.700693e-01+i(-2.887127e-01)
#	6.980900e-02+i(-1.361576e-01)
#ProbSurv b 1-|Psi|^2 calls E tol dh dh(prev) dh(last)
0.546408462409	1	3.89008e-09	51422529	0.05	1e-05	0.0001	1.75021e-08	1.09866e-08
