# a = 0.100000
# b = 1.000000
# E = 5.000000
# tol = 0.005000
# s12 = 0.554977
# s13 = 0.152971
# psi0 = 0.822075 + I0.000000	0.548446 + I0.000000	0.152971 + I0.000000
# dh = 0.000100
# out = data200215/E5e0_tol5e-3.log
# model = sun
# H0 = 
#	 0.000000e+00 0.000000e+00 0.000000e+00
#	 0.000000e+00 2.659396e+04 0.000000e+00
#	 0.000000e+00 0.000000e+00 8.703920e+05
# W = 
#	 6.758072e-01 4.508635e-01 1.257533e-01
#	 4.508635e-01 3.007928e-01 8.389608e-02
#	 1.257533e-01 8.389608e-02 2.340000e-02
# H0W = 
#	 0.000000e+00 -1.199025e+04 -1.094547e+05
#	 1.199025e+04 0.000000e+00 -7.079134e+04
#	 1.094547e+05 7.079134e+04 0.000000e+00
# H0H0W = 
#	 0.000000e+00 3.188681e+08 9.526845e+10
#	 3.188681e+08 0.000000e+00 5.973360e+10
#	 9.526845e+10 5.973360e+10 0.000000e+00
# WH0W = 
#	 3.834049e+04 1.358854e+04 -1.023203e+05
#	 1.358854e+04 1.066302e+03 -7.049394e+04
#	 -1.023203e+05 -7.049394e+04 -3.940680e+04
#################################################
##            CALCULATION COMPLETED            ##
#################################################
# Psi[0]^2 = 0.270359 + I0.000000
# Psi[1]^2 = 0.704977 + I0.000000
# Psi[2]^2 = 0.024664 + I0.000000
# phi0 = -1.359716 
# phi1 = -0.688798 
# phi2 = -0.313666 
# Psi = 
#	-5.084203e-01+i(1.089404e-01)
#	-5.336765e-01+i(6.482024e-01)
#	-4.845659e-02+i(1.493847e-01)
#ProbSurv b 1-|Psi|^2 calls E tol dh dh(prev) dh(last)
0.395339835582	1	-1.92899e-11	14499	5	0.005	0.0001	6.20791e-05	3.19302e-05
