# a = 0.100000
# b = 1.000000
# E = 50.000000
# tol = 0.000500
# s12 = 0.554977
# s13 = 0.152971
# psi0 = 0.822075 + I0.000000	0.548446 + I0.000000	0.152971 + I0.000000
# dh = 0.000100
# out = data200215/E5e1_tol5e-4.log
# model = sun
# H0 = 
#	 0.000000e+00 0.000000e+00 0.000000e+00
#	 0.000000e+00 2.659396e+03 0.000000e+00
#	 0.000000e+00 0.000000e+00 8.703920e+04
# W = 
#	 6.758072e-01 4.508635e-01 1.257533e-01
#	 4.508635e-01 3.007928e-01 8.389608e-02
#	 1.257533e-01 8.389608e-02 2.340000e-02
# H0W = 
#	 0.000000e+00 -1.199025e+03 -1.094547e+04
#	 1.199025e+03 0.000000e+00 -7.079134e+03
#	 1.094547e+04 7.079134e+03 0.000000e+00
# H0H0W = 
#	 0.000000e+00 3.188681e+06 9.526845e+08
#	 3.188681e+06 0.000000e+00 5.973360e+08
#	 9.526845e+08 5.973360e+08 0.000000e+00
# WH0W = 
#	 3.834049e+03 1.358854e+03 -1.023203e+04
#	 1.358854e+03 1.066302e+02 -7.049394e+03
#	 -1.023203e+04 -7.049394e+03 -3.940680e+03
#################################################
##            CALCULATION COMPLETED            ##
#################################################
# Psi[0]^2 = 0.003154 + I0.000000
# Psi[1]^2 = 0.954450 + I0.000000
# Psi[2]^2 = 0.042397 + I0.000000
# phi0 = -1.577031 
# phi1 = 2.389761 
# phi2 = 0.614434 
# Psi = 
#	-5.615709e-02+i(-3.501296e-04)
#	6.672415e-01+i(-7.136094e-01)
#	1.187030e-01+i(1.682444e-01)
#ProbSurv b 1-|Psi|^2 calls E tol dh dh(prev) dh(last)
0.290214996775	1	-6.24167e-13	9001	50	0.0005	0.0001	0.0001	5e-05
