# a = 0.100000
# b = 1.000000
# E = 500.000000
# tol = 0.000010
# s12 = 0.554977
# s13 = 0.152971
# psi0 = 0.822075 + I0.000000	0.548446 + I0.000000	0.152971 + I0.000000
# dh = 0.000100
# out = data200215/E5e2_tol1e-5.log
# model = sun
# H0 = 
#	 0.000000e+00 0.000000e+00 0.000000e+00
#	 0.000000e+00 2.659396e+02 0.000000e+00
#	 0.000000e+00 0.000000e+00 8.703920e+03
# W = 
#	 6.758072e-01 4.508635e-01 1.257533e-01
#	 4.508635e-01 3.007928e-01 8.389608e-02
#	 1.257533e-01 8.389608e-02 2.340000e-02
# H0W = 
#	 0.000000e+00 -1.199025e+02 -1.094547e+03
#	 1.199025e+02 0.000000e+00 -7.079134e+02
#	 1.094547e+03 7.079134e+02 0.000000e+00
# H0H0W = 
#	 0.000000e+00 3.188681e+04 9.526845e+06
#	 3.188681e+04 0.000000e+00 5.973360e+06
#	 9.526845e+06 5.973360e+06 0.000000e+00
# WH0W = 
#	 3.834049e+02 1.358854e+02 -1.023203e+03
#	 1.358854e+02 1.066302e+01 -7.049394e+02
#	 -1.023203e+03 -7.049394e+02 -3.940680e+02
#################################################
##            CALCULATION COMPLETED            ##
#################################################
# Psi[0]^2 = 0.000027 + I0.000000
# Psi[1]^2 = 0.007610 + I0.000000
# Psi[2]^2 = 0.992363 + I0.000000
# phi0 = -0.727304 
# phi1 = 2.759238 
# phi2 = 2.276306 
# Psi = 
#	-3.429648e-03+i(3.853215e-03)
#	3.254885e-02+i(-8.093793e-02)
#	7.583684e-01+i(-6.459414e-01)
#ProbSurv b 1-|Psi|^2 calls E tol dh dh(prev) dh(last)
0.0255284240135	1	-2.58904e-13	9001	500	1e-05	0.0001	0.0001	5e-05
