# a = 0.100000
# b = 1.000000
# E = 5000.000000
# tol = 0.000100
# s12 = 0.554977
# s13 = 0.152971
# psi0 = 0.822075 + I0.000000	0.548446 + I0.000000	0.152971 + I0.000000
# dh = 0.000100
# out = data200215/E5e3_tol1e-4.log
# model = sun
# H0 = 
#	 0.000000e+00 0.000000e+00 0.000000e+00
#	 0.000000e+00 2.659396e+01 0.000000e+00
#	 0.000000e+00 0.000000e+00 8.703920e+02
# W = 
#	 6.758072e-01 4.508635e-01 1.257533e-01
#	 4.508635e-01 3.007928e-01 8.389608e-02
#	 1.257533e-01 8.389608e-02 2.340000e-02
# H0W = 
#	 0.000000e+00 -1.199025e+01 -1.094547e+02
#	 1.199025e+01 0.000000e+00 -7.079134e+01
#	 1.094547e+02 7.079134e+01 0.000000e+00
# H0H0W = 
#	 0.000000e+00 3.188681e+02 9.526845e+04
#	 3.188681e+02 0.000000e+00 5.973360e+04
#	 9.526845e+04 5.973360e+04 0.000000e+00
# WH0W = 
#	 3.834049e+01 1.358854e+01 -1.023203e+02
#	 1.358854e+01 1.066302e+00 -7.049394e+01
#	 -1.023203e+02 -7.049394e+01 -3.940680e+01
#################################################
##            CALCULATION COMPLETED            ##
#################################################
# Psi[0]^2 = 0.000001 + I0.000000
# Psi[1]^2 = 0.000046 + I0.000000
# Psi[2]^2 = 0.999953 + I0.000000
# phi0 = 1.888407 
# phi1 = 2.058063 
# phi2 = -1.685597 
# Psi = 
#	9.695302e-04+i(-3.187233e-04)
#	6.007846e-03+i(-3.183454e-03)
#	-9.933941e-01+i(-1.145463e-01)
#ProbSurv b 1-|Psi|^2 calls E tol dh dh(prev) dh(last)
0.0234135030106	1	-8.08242e-14	9001	5000	0.0001	0.0001	0.0001	5e-05
