# a = 0.100000
# b = 1.000000
# E = 500000.000000
# tol = 0.000100
# s12 = 0.554977
# s13 = 0.152971
# psi0 = 0.822075 + I0.000000	0.548446 + I0.000000	0.152971 + I0.000000
# dh = 0.000100
# out = data200215/E5e5_tol1e-4.log
# model = sun
# H0 = 
#	 0.000000e+00 0.000000e+00 0.000000e+00
#	 0.000000e+00 2.659396e-01 0.000000e+00
#	 0.000000e+00 0.000000e+00 8.703920e+00
# W = 
#	 6.758072e-01 4.508635e-01 1.257533e-01
#	 4.508635e-01 3.007928e-01 8.389608e-02
#	 1.257533e-01 8.389608e-02 2.340000e-02
# H0W = 
#	 0.000000e+00 -1.199025e-01 -1.094547e+00
#	 1.199025e-01 0.000000e+00 -7.079134e-01
#	 1.094547e+00 7.079134e-01 0.000000e+00
# H0H0W = 
#	 0.000000e+00 3.188681e-02 9.526845e+00
#	 3.188681e-02 0.000000e+00 5.973360e+00
#	 9.526845e+00 5.973360e+00 0.000000e+00
# WH0W = 
#	 3.834049e-01 1.358854e-01 -1.023203e+00
#	 1.358854e-01 1.066302e-02 -7.049394e-01
#	 -1.023203e+00 -7.049394e-01 -3.940680e-01
#################################################
##            CALCULATION COMPLETED            ##
#################################################
# Psi[0]^2 = 0.609339 + I0.000000
# Psi[1]^2 = 0.288146 + I0.000000
# Psi[2]^2 = 0.102515 + I0.000000
# phi0 = 2.416034 
# phi1 = 2.452490 
# phi2 = -2.503595 
# Psi = 
#	5.179711e-01+i(-5.839908e-01)
#	3.413164e-01+i(-4.143054e-01)
#	-1.906951e-01+i(-2.571967e-01)
#ProbSurv b 1-|Psi|^2 calls E tol dh dh(prev) dh(last)
0.500866979111	1	-7.9492e-14	9001	500000	0.0001	0.0001	0.0001	5e-05
