# a = 0.100000
# b = 1.000000
# E = 50000000.000000
# tol = 0.005000
# s12 = 0.554977
# s13 = 0.152971
# psi0 = 0.822075 + I0.000000	0.548446 + I0.000000	0.152971 + I0.000000
# dh = 0.000100
# out = data200215/E5e7_tol5e-3.log
# model = sun
# H0 = 
#	 0.000000e+00 0.000000e+00 0.000000e+00
#	 0.000000e+00 2.659396e-03 0.000000e+00
#	 0.000000e+00 0.000000e+00 8.703920e-02
# W = 
#	 6.758072e-01 4.508635e-01 1.257533e-01
#	 4.508635e-01 3.007928e-01 8.389608e-02
#	 1.257533e-01 8.389608e-02 2.340000e-02
# H0W = 
#	 0.000000e+00 -1.199025e-03 -1.094547e-02
#	 1.199025e-03 0.000000e+00 -7.079134e-03
#	 1.094547e-02 7.079134e-03 0.000000e+00
# H0H0W = 
#	 0.000000e+00 3.188681e-06 9.526845e-04
#	 3.188681e-06 0.000000e+00 5.973360e-04
#	 9.526845e-04 5.973360e-04 0.000000e+00
# WH0W = 
#	 3.834049e-03 1.358854e-03 -1.023203e-02
#	 1.358854e-03 1.066302e-04 -7.049394e-03
#	 -1.023203e-02 -7.049394e-03 -3.940680e-03
#################################################
##            CALCULATION COMPLETED            ##
#################################################
# Psi[0]^2 = 0.675375 + I0.000000
# Psi[1]^2 = 0.300780 + I0.000000
# Psi[2]^2 = 0.023846 + I0.000000
# phi0 = 2.200603 
# phi1 = 2.200967 
# phi2 = 2.212539 
# Psi = 
#	6.641400e-01+i(-4.840379e-01)
#	4.430945e-01+i(-3.231828e-01)
#	1.236989e-01+i(-9.243482e-02)
#ProbSurv b 1-|Psi|^2 calls E tol dh dh(prev) dh(last)
0.547453381269	1	-1.10134e-13	9001	5e+07	0.005	0.0001	0.0001	5e-05
