# a = 0.100000
# b = 1.000000
# E = 0.010000
# tol = 0.000000
# s12 = 0.554977
# s13 = 0.152971
# psi0 = 0.822075 + I0.000000	0.548446 + I0.000000	0.152971 + I0.000000
# dh = 0.000100
# out = data200215/E1e-2_tol1e-7.log
# model = sun
# H0 = 
#	 0.000000e+00 0.000000e+00 0.000000e+00
#	 0.000000e+00 1.329698e+07 0.000000e+00
#	 0.000000e+00 0.000000e+00 4.351960e+08
# W = 
#	 6.758072e-01 4.508635e-01 1.257533e-01
#	 4.508635e-01 3.007928e-01 8.389608e-02
#	 1.257533e-01 8.389608e-02 2.340000e-02
# H0W = 
#	 0.000000e+00 -5.995123e+06 -5.472733e+07
#	 5.995123e+06 0.000000e+00 -3.539567e+07
#	 5.472733e+07 3.539567e+07 0.000000e+00
# H0H0W = 
#	 0.000000e+00 7.971702e+13 2.381711e+16
#	 7.971702e+13 0.000000e+00 1.493340e+16
#	 2.381711e+16 1.493340e+16 0.000000e+00
# WH0W = 
#	 1.917025e+07 6.794272e+06 -5.116015e+07
#	 6.794272e+06 5.331512e+05 -3.524697e+07
#	 -5.116015e+07 -3.524697e+07 -1.970340e+07
#################################################
##            CALCULATION COMPLETED            ##
#################################################
# Psi[0]^2 = 0.675102 + I0.000000
# Psi[1]^2 = 0.301496 + I0.000000
# Psi[2]^2 = 0.023402 + I0.000000
# phi0 = -1.498926 
# phi1 = -2.836897 
# phi2 = -0.795739 
# Psi = 
#	-8.195248e-01+i(5.900114e-02)
#	-1.647276e-01+i(-5.237942e-01)
#	-1.092849e-01+i(1.070478e-01)
#ProbSurv b 1-|Psi|^2 calls E tol dh dh(prev) dh(last)
0.547474097531	1	5.10166e-09	1289194481	0.01	1e-07	0.0001	6.9811e-10	5.89764e-10
# a = 0.100000
# b = 1.000000
# E = 0.050000
# tol = 0.000000
# s12 = 0.554977
# s13 = 0.152971
# psi0 = 0.822075 + I0.000000	0.548446 + I0.000000	0.152971 + I0.000000
# dh = 0.000100
# out = data200215/E5e-2_tol1e-7.log
# model = sun
# H0 = 
#	 0.000000e+00 0.000000e+00 0.000000e+00
#	 0.000000e+00 2.659396e+06 0.000000e+00
#	 0.000000e+00 0.000000e+00 8.703920e+07
# W = 
#	 6.758072e-01 4.508635e-01 1.257533e-01
#	 4.508635e-01 3.007928e-01 8.389608e-02
#	 1.257533e-01 8.389608e-02 2.340000e-02
# H0W = 
#	 0.000000e+00 -1.199025e+06 -1.094547e+07
#	 1.199025e+06 0.000000e+00 -7.079134e+06
#	 1.094547e+07 7.079134e+06 0.000000e+00
# H0H0W = 
#	 0.000000e+00 3.188681e+12 9.526845e+14
#	 3.188681e+12 0.000000e+00 5.973360e+14
#	 9.526845e+14 5.973360e+14 0.000000e+00
# WH0W = 
#	 3.834049e+06 1.358854e+06 -1.023203e+07
#	 1.358854e+06 1.066302e+05 -7.049394e+06
#	 -1.023203e+07 -7.049394e+06 -3.940680e+06
#################################################
##            CALCULATION COMPLETED            ##
#################################################
# Psi[0]^2 = 0.672268 + I0.000000
# Psi[1]^2 = 0.304320 + I0.000000
# Psi[2]^2 = 0.023412 + I0.000000
# phi0 = -3.039524 
# phi1 = 2.122283 
# phi2 = 2.690632 
# Psi = 
#	-8.354320e-02+i(-8.156520e-01)
#	4.698678e-01+i(-2.890405e-01)
#	6.668655e-02+i(-1.377138e-01)
#ProbSurv b 1-|Psi|^2 calls E tol dh dh(prev) dh(last)
0.546408464151	1	1.06434e-09	238682230	0.05	1e-07	0.0001	3.7707e-09	2.59159e-09
# a = 0.100000
# b = 1.000000
# E = 0.100000
# tol = 0.000000
# s12 = 0.554977
# s13 = 0.152971
# psi0 = 0.822075 + I0.000000	0.548446 + I0.000000	0.152971 + I0.000000
# dh = 0.000100
# out = data200215/E1e-1_tol1e-7.log
# model = sun
# H0 = 
#	 0.000000e+00 0.000000e+00 0.000000e+00
#	 0.000000e+00 1.329698e+06 0.000000e+00
#	 0.000000e+00 0.000000e+00 4.351960e+07
# W = 
#	 6.758072e-01 4.508635e-01 1.257533e-01
#	 4.508635e-01 3.007928e-01 8.389608e-02
#	 1.257533e-01 8.389608e-02 2.340000e-02
# H0W = 
#	 0.000000e+00 -5.995123e+05 -5.472733e+06
#	 5.995123e+05 0.000000e+00 -3.539567e+06
#	 5.472733e+06 3.539567e+06 0.000000e+00
# H0H0W = 
#	 0.000000e+00 7.971702e+11 2.381711e+14
#	 7.971702e+11 0.000000e+00 1.493340e+14
#	 2.381711e+14 1.493340e+14 0.000000e+00
# WH0W = 
#	 1.917025e+06 6.794272e+05 -5.116015e+06
#	 6.794272e+05 5.331512e+04 -3.524697e+06
#	 -5.116015e+06 -3.524697e+06 -1.970340e+06
#################################################
##            CALCULATION COMPLETED            ##
#################################################
# Psi[0]^2 = 0.668694 + I0.000000
# Psi[1]^2 = 0.307882 + I0.000000
# Psi[2]^2 = 0.023424 + I0.000000
# phi0 = 1.310509 
# phi1 = 2.858000 
# phi2 = -0.793972 
# Psi = 
#	7.901924e-01+i(2.104517e-01)
#	1.552565e-01+i(-5.327073e-01)
#	-1.091468e-01+i(1.072910e-01)
#ProbSurv b 1-|Psi|^2 calls E tol dh dh(prev) dh(last)
0.545064913075	1	5.96149e-10	104327382	0.1	1e-07	0.0001	8.62669e-09	8.57366e-09
# a = 0.100000
# b = 1.000000
# E = 0.500000
# tol = 0.000000
# s12 = 0.554977
# s13 = 0.152971
# psi0 = 0.822075 + I0.000000	0.548446 + I0.000000	0.152971 + I0.000000
# dh = 0.000100
# out = data200215/E5e-1_tol1e-7.log
# model = sun
# H0 = 
#	 0.000000e+00 0.000000e+00 0.000000e+00
#	 0.000000e+00 2.659396e+05 0.000000e+00
#	 0.000000e+00 0.000000e+00 8.703920e+06
# W = 
#	 6.758072e-01 4.508635e-01 1.257533e-01
#	 4.508635e-01 3.007928e-01 8.389608e-02
#	 1.257533e-01 8.389608e-02 2.340000e-02
# H0W = 
#	 0.000000e+00 -1.199025e+05 -1.094547e+06
#	 1.199025e+05 0.000000e+00 -7.079134e+05
#	 1.094547e+06 7.079134e+05 0.000000e+00
# H0H0W = 
#	 0.000000e+00 3.188681e+10 9.526845e+12
#	 3.188681e+10 0.000000e+00 5.973360e+12
#	 9.526845e+12 5.973360e+12 0.000000e+00
# WH0W = 
#	 3.834049e+05 1.358854e+05 -1.023203e+06
#	 1.358854e+05 1.066302e+04 -7.049394e+05
#	 -1.023203e+06 -7.049394e+05 -3.940680e+05
#################################################
##            CALCULATION COMPLETED            ##
#################################################
# Psi[0]^2 = 0.638923 + I0.000000
# Psi[1]^2 = 0.337554 + I0.000000
# Psi[2]^2 = 0.023522 + I0.000000
# phi0 = -1.880265 
# phi1 = -1.231065 
# phi2 = 0.538762 
# Psi = 
#	-7.613552e-01+i(-2.434373e-01)
#	-5.477869e-01+i(1.936071e-01)
#	7.869014e-02+i(1.316443e-01)
#ProbSurv b 1-|Psi|^2 calls E tol dh dh(prev) dh(last)
0.533873361416	1	1.94503e-10	11805709	0.5	1e-07	0.0001	7.62343e-08	3.99228e-08
# a = 0.100000
# b = 1.000000
# E = 1.000000
# tol = 0.000000
# s12 = 0.554977
# s13 = 0.152971
# psi0 = 0.822075 + I0.000000	0.548446 + I0.000000	0.152971 + I0.000000
# dh = 0.000100
# out = data200215/E1e0_tol1e-7.log
# model = sun
# H0 = 
#	 0.000000e+00 0.000000e+00 0.000000e+00
#	 0.000000e+00 1.329698e+05 0.000000e+00
#	 0.000000e+00 0.000000e+00 4.351960e+06
# W = 
#	 6.758072e-01 4.508635e-01 1.257533e-01
#	 4.508635e-01 3.007928e-01 8.389608e-02
#	 1.257533e-01 8.389608e-02 2.340000e-02
# H0W = 
#	 0.000000e+00 -5.995123e+04 -5.472733e+05
#	 5.995123e+04 0.000000e+00 -3.539567e+05
#	 5.472733e+05 3.539567e+05 0.000000e+00
# H0H0W = 
#	 0.000000e+00 7.971702e+09 2.381711e+12
#	 7.971702e+09 0.000000e+00 1.493340e+12
#	 2.381711e+12 1.493340e+12 0.000000e+00
# WH0W = 
#	 1.917025e+05 6.794272e+04 -5.116015e+05
#	 6.794272e+04 5.331512e+03 -3.524697e+05
#	 -5.116015e+05 -3.524697e+05 -1.970340e+05
#################################################
##            CALCULATION COMPLETED            ##
#################################################
# Psi[0]^2 = 0.598985 + I0.000000
# Psi[1]^2 = 0.377370 + I0.000000
# Psi[2]^2 = 0.023646 + I0.000000
# phi0 = 2.852132 
# phi1 = -3.006940 
# phi2 = -1.602535 
# Psi = 
#	2.209099e-01+i(-7.417435e-01)
#	-8.246772e-02+i(-6.087437e-01)
#	-1.536940e-01+i(-4.879637e-03)
#ProbSurv b 1-|Psi|^2 calls E tol dh dh(prev) dh(last)
0.518861494885	1	1.16391e-10	4839767	1	1e-07	0.0001	1.85959e-07	1.00616e-07
# a = 0.100000
# b = 1.000000
# E = 5.000000
# tol = 0.000000
# s12 = 0.554977
# s13 = 0.152971
# psi0 = 0.822075 + I0.000000	0.548446 + I0.000000	0.152971 + I0.000000
# dh = 0.000100
# out = data200215/E5e0_tol1e-7.log
# model = sun
# H0 = 
#	 0.000000e+00 0.000000e+00 0.000000e+00
#	 0.000000e+00 2.659396e+04 0.000000e+00
#	 0.000000e+00 0.000000e+00 8.703920e+05
# W = 
#	 6.758072e-01 4.508635e-01 1.257533e-01
#	 4.508635e-01 3.007928e-01 8.389608e-02
#	 1.257533e-01 8.389608e-02 2.340000e-02
# H0W = 
#	 0.000000e+00 -1.199025e+04 -1.094547e+05
#	 1.199025e+04 0.000000e+00 -7.079134e+04
#	 1.094547e+05 7.079134e+04 0.000000e+00
# H0H0W = 
#	 0.000000e+00 3.188681e+08 9.526845e+10
#	 3.188681e+08 0.000000e+00 5.973360e+10
#	 9.526845e+10 5.973360e+10 0.000000e+00
# WH0W = 
#	 3.834049e+04 1.358854e+04 -1.023203e+05
#	 1.358854e+04 1.066302e+03 -7.049394e+04
#	 -1.023203e+05 -7.049394e+04 -3.940680e+04
#################################################
##            CALCULATION COMPLETED            ##
#################################################
# Psi[0]^2 = 0.270365 + I0.000000
# Psi[1]^2 = 0.704969 + I0.000000
# Psi[2]^2 = 0.024667 + I0.000000
# phi0 = -1.359679 
# phi1 = -0.688786 
# phi2 = -0.313890 
# Psi = 
#	-5.084213e-01+i(1.089604e-01)
#	-5.336657e-01+i(6.482048e-01)
#	-4.849299e-02+i(1.493830e-01)
#ProbSurv b 1-|Psi|^2 calls E tol dh dh(prev) dh(last)
0.395341012704	1	4.45618e-11	341145	5	1e-07	0.0001	2.63819e-06	1.38204e-06
# a = 0.100000
# b = 1.000000
# E = 10.000000
# tol = 0.000000
# s12 = 0.554977
# s13 = 0.152971
# psi0 = 0.822075 + I0.000000	0.548446 + I0.000000	0.152971 + I0.000000
# dh = 0.000100
# out = data200215/E1e1_tol1e-7.log
# model = sun
# H0 = 
#	 0.000000e+00 0.000000e+00 0.000000e+00
#	 0.000000e+00 1.329698e+04 0.000000e+00
#	 0.000000e+00 0.000000e+00 4.351960e+05
# W = 
#	 6.758072e-01 4.508635e-01 1.257533e-01
#	 4.508635e-01 3.007928e-01 8.389608e-02
#	 1.257533e-01 8.389608e-02 2.340000e-02
# H0W = 
#	 0.000000e+00 -5.995123e+03 -5.472733e+04
#	 5.995123e+03 0.000000e+00 -3.539567e+04
#	 5.472733e+04 3.539567e+04 0.000000e+00
# H0H0W = 
#	 0.000000e+00 7.971702e+07 2.381711e+10
#	 7.971702e+07 0.000000e+00 1.493340e+10
#	 2.381711e+10 1.493340e+10 0.000000e+00
# WH0W = 
#	 1.917025e+04 6.794272e+03 -5.116015e+04
#	 6.794272e+03 5.331512e+02 -3.524697e+04
#	 -5.116015e+04 -3.524697e+04 -1.970340e+04
#################################################
##            CALCULATION COMPLETED            ##
#################################################
# Psi[0]^2 = 0.089744 + I0.000000
# Psi[1]^2 = 0.884219 + I0.000000
# Psi[2]^2 = 0.026037 + I0.000000
# phi0 = -0.974030 
# phi1 = 0.413306 
# phi2 = -1.091486 
# Psi = 
#	-2.477942e-01+i(1.683515e-01)
#	3.776729e-01+i(8.611518e-01)
#	-1.431757e-01+i(7.441328e-02)
#ProbSurv b 1-|Psi|^2 calls E tol dh dh(prev) dh(last)
0.327225787674	1	2.1016e-11	196257	10	1e-07	0.0001	4.58585e-06	4.43005e-06
# a = 0.100000
# b = 1.000000
# E = 50.000000
# tol = 0.000000
# s12 = 0.554977
# s13 = 0.152971
# psi0 = 0.822075 + I0.000000	0.548446 + I0.000000	0.152971 + I0.000000
# dh = 0.000100
# out = data200215/E5e1_tol1e-7.log
# model = sun
# H0 = 
#	 0.000000e+00 0.000000e+00 0.000000e+00
#	 0.000000e+00 2.659396e+03 0.000000e+00
#	 0.000000e+00 0.000000e+00 8.703920e+04
# W = 
#	 6.758072e-01 4.508635e-01 1.257533e-01
#	 4.508635e-01 3.007928e-01 8.389608e-02
#	 1.257533e-01 8.389608e-02 2.340000e-02
# H0W = 
#	 0.000000e+00 -1.199025e+03 -1.094547e+04
#	 1.199025e+03 0.000000e+00 -7.079134e+03
#	 1.094547e+04 7.079134e+03 0.000000e+00
# H0H0W = 
#	 0.000000e+00 3.188681e+06 9.526845e+08
#	 3.188681e+06 0.000000e+00 5.973360e+08
#	 9.526845e+08 5.973360e+08 0.000000e+00
# WH0W = 
#	 3.834049e+03 1.358854e+03 -1.023203e+04
#	 1.358854e+03 1.066302e+02 -7.049394e+03
#	 -1.023203e+04 -7.049394e+03 -3.940680e+03
#################################################
##            CALCULATION COMPLETED            ##
#################################################
# Psi[0]^2 = 0.003154 + I0.000000
# Psi[1]^2 = 0.954437 + I0.000000
# Psi[2]^2 = 0.042409 + I0.000000
# phi0 = -1.577024 
# phi1 = 2.389676 
# phi2 = 0.612307 
# Psi = 
#	-5.615708e-02+i(-3.497600e-04)
#	6.672981e-01+i(-7.135477e-01)
#	1.183625e-01+i(1.685216e-01)
#ProbSurv b 1-|Psi|^2 calls E tol dh dh(prev) dh(last)
0.290211482307	1	3.46767e-12	22338	50	1e-07	0.0001	4.02937e-05	2.06106e-05
# a = 0.100000
# b = 1.000000
# E = 100.000000
# tol = 0.000000
# s12 = 0.554977
# s13 = 0.152971
# psi0 = 0.822075 + I0.000000	0.548446 + I0.000000	0.152971 + I0.000000
# dh = 0.000100
# out = data200215/E1e2_tol1e-7.log
# model = sun
# H0 = 
#	 0.000000e+00 0.000000e+00 0.000000e+00
#	 0.000000e+00 1.329698e+03 0.000000e+00
#	 0.000000e+00 0.000000e+00 4.351960e+04
# W = 
#	 6.758072e-01 4.508635e-01 1.257533e-01
#	 4.508635e-01 3.007928e-01 8.389608e-02
#	 1.257533e-01 8.389608e-02 2.340000e-02
# H0W = 
#	 0.000000e+00 -5.995123e+02 -5.472733e+03
#	 5.995123e+02 0.000000e+00 -3.539567e+03
#	 5.472733e+03 3.539567e+03 0.000000e+00
# H0H0W = 
#	 0.000000e+00 7.971702e+05 2.381711e+08
#	 7.971702e+05 0.000000e+00 1.493340e+08
#	 2.381711e+08 1.493340e+08 0.000000e+00
# WH0W = 
#	 1.917025e+03 6.794272e+02 -5.116015e+03
#	 6.794272e+02 5.331512e+01 -3.524697e+03
#	 -5.116015e+03 -3.524697e+03 -1.970340e+03
#################################################
##            CALCULATION COMPLETED            ##
#################################################
# Psi[0]^2 = 0.000794 + I0.000000
# Psi[1]^2 = 0.904952 + I0.000000
# Psi[2]^2 = 0.094254 + I0.000000
# phi0 = 2.240118 
# phi1 = 2.007128 
# phi2 = 2.274513 
# Psi = 
#	2.209494e-02+i(-1.748041e-02)
#	8.621616e-01+i(-4.020319e-01)
#	2.340761e-01+i(-1.986514e-01)
#ProbSurv b 1-|Psi|^2 calls E tol dh dh(prev) dh(last)
 0.27494507982	1	1.38212e-12	9001	100	1e-07	0.0001	0.0001	5e-05
# a = 0.100000
# b = 1.000000
# E = 500.000000
# tol = 0.000000
# s12 = 0.554977
# s13 = 0.152971
# psi0 = 0.822075 + I0.000000	0.548446 + I0.000000	0.152971 + I0.000000
# dh = 0.000100
# out = data200215/E5e2_tol1e-7.log
# model = sun
# H0 = 
#	 0.000000e+00 0.000000e+00 0.000000e+00
#	 0.000000e+00 2.659396e+02 0.000000e+00
#	 0.000000e+00 0.000000e+00 8.703920e+03
# W = 
#	 6.758072e-01 4.508635e-01 1.257533e-01
#	 4.508635e-01 3.007928e-01 8.389608e-02
#	 1.257533e-01 8.389608e-02 2.340000e-02
# H0W = 
#	 0.000000e+00 -1.199025e+02 -1.094547e+03
#	 1.199025e+02 0.000000e+00 -7.079134e+02
#	 1.094547e+03 7.079134e+02 0.000000e+00
# H0H0W = 
#	 0.000000e+00 3.188681e+04 9.526845e+06
#	 3.188681e+04 0.000000e+00 5.973360e+06
#	 9.526845e+06 5.973360e+06 0.000000e+00
# WH0W = 
#	 3.834049e+02 1.358854e+02 -1.023203e+03
#	 1.358854e+02 1.066302e+01 -7.049394e+02
#	 -1.023203e+03 -7.049394e+02 -3.940680e+02
#################################################
##            CALCULATION COMPLETED            ##
#################################################
# Psi[0]^2 = 0.000027 + I0.000000
# Psi[1]^2 = 0.007610 + I0.000000
# Psi[2]^2 = 0.992363 + I0.000000
# phi0 = -0.727304 
# phi1 = 2.759238 
# phi2 = 2.276306 
# Psi = 
#	-3.429648e-03+i(3.853215e-03)
#	3.254885e-02+i(-8.093793e-02)
#	7.583684e-01+i(-6.459414e-01)
#ProbSurv b 1-|Psi|^2 calls E tol dh dh(prev) dh(last)
0.0255284240135	1	-2.58904e-13	9001	500	1e-07	0.0001	0.0001	5e-05
# a = 0.100000
# b = 1.000000
# E = 1000.000000
# tol = 0.000000
# s12 = 0.554977
# s13 = 0.152971
# psi0 = 0.822075 + I0.000000	0.548446 + I0.000000	0.152971 + I0.000000
# dh = 0.000100
# out = data200215/E1e3_tol1e-7.log
# model = sun
# H0 = 
#	 0.000000e+00 0.000000e+00 0.000000e+00
#	 0.000000e+00 1.329698e+02 0.000000e+00
#	 0.000000e+00 0.000000e+00 4.351960e+03
# W = 
#	 6.758072e-01 4.508635e-01 1.257533e-01
#	 4.508635e-01 3.007928e-01 8.389608e-02
#	 1.257533e-01 8.389608e-02 2.340000e-02
# H0W = 
#	 0.000000e+00 -5.995123e+01 -5.472733e+02
#	 5.995123e+01 0.000000e+00 -3.539567e+02
#	 5.472733e+02 3.539567e+02 0.000000e+00
# H0H0W = 
#	 0.000000e+00 7.971702e+03 2.381711e+06
#	 7.971702e+03 0.000000e+00 1.493340e+06
#	 2.381711e+06 1.493340e+06 0.000000e+00
# WH0W = 
#	 1.917025e+02 6.794272e+01 -5.116015e+02
#	 6.794272e+01 5.331512e+00 -3.524697e+02
#	 -5.116015e+02 -3.524697e+02 -1.970340e+02
#################################################
##            CALCULATION COMPLETED            ##
#################################################
# Psi[0]^2 = 0.000009 + I0.000000
# Psi[1]^2 = 0.001187 + I0.000000
# Psi[2]^2 = 0.998804 + I0.000000
# phi0 = 0.141547 
# phi1 = 0.395066 
# phi2 = 1.183018 
# Psi = 
#	4.140156e-04+i(2.905377e-03)
#	1.326147e-02+i(3.180289e-02)
#	9.251977e-01+i(3.779064e-01)
#ProbSurv b 1-|Psi|^2 calls E tol dh dh(prev) dh(last)
0.0237349648078	1	-6.92779e-14	9001	1000	1e-07	0.0001	0.0001	5e-05
# a = 0.100000
# b = 1.000000
# E = 5000.000000
# tol = 0.000000
# s12 = 0.554977
# s13 = 0.152971
# psi0 = 0.822075 + I0.000000	0.548446 + I0.000000	0.152971 + I0.000000
# dh = 0.000100
# out = data200215/E5e3_tol1e-7.log
# model = sun
# H0 = 
#	 0.000000e+00 0.000000e+00 0.000000e+00
#	 0.000000e+00 2.659396e+01 0.000000e+00
#	 0.000000e+00 0.000000e+00 8.703920e+02
# W = 
#	 6.758072e-01 4.508635e-01 1.257533e-01
#	 4.508635e-01 3.007928e-01 8.389608e-02
#	 1.257533e-01 8.389608e-02 2.340000e-02
# H0W = 
#	 0.000000e+00 -1.199025e+01 -1.094547e+02
#	 1.199025e+01 0.000000e+00 -7.079134e+01
#	 1.094547e+02 7.079134e+01 0.000000e+00
# H0H0W = 
#	 0.000000e+00 3.188681e+02 9.526845e+04
#	 3.188681e+02 0.000000e+00 5.973360e+04
#	 9.526845e+04 5.973360e+04 0.000000e+00
# WH0W = 
#	 3.834049e+01 1.358854e+01 -1.023203e+02
#	 1.358854e+01 1.066302e+00 -7.049394e+01
#	 -1.023203e+02 -7.049394e+01 -3.940680e+01
#################################################
##            CALCULATION COMPLETED            ##
#################################################
# Psi[0]^2 = 0.000001 + I0.000000
# Psi[1]^2 = 0.000046 + I0.000000
# Psi[2]^2 = 0.999953 + I0.000000
# phi0 = 1.888407 
# phi1 = 2.058063 
# phi2 = -1.685597 
# Psi = 
#	9.695302e-04+i(-3.187233e-04)
#	6.007846e-03+i(-3.183454e-03)
#	-9.933941e-01+i(-1.145463e-01)
#ProbSurv b 1-|Psi|^2 calls E tol dh dh(prev) dh(last)
0.0234135030106	1	-8.08242e-14	9001	5000	1e-07	0.0001	0.0001	5e-05
# a = 0.100000
# b = 1.000000
# E = 10000.000000
# tol = 0.000000
# s12 = 0.554977
# s13 = 0.152971
# psi0 = 0.822075 + I0.000000	0.548446 + I0.000000	0.152971 + I0.000000
# dh = 0.000100
# out = data200215/E1e4_tol1e-7.log
# model = sun
# H0 = 
#	 0.000000e+00 0.000000e+00 0.000000e+00
#	 0.000000e+00 1.329698e+01 0.000000e+00
#	 0.000000e+00 0.000000e+00 4.351960e+02
# W = 
#	 6.758072e-01 4.508635e-01 1.257533e-01
#	 4.508635e-01 3.007928e-01 8.389608e-02
#	 1.257533e-01 8.389608e-02 2.340000e-02
# H0W = 
#	 0.000000e+00 -5.995123e+00 -5.472733e+01
#	 5.995123e+00 0.000000e+00 -3.539567e+01
#	 5.472733e+01 3.539567e+01 0.000000e+00
# H0H0W = 
#	 0.000000e+00 7.971702e+01 2.381711e+04
#	 7.971702e+01 0.000000e+00 1.493340e+04
#	 2.381711e+04 1.493340e+04 0.000000e+00
# WH0W = 
#	 1.917025e+01 6.794272e+00 -5.116015e+01
#	 6.794272e+00 5.331512e-01 -3.524697e+01
#	 -5.116015e+01 -3.524697e+01 -1.970340e+01
#################################################
##            CALCULATION COMPLETED            ##
#################################################
# Psi[0]^2 = 0.000209 + I0.000000
# Psi[1]^2 = 0.002147 + I0.000000
# Psi[2]^2 = 0.997644 + I0.000000
# phi0 = 2.916746 
# phi1 = -1.161749 
# phi2 = -2.131439 
# Psi = 
#	3.221937e-03+i(-1.408719e-02)
#	-4.250989e-02+i(1.842798e-02)
#	-8.459158e-01+i(-5.311036e-01)
#ProbSurv b 1-|Psi|^2 calls E tol dh dh(prev) dh(last)
0.024131715995	1	-8.9484e-14	9001	10000	1e-07	0.0001	0.0001	5e-05
# a = 0.100000
# b = 1.000000
# E = 50000.000000
# tol = 0.000000
# s12 = 0.554977
# s13 = 0.152971
# psi0 = 0.822075 + I0.000000	0.548446 + I0.000000	0.152971 + I0.000000
# dh = 0.000100
# out = data200215/E5e4_tol1e-7.log
# model = sun
# H0 = 
#	 0.000000e+00 0.000000e+00 0.000000e+00
#	 0.000000e+00 2.659396e+00 0.000000e+00
#	 0.000000e+00 0.000000e+00 8.703920e+01
# W = 
#	 6.758072e-01 4.508635e-01 1.257533e-01
#	 4.508635e-01 3.007928e-01 8.389608e-02
#	 1.257533e-01 8.389608e-02 2.340000e-02
# H0W = 
#	 0.000000e+00 -1.199025e+00 -1.094547e+01
#	 1.199025e+00 0.000000e+00 -7.079134e+00
#	 1.094547e+01 7.079134e+00 0.000000e+00
# H0H0W = 
#	 0.000000e+00 3.188681e+00 9.526845e+02
#	 3.188681e+00 0.000000e+00 5.973360e+02
#	 9.526845e+02 5.973360e+02 0.000000e+00
# WH0W = 
#	 3.834049e+00 1.358854e+00 -1.023203e+01
#	 1.358854e+00 1.066302e-01 -7.049394e+00
#	 -1.023203e+01 -7.049394e+00 -3.940680e+00
#################################################
##            CALCULATION COMPLETED            ##
#################################################
# Psi[0]^2 = 0.168683 + I0.000000
# Psi[1]^2 = 0.134945 + I0.000000
# Psi[2]^2 = 0.696372 + I0.000000
# phi0 = -2.379957 
# phi1 = -2.004432 
# phi2 = -2.239259 
# Psi = 
#	-2.834340e-01+i(-2.972345e-01)
#	-3.333486e-01+i(-1.543499e-01)
#	-6.548863e-01+i(-5.171997e-01)
#ProbSurv b 1-|Psi|^2 calls E tol dh dh(prev) dh(last)
0.170882933499	1	-1.12799e-13	9001	50000	1e-07	0.0001	0.0001	5e-05
# a = 0.100000
# b = 1.000000
# E = 100000.000000
# tol = 0.000000
# s12 = 0.554977
# s13 = 0.152971
# psi0 = 0.822075 + I0.000000	0.548446 + I0.000000	0.152971 + I0.000000
# dh = 0.000100
# out = data200215/E1e5_tol1e-7.log
# model = sun
# H0 = 
#	 0.000000e+00 0.000000e+00 0.000000e+00
#	 0.000000e+00 1.329698e+00 0.000000e+00
#	 0.000000e+00 0.000000e+00 4.351960e+01
# W = 
#	 6.758072e-01 4.508635e-01 1.257533e-01
#	 4.508635e-01 3.007928e-01 8.389608e-02
#	 1.257533e-01 8.389608e-02 2.340000e-02
# H0W = 
#	 0.000000e+00 -5.995123e-01 -5.472733e+00
#	 5.995123e-01 0.000000e+00 -3.539567e+00
#	 5.472733e+00 3.539567e+00 0.000000e+00
# H0H0W = 
#	 0.000000e+00 7.971702e-01 2.381711e+02
#	 7.971702e-01 0.000000e+00 1.493340e+02
#	 2.381711e+02 1.493340e+02 0.000000e+00
# WH0W = 
#	 1.917025e+00 6.794272e-01 -5.116015e+00
#	 6.794272e-01 5.331512e-02 -3.524697e+00
#	 -5.116015e+00 -3.524697e+00 -1.970340e+00
#################################################
##            CALCULATION COMPLETED            ##
#################################################
# Psi[0]^2 = 0.339270 + I0.000000
# Psi[1]^2 = 0.203360 + I0.000000
# Psi[2]^2 = 0.457370 + I0.000000
# phi0 = 3.114876 
# phi1 = -2.980662 
# phi2 = 0.742310 
# Psi = 
#	1.555968e-02+i(-5.822610e-01)
#	-7.225939e-02+i(-4.451275e-01)
#	4.571675e-01+i(4.983653e-01)
#ProbSurv b 1-|Psi|^2 calls E tol dh dh(prev) dh(last)
0.301152737063	1	-6.03961e-14	9001	100000	1e-07	0.0001	0.0001	5e-05
# a = 0.100000
# b = 1.000000
# E = 500000.000000
# tol = 0.000000
# s12 = 0.554977
# s13 = 0.152971
# psi0 = 0.822075 + I0.000000	0.548446 + I0.000000	0.152971 + I0.000000
# dh = 0.000100
# out = data200215/E5e5_tol1e-7.log
# model = sun
# H0 = 
#	 0.000000e+00 0.000000e+00 0.000000e+00
#	 0.000000e+00 2.659396e-01 0.000000e+00
#	 0.000000e+00 0.000000e+00 8.703920e+00
# W = 
#	 6.758072e-01 4.508635e-01 1.257533e-01
#	 4.508635e-01 3.007928e-01 8.389608e-02
#	 1.257533e-01 8.389608e-02 2.340000e-02
# H0W = 
#	 0.000000e+00 -1.199025e-01 -1.094547e+00
#	 1.199025e-01 0.000000e+00 -7.079134e-01
#	 1.094547e+00 7.079134e-01 0.000000e+00
# H0H0W = 
#	 0.000000e+00 3.188681e-02 9.526845e+00
#	 3.188681e-02 0.000000e+00 5.973360e+00
#	 9.526845e+00 5.973360e+00 0.000000e+00
# WH0W = 
#	 3.834049e-01 1.358854e-01 -1.023203e+00
#	 1.358854e-01 1.066302e-02 -7.049394e-01
#	 -1.023203e+00 -7.049394e-01 -3.940680e-01
#################################################
##            CALCULATION COMPLETED            ##
#################################################
# Psi[0]^2 = 0.609339 + I0.000000
# Psi[1]^2 = 0.288146 + I0.000000
# Psi[2]^2 = 0.102515 + I0.000000
# phi0 = 2.416034 
# phi1 = 2.452490 
# phi2 = -2.503595 
# Psi = 
#	5.179711e-01+i(-5.839908e-01)
#	3.413164e-01+i(-4.143054e-01)
#	-1.906951e-01+i(-2.571967e-01)
#ProbSurv b 1-|Psi|^2 calls E tol dh dh(prev) dh(last)
0.500866979111	1	-7.9492e-14	9001	500000	1e-07	0.0001	0.0001	5e-05
# a = 0.100000
# b = 1.000000
# E = 1000000.000000
# tol = 0.000000
# s12 = 0.554977
# s13 = 0.152971
# psi0 = 0.822075 + I0.000000	0.548446 + I0.000000	0.152971 + I0.000000
# dh = 0.000100
# out = data200215/E1e6_tol1e-7.log
# model = sun
# H0 = 
#	 0.000000e+00 0.000000e+00 0.000000e+00
#	 0.000000e+00 1.329698e-01 0.000000e+00
#	 0.000000e+00 0.000000e+00 4.351960e+00
# W = 
#	 6.758072e-01 4.508635e-01 1.257533e-01
#	 4.508635e-01 3.007928e-01 8.389608e-02
#	 1.257533e-01 8.389608e-02 2.340000e-02
# H0W = 
#	 0.000000e+00 -5.995123e-02 -5.472733e-01
#	 5.995123e-02 0.000000e+00 -3.539567e-01
#	 5.472733e-01 3.539567e-01 0.000000e+00
# H0H0W = 
#	 0.000000e+00 7.971702e-03 2.381711e+00
#	 7.971702e-03 0.000000e+00 1.493340e+00
#	 2.381711e+00 1.493340e+00 0.000000e+00
# WH0W = 
#	 1.917025e-01 6.794272e-02 -5.116015e-01
#	 6.794272e-02 5.331512e-03 -3.524697e-01
#	 -5.116015e-01 -3.524697e-01 -1.970340e-01
#################################################
##            CALCULATION COMPLETED            ##
#################################################
# Psi[0]^2 = 0.648477 + I0.000000
# Psi[1]^2 = 0.297431 + I0.000000
# Psi[2]^2 = 0.054092 + I0.000000
# phi0 = 2.307848 
# phi1 = 2.326025 
# phi2 = 2.947555 
# Psi = 
#	5.962729e-01+i(-5.412357e-01)
#	3.970934e-01+i(-3.738281e-01)
#	4.484590e-02+i(-2.282120e-01)
#ProbSurv b 1-|Psi|^2 calls E tol dh dh(prev) dh(last)
0.528976503577	1	-8.39329e-14	9001	1e+06	1e-07	0.0001	0.0001	5e-05
# a = 0.100000
# b = 1.000000
# E = 5000000.000000
# tol = 0.000000
# s12 = 0.554977
# s13 = 0.152971
# psi0 = 0.822075 + I0.000000	0.548446 + I0.000000	0.152971 + I0.000000
# dh = 0.000100
# out = data200215/E5e6_tol1e-7.log
# model = sun
# H0 = 
#	 0.000000e+00 0.000000e+00 0.000000e+00
#	 0.000000e+00 2.659396e-02 0.000000e+00
#	 0.000000e+00 0.000000e+00 8.703920e-01
# W = 
#	 6.758072e-01 4.508635e-01 1.257533e-01
#	 4.508635e-01 3.007928e-01 8.389608e-02
#	 1.257533e-01 8.389608e-02 2.340000e-02
# H0W = 
#	 0.000000e+00 -1.199025e-02 -1.094547e-01
#	 1.199025e-02 0.000000e+00 -7.079134e-02
#	 1.094547e-01 7.079134e-02 0.000000e+00
# H0H0W = 
#	 0.000000e+00 3.188681e-04 9.526845e-02
#	 3.188681e-04 0.000000e+00 5.973360e-02
#	 9.526845e-02 5.973360e-02 0.000000e+00
# WH0W = 
#	 3.834049e-02 1.358854e-02 -1.023203e-01
#	 1.358854e-02 1.066302e-03 -7.049394e-02
#	 -1.023203e-01 -7.049394e-02 -3.940680e-02
#################################################
##            CALCULATION COMPLETED            ##
#################################################
# Psi[0]^2 = 0.671285 + I0.000000
# Psi[1]^2 = 0.300571 + I0.000000
# Psi[2]^2 = 0.028144 + I0.000000
# phi0 = 2.220153 
# phi1 = 2.223792 
# phi2 = 2.341145 
# Psi = 
#	6.525660e-01+i(-4.954214e-01)
#	4.354520e-01+i(-3.330958e-01)
#	1.203972e-01+i(-1.168269e-01)
#ProbSurv b 1-|Psi|^2 calls E tol dh dh(prev) dh(last)
0.544727287587	1	-1.05249e-13	9001	5e+06	1e-07	0.0001	0.0001	5e-05
# a = 0.100000
# b = 1.000000
# E = 10000000.000000
# tol = 0.000000
# s12 = 0.554977
# s13 = 0.152971
# psi0 = 0.822075 + I0.000000	0.548446 + I0.000000	0.152971 + I0.000000
# dh = 0.000100
# out = data200215/E1e7_tol1e-7.log
# model = sun
# H0 = 
#	 0.000000e+00 0.000000e+00 0.000000e+00
#	 0.000000e+00 1.329698e-02 0.000000e+00
#	 0.000000e+00 0.000000e+00 4.351960e-01
# W = 
#	 6.758072e-01 4.508635e-01 1.257533e-01
#	 4.508635e-01 3.007928e-01 8.389608e-02
#	 1.257533e-01 8.389608e-02 2.340000e-02
# H0W = 
#	 0.000000e+00 -5.995123e-03 -5.472733e-02
#	 5.995123e-03 0.000000e+00 -3.539567e-02
#	 5.472733e-02 3.539567e-02 0.000000e+00
# H0H0W = 
#	 0.000000e+00 7.971702e-05 2.381711e-02
#	 7.971702e-05 0.000000e+00 1.493340e-02
#	 2.381711e-02 1.493340e-02 0.000000e+00
# WH0W = 
#	 1.917025e-02 6.794272e-03 -5.116015e-02
#	 6.794272e-03 5.331512e-04 -3.524697e-02
#	 -5.116015e-02 -3.524697e-02 -1.970340e-02
#################################################
##            CALCULATION COMPLETED            ##
#################################################
# Psi[0]^2 = 0.673601 + I0.000000
# Psi[1]^2 = 0.300708 + I0.000000
# Psi[2]^2 = 0.025691 + I0.000000
# phi0 = 2.209279 
# phi1 = 2.211099 
# phi2 = 2.269324 
# Psi = 
#	6.590487e-01+i(-4.891377e-01)
#	4.397448e-01+i(-3.276161e-01)
#	1.227447e-01+i(-1.030779e-01)
#ProbSurv b 1-|Psi|^2 calls E tol dh dh(prev) dh(last)
0.546276247911	1	-9.21485e-14	9001	1e+07	1e-07	0.0001	0.0001	5e-05
# a = 0.100000
# b = 1.000000
# E = 50000000.000000
# tol = 0.000000
# s12 = 0.554977
# s13 = 0.152971
# psi0 = 0.822075 + I0.000000	0.548446 + I0.000000	0.152971 + I0.000000
# dh = 0.000100
# out = data200215/E5e7_tol1e-7.log
# model = sun
# H0 = 
#	 0.000000e+00 0.000000e+00 0.000000e+00
#	 0.000000e+00 2.659396e-03 0.000000e+00
#	 0.000000e+00 0.000000e+00 8.703920e-02
# W = 
#	 6.758072e-01 4.508635e-01 1.257533e-01
#	 4.508635e-01 3.007928e-01 8.389608e-02
#	 1.257533e-01 8.389608e-02 2.340000e-02
# H0W = 
#	 0.000000e+00 -1.199025e-03 -1.094547e-02
#	 1.199025e-03 0.000000e+00 -7.079134e-03
#	 1.094547e-02 7.079134e-03 0.000000e+00
# H0H0W = 
#	 0.000000e+00 3.188681e-06 9.526845e-04
#	 3.188681e-06 0.000000e+00 5.973360e-04
#	 9.526845e-04 5.973360e-04 0.000000e+00
# WH0W = 
#	 3.834049e-03 1.358854e-03 -1.023203e-02
#	 1.358854e-03 1.066302e-04 -7.049394e-03
#	 -1.023203e-02 -7.049394e-03 -3.940680e-03
#################################################
##            CALCULATION COMPLETED            ##
#################################################
# Psi[0]^2 = 0.675375 + I0.000000
# Psi[1]^2 = 0.300780 + I0.000000
# Psi[2]^2 = 0.023846 + I0.000000
# phi0 = 2.200603 
# phi1 = 2.200967 
# phi2 = 2.212539 
# Psi = 
#	6.641400e-01+i(-4.840379e-01)
#	4.430945e-01+i(-3.231828e-01)
#	1.236989e-01+i(-9.243482e-02)
#ProbSurv b 1-|Psi|^2 calls E tol dh dh(prev) dh(last)
0.547453381269	1	-1.10134e-13	9001	5e+07	1e-07	0.0001	0.0001	5e-05
